fecha,freq_hist_1,freq_10_1,freq_20_1,freq_50_1,ausencia_1,ciclo_1,last_1,last2_1,freq_hist_2,freq_10_2,freq_20_2,freq_50_2,ausencia_2,ciclo_2,last_2,last2_2,freq_hist_3,freq_10_3,freq_20_3,freq_50_3,ausencia_3,ciclo_3,last_3,last2_3,freq_hist_4,freq_10_4,freq_20_4,freq_50_4,ausencia_4,ciclo_4,last_4,last2_4,freq_hist_5,freq_10_5,freq_20_5,freq_50_5,ausencia_5,ciclo_5,last_5,last2_5,freq_hist_6,freq_10_6,freq_20_6,freq_50_6,ausencia_6,ciclo_6,last_6,last2_6,freq_hist_7,freq_10_7,freq_20_7,freq_50_7,ausencia_7,ciclo_7,last_7,last2_7,freq_hist_8,freq_10_8,freq_20_8,freq_50_8,ausencia_8,ciclo_8,last_8,last2_8,freq_hist_9,freq_10_9,freq_20_9,freq_50_9,ausencia_9,ciclo_9,last_9,last2_9,freq_hist_10,freq_10_10,freq_20_10,freq_50_10,ausencia_10,ciclo_10,last_10,last2_10,freq_hist_11,freq_10_11,freq_20_11,freq_50_11,ausencia_11,ciclo_11,last_11,last2_11,freq_hist_12,freq_10_12,freq_20_12,freq_50_12,ausencia_12,ciclo_12,last_12,last2_12,freq_hist_13,freq_10_13,freq_20_13,freq_50_13,ausencia_13,ciclo_13,last_13,last2_13,freq_hist_14,freq_10_14,freq_20_14,freq_50_14,ausencia_14,ciclo_14,last_14,last2_14,freq_hist_15,freq_10_15,freq_20_15,freq_50_15,ausencia_15,ciclo_15,last_15,last2_15,freq_hist_16,freq_10_16,freq_20_16,freq_50_16,ausencia_16,ciclo_16,last_16,last2_16,freq_hist_17,freq_10_17,freq_20_17,freq_50_17,ausencia_17,ciclo_17,last_17,last2_17,freq_hist_18,freq_10_18,freq_20_18,freq_50_18,ausencia_18,ciclo_18,last_18,last2_18,freq_hist_19,freq_10_19,freq_20_19,freq_50_19,ausencia_19,ciclo_19,last_19,last2_19,freq_hist_20,freq_10_20,freq_20_20,freq_50_20,ausencia_20,ciclo_20,last_20,last2_20,freq_hist_21,freq_10_21,freq_20_21,freq_50_21,ausencia_21,ciclo_21,last_21,last2_21,freq_hist_22,freq_10_22,freq_20_22,freq_50_22,ausencia_22,ciclo_22,last_22,last2_22,freq_hist_23,freq_10_23,freq_20_23,freq_50_23,ausencia_23,ciclo_23,last_23,last2_23,freq_hist_24,freq_10_24,freq_20_24,freq_50_24,ausencia_24,ciclo_24,last_24,last2_24,freq_hist_25,freq_10_25,freq_20_25,freq_50_25,ausencia_25,ciclo_25,last_25,last2_25,freq_hist_26,freq_10_26,freq_20_26,freq_50_26,ausencia_26,ciclo_26,last_26,last2_26,freq_hist_27,freq_10_27,freq_20_27,freq_50_27,ausencia_27,ciclo_27,last_27,last2_27,freq_hist_28,freq_10_28,freq_20_28,freq_50_28,ausencia_28,ciclo_28,last_28,last2_28,freq_hist_29,freq_10_29,freq_20_29,freq_50_29,ausencia_29,ciclo_29,last_29,last2_29,freq_hist_30,freq_10_30,freq_20_30,freq_50_30,ausencia_30,ciclo_30,last_30,last2_30,freq_hist_31,freq_10_31,freq_20_31,freq_50_31,ausencia_31,ciclo_31,last_31,last2_31,freq_hist_32,freq_10_32,freq_20_32,freq_50_32,ausencia_32,ciclo_32,last_32,last2_32,freq_hist_33,freq_10_33,freq_20_33,freq_50_33,ausencia_33,ciclo_33,last_33,last2_33,freq_hist_34,freq_10_34,freq_20_34,freq_50_34,ausencia_34,ciclo_34,last_34,last2_34,freq_hist_35,freq_10_35,freq_20_35,freq_50_35,ausencia_35,ciclo_35,last_35,last2_35,freq_hist_36,freq_10_36,freq_20_36,freq_50_36,ausencia_36,ciclo_36,last_36,last2_36,freq_hist_37,freq_10_37,freq_20_37,freq_50_37,ausencia_37,ciclo_37,last_37,last2_37,freq_hist_38,freq_10_38,freq_20_38,freq_50_38,ausencia_38,ciclo_38,last_38,last2_38,freq_hist_39,freq_10_39,freq_20_39,freq_50_39,ausencia_39,ciclo_39,last_39,last2_39,freq_hist_40,freq_10_40,freq_20_40,freq_50_40,ausencia_40,ciclo_40,last_40,last2_40,freq_hist_41,freq_10_41,freq_20_41,freq_50_41,ausencia_41,ciclo_41,last_41,last2_41,freq_hist_42,freq_10_42,freq_20_42,freq_50_42,ausencia_42,ciclo_42,last_42,last2_42,freq_hist_43,freq_10_43,freq_20_43,freq_50_43,ausencia_43,ciclo_43,last_43,last2_43,freq_hist_44,freq_10_44,freq_20_44,freq_50_44,ausencia_44,ciclo_44,last_44,last2_44,freq_hist_45,freq_10_45,freq_20_45,freq_50_45,ausencia_45,ciclo_45,last_45,last2_45,freq_hist_46,freq_10_46,freq_20_46,freq_50_46,ausencia_46,ciclo_46,last_46,last2_46,freq_hist_47,freq_10_47,freq_20_47,freq_50_47,ausencia_47,ciclo_47,last_47,last2_47,freq_hist_48,freq_10_48,freq_20_48,freq_50_48,ausencia_48,ciclo_48,last_48,last2_48,suma_prev,paridad_prev,rango_prev,prev_d1_12,prev_d13_24,prev_d25_36,prev_d37_48,sorteo_num,mes,dia_mes,dia_semana_num,target_1,target_2,target_3,target_4,target_5,target_6,target_7,target_8,target_9,target_10,target_11,target_12,target_13,target_14,target_15,target_16,target_17,target_18,target_19,target_20,target_21,target_22,target_23,target_24,target_25,target_26,target_27,target_28,target_29,target_30,target_31,target_32,target_33,target_34,target_35,target_36,target_37,target_38,target_39,target_40,target_41,target_42,target_43,target_44,target_45,target_46,target_47,target_48
2018-12-19,0.14,0.1,0.05,0.14,8.0,6.5,0.0,0.0,0.1,0.0,0.15,0.1,15.0,7.75,0.0,0.0,0.1,0.1,0.1,0.1,5.0,9.5,0.0,0.0,0.08,0.2,0.2,0.08,2.0,5.666666666666667,0.0,0.0,0.12,0.1,0.1,0.12,1.0,9.0,0.0,1.0,0.14,0.2,0.2,0.14,1.0,7.333333333333333,0.0,1.0,0.08,0.1,0.15,0.08,0.0,8.333333333333334,1.0,1.0,0.1,0.0,0.05,0.1,16.0,6.5,0.0,0.0,0.12,0.3,0.15,0.12,0.0,8.4,1.0,1.0,0.14,0.2,0.25,0.14,3.0,6.0,0.0,0.0,0.14,0.2,0.1,0.14,4.0,6.833333333333333,0.0,0.0,0.12,0.1,0.15,0.12,8.0,6.6,0.0,0.0,0.12,0.2,0.2,0.12,5.0,6.0,0.0,0.0,0.1,0.1,0.1,0.1,2.0,5.5,0.0,0.0,0.12,0.1,0.15,0.12,7.0,4.2,0.0,0.0,0.06,0.1,0.05,0.06,1.0,21.5,0.0,1.0,0.06,0.0,0.05,0.06,18.0,14.5,0.0,0.0,0.12,0.0,0.0,0.12,21.0,4.8,0.0,0.0,0.1,0.2,0.1,0.1,7.0,9.0,0.0,0.0,0.06,0.1,0.05,0.06,5.0,20.0,0.0,0.0,0.08,0.1,0.05,0.08,5.0,14.333333333333334,0.0,0.0,0.08,0.0,0.05,0.08,17.0,8.0,0.0,0.0,0.04,0.0,0.05,0.04,19.0,9.0,0.0,0.0,0.12,0.1,0.1,0.12,2.0,9.4,0.0,0.0,0.14,0.1,0.05,0.14,9.0,6.666666666666667,0.0,0.0,0.1,0.0,0.05,0.1,12.0,8.5,0.0,0.0,0.1,0.1,0.1,0.1,7.0,9.75,0.0,0.0,0.06,0.0,0.05,0.06,11.0,16.5,0.0,0.0,0.08,0.1,0.1,0.08,9.0,8.666666666666666,0.0,0.0,0.08,0.2,0.1,0.08,0.0,16.0,1.0,1.0,0.06,0.2,0.1,0.06,1.0,23.0,0.0,1.0,0.14,0.1,0.1,0.14,4.0,6.166666666666667,0.0,0.0,0.04,0.1,0.05,0.04,6.0,31.0,0.0,0.0,0.14,0.1,0.15,0.14,3.0,7.666666666666667,0.0,0.0,0.12,0.0,0.2,0.12,10.0,7.6,0.0,0.0,0.12,0.0,0.0,0.12,23.0,5.2,0.0,0.0,0.08,0.2,0.1,0.08,2.0,8.333333333333334,0.0,0.0,0.2,0.3,0.25,0.2,3.0,4.555555555555555,0.0,0.0,0.12,0.2,0.3,0.12,0.0,3.4,1.0,1.0,0.06,0.0,0.0,0.06,27.0,7.0,0.0,0.0,0.08,0.0,0.0,0.08,29.0,6.333333333333333,0.0,0.0,0.06,0.0,0.0,0.06,20.0,10.5,0.0,0.0,0.08,0.0,0.05,0.08,10.0,9.333333333333334,0.0,0.0,0.12,0.0,0.05,0.12,13.0,7.0,0.0,0.0,0.12,0.0,0.0,0.12,22.0,3.6,0.0,0.0,0.18,0.5,0.35,0.18,0.0,4.625,1.0,1.0,0.16,0.0,0.15,0.16,10.0,5.571428571428571,0.0,0.0,0.12,0.2,0.1,0.12,1.0,8.2,0.0,1.0,131.0,2.0,39.0,2.0,0.0,1.0,2.0,50.0,12.0,16.0,6.0,0,0,1,0,0,1,0,0,0,0,0,1,0,0,0,1,0,0,0,0,0,0,0,0,0,0,0,0,0,0,0,0,0,0,0,0,0,1,0,0,0,0,0,0,0,0,0,0
2018-12-23,0.13725490196078433,0.1,0.05,0.14,9.0,6.5,0.0,0.0,0.09803921568627451,0.0,0.1,0.1,16.0,7.75,0.0,0.0,0.11764705882352941,0.2,0.15,0.12,0.0,8.8,1.0,1.0,0.0784313725490196,0.2,0.15,0.08,3.0,5.666666666666667,0.0,0.0,0.11764705882352941,0.1,0.1,0.12,2.0,9.0,0.0,0.0,0.1568627450980392,0.3,0.25,0.16,0.0,6.571428571428571,1.0,1.0,0.0784313725490196,0.1,0.15,0.08,1.0,8.333333333333334,0.0,1.0,0.09803921568627451,0.0,0.05,0.1,17.0,6.5,0.0,0.0,0.11764705882352941,0.3,0.15,0.12,1.0,8.4,0.0,1.0,0.13725490196078433,0.1,0.25,0.14,4.0,6.0,0.0,0.0,0.13725490196078433,0.1,0.1,0.14,5.0,6.833333333333333,0.0,0.0,0.13725490196078433,0.2,0.2,0.14,0.0,7.0,1.0,1.0,0.11764705882352941,0.2,0.2,0.12,6.0,6.0,0.0,0.0,0.09803921568627451,0.1,0.1,0.1,3.0,5.5,0.0,0.0,0.11764705882352941,0.1,0.15,0.12,8.0,4.2,0.0,0.0,0.0784313725490196,0.2,0.1,0.08,0.0,15.0,1.0,1.0,0.058823529411764705,0.0,0.05,0.06,19.0,14.5,0.0,0.0,0.11764705882352941,0.0,0.0,0.12,22.0,4.8,0.0,0.0,0.09803921568627451,0.1,0.1,0.1,8.0,9.0,0.0,0.0,0.058823529411764705,0.1,0.05,0.06,6.0,20.0,0.0,0.0,0.0784313725490196,0.1,0.05,0.08,6.0,14.333333333333334,0.0,0.0,0.0784313725490196,0.0,0.05,0.08,18.0,8.0,0.0,0.0,0.0392156862745098,0.0,0.0,0.04,20.0,9.0,0.0,0.0,0.11764705882352941,0.1,0.1,0.1,3.0,9.4,0.0,0.0,0.13725490196078433,0.0,0.05,0.12,10.0,6.666666666666667,0.0,0.0,0.09803921568627451,0.0,0.05,0.1,13.0,8.5,0.0,0.0,0.09803921568627451,0.1,0.1,0.1,8.0,9.75,0.0,0.0,0.058823529411764705,0.0,0.05,0.06,12.0,16.5,0.0,0.0,0.0784313725490196,0.0,0.05,0.08,10.0,8.666666666666666,0.0,0.0,0.0784313725490196,0.2,0.1,0.08,1.0,16.0,0.0,1.0,0.058823529411764705,0.2,0.1,0.06,2.0,23.0,0.0,0.0,0.13725490196078433,0.1,0.1,0.14,5.0,6.166666666666667,0.0,0.0,0.0392156862745098,0.1,0.05,0.04,7.0,31.0,0.0,0.0,0.13725490196078433,0.1,0.15,0.12,4.0,7.666666666666667,0.0,0.0,0.11764705882352941,0.0,0.15,0.12,11.0,7.6,0.0,0.0,0.11764705882352941,0.0,0.0,0.1,24.0,5.2,0.0,0.0,0.0784313725490196,0.2,0.1,0.08,3.0,8.333333333333334,0.0,0.0,0.21568627450980393,0.4,0.3,0.22,0.0,4.5,1.0,1.0,0.11764705882352941,0.2,0.3,0.12,1.0,3.4,0.0,1.0,0.058823529411764705,0.0,0.0,0.06,28.0,7.0,0.0,0.0,0.0784313725490196,0.0,0.0,0.08,30.0,6.333333333333333,0.0,0.0,0.058823529411764705,0.0,0.0,0.06,21.0,10.5,0.0,0.0,0.0784313725490196,0.0,0.05,0.08,11.0,9.333333333333334,0.0,0.0,0.11764705882352941,0.0,0.05,0.12,14.0,7.0,0.0,0.0,0.11764705882352941,0.0,0.0,0.12,23.0,3.6,0.0,0.0,0.17647058823529413,0.5,0.35,0.18,1.0,4.625,0.0,1.0,0.1568627450980392,0.0,0.15,0.14,11.0,5.571428571428571,0.0,0.0,0.11764705882352941,0.2,0.1,0.12,2.0,8.2,0.0,0.0,75.0,4.0,35.0,3.0,1.0,0.0,1.0,51.0,12.0,19.0,2.0,0,0,0,0,0,0,0,0,0,0,0,0,0,0,0,0,0,0,0,0,0,0,0,0,0,0,0,1,0,0,0,0,1,0,0,0,0,0,0,0,1,0,0,1,0,0,1,0
2018-12-26,0.1346153846153846,0.0,0.05,0.14,10.0,6.5,0.0,0.0,0.09615384615384616,0.0,0.05,0.1,17.0,7.75,0.0,0.0,0.11538461538461539,0.2,0.15,0.12,1.0,8.8,0.0,1.0,0.07692307692307693,0.2,0.15,0.08,4.0,5.666666666666667,0.0,0.0,0.11538461538461539,0.1,0.1,0.12,3.0,9.0,0.0,0.0,0.15384615384615385,0.3,0.25,0.16,1.0,6.571428571428571,0.0,1.0,0.07692307692307693,0.1,0.15,0.08,2.0,8.333333333333334,0.0,0.0,0.09615384615384616,0.0,0.05,0.1,18.0,6.5,0.0,0.0,0.11538461538461539,0.3,0.15,0.12,2.0,8.4,0.0,0.0,0.1346153846153846,0.1,0.2,0.14,5.0,6.0,0.0,0.0,0.1346153846153846,0.1,0.1,0.14,6.0,6.833333333333333,0.0,0.0,0.1346153846153846,0.1,0.2,0.14,1.0,7.0,0.0,1.0,0.11538461538461539,0.1,0.2,0.12,7.0,6.0,0.0,0.0,0.09615384615384616,0.1,0.1,0.1,4.0,5.5,0.0,0.0,0.11538461538461539,0.1,0.1,0.12,9.0,4.2,0.0,0.0,0.07692307692307693,0.2,0.1,0.08,1.0,15.0,0.0,1.0,0.057692307692307696,0.0,0.0,0.06,20.0,14.5,0.0,0.0,0.11538461538461539,0.0,0.0,0.12,23.0,4.8,0.0,0.0,0.09615384615384616,0.1,0.1,0.1,9.0,9.0,0.0,0.0,0.057692307692307696,0.1,0.05,0.06,7.0,20.0,0.0,0.0,0.07692307692307693,0.1,0.05,0.06,7.0,14.333333333333334,0.0,0.0,0.07692307692307693,0.0,0.05,0.08,19.0,8.0,0.0,0.0,0.038461538461538464,0.0,0.0,0.04,21.0,9.0,0.0,0.0,0.11538461538461539,0.1,0.1,0.1,4.0,9.4,0.0,0.0,0.1346153846153846,0.0,0.05,0.12,11.0,6.666666666666667,0.0,0.0,0.09615384615384616,0.0,0.05,0.1,14.0,8.5,0.0,0.0,0.09615384615384616,0.1,0.1,0.1,9.0,9.75,0.0,0.0,0.07692307692307693,0.1,0.1,0.08,0.0,15.333333333333334,1.0,1.0,0.07692307692307693,0.0,0.05,0.08,11.0,8.666666666666666,0.0,0.0,0.07692307692307693,0.1,0.1,0.06,2.0,16.0,0.0,0.0,0.057692307692307696,0.2,0.1,0.06,3.0,23.0,0.0,0.0,0.1346153846153846,0.1,0.1,0.14,6.0,6.166666666666667,0.0,0.0,0.057692307692307696,0.2,0.1,0.06,0.0,19.5,1.0,1.0,0.1346153846153846,0.1,0.15,0.12,5.0,7.666666666666667,0.0,0.0,0.11538461538461539,0.0,0.1,0.1,12.0,7.6,0.0,0.0,0.11538461538461539,0.0,0.0,0.1,25.0,5.2,0.0,0.0,0.07692307692307693,0.2,0.1,0.08,4.0,8.333333333333334,0.0,0.0,0.21153846153846154,0.3,0.3,0.22,1.0,4.5,0.0,1.0,0.11538461538461539,0.2,0.3,0.12,2.0,3.4,0.0,0.0,0.057692307692307696,0.0,0.0,0.06,29.0,7.0,0.0,0.0,0.09615384615384616,0.1,0.05,0.08,0.0,12.5,1.0,1.0,0.057692307692307696,0.0,0.0,0.06,22.0,10.5,0.0,0.0,0.07692307692307693,0.0,0.05,0.08,12.0,9.333333333333334,0.0,0.0,0.1346153846153846,0.1,0.1,0.12,0.0,8.333333333333334,1.0,1.0,0.11538461538461539,0.0,0.0,0.12,24.0,3.6,0.0,0.0,0.17307692307692307,0.5,0.35,0.18,2.0,4.625,0.0,0.0,0.17307692307692307,0.1,0.2,0.16,0.0,6.375,1.0,1.0,0.11538461538461539,0.2,0.1,0.12,3.0,8.2,0.0,0.0,193.0,2.0,19.0,0.0,0.0,2.0,3.0,52.0,12.0,23.0,6.0,0,0,0,0,0,0,0,0,0,1,1,0,0,0,0,0,0,0,0,1,0,0,0,0,0,0,0,0,1,0,0,0,0,0,0,1,0,0,0,0,0,0,0,0,0,0,0,0
2018-12-30,0.1320754716981132,0.0,0.05,0.12,11.0,6.5,0.0,0.0,0.09433962264150944,0.0,0.05,0.1,18.0,7.75,0.0,0.0,0.11320754716981132,0.2,0.15,0.12,2.0,8.8,0.0,0.0,0.07547169811320754,0.2,0.1,0.08,5.0,5.666666666666667,0.0,0.0,0.11320754716981132,0.1,0.1,0.12,4.0,9.0,0.0,0.0,0.1509433962264151,0.3,0.25,0.16,2.0,6.571428571428571,0.0,0.0,0.07547169811320754,0.1,0.15,0.08,3.0,8.333333333333334,0.0,0.0,0.09433962264150944,0.0,0.05,0.1,19.0,6.5,0.0,0.0,0.11320754716981132,0.3,0.15,0.12,3.0,8.4,0.0,0.0,0.1509433962264151,0.2,0.25,0.16,0.0,6.0,1.0,1.0,0.1509433962264151,0.2,0.15,0.16,0.0,6.857142857142857,1.0,1.0,0.1320754716981132,0.1,0.15,0.14,2.0,7.0,0.0,0.0,0.11320754716981132,0.1,0.2,0.12,8.0,6.0,0.0,0.0,0.09433962264150944,0.1,0.1,0.1,5.0,5.5,0.0,0.0,0.11320754716981132,0.0,0.1,0.12,10.0,4.2,0.0,0.0,0.07547169811320754,0.2,0.1,0.08,2.0,15.0,0.0,0.0,0.05660377358490566,0.0,0.0,0.04,21.0,14.5,0.0,0.0,0.11320754716981132,0.0,0.0,0.12,24.0,4.8,0.0,0.0,0.09433962264150944,0.0,0.1,0.1,10.0,9.0,0.0,0.0,0.07547169811320754,0.2,0.1,0.08,0.0,16.0,1.0,1.0,0.07547169811320754,0.1,0.05,0.06,8.0,14.333333333333334,0.0,0.0,0.07547169811320754,0.0,0.0,0.08,20.0,8.0,0.0,0.0,0.03773584905660377,0.0,0.0,0.04,22.0,9.0,0.0,0.0,0.11320754716981132,0.1,0.1,0.1,5.0,9.4,0.0,0.0,0.1320754716981132,0.0,0.05,0.12,12.0,6.666666666666667,0.0,0.0,0.09433962264150944,0.0,0.05,0.1,15.0,8.5,0.0,0.0,0.09433962264150944,0.0,0.1,0.1,10.0,9.75,0.0,0.0,0.07547169811320754,0.1,0.1,0.08,1.0,15.333333333333334,0.0,1.0,0.09433962264150944,0.1,0.1,0.1,0.0,9.5,1.0,1.0,0.07547169811320754,0.1,0.1,0.06,3.0,16.0,0.0,0.0,0.05660377358490566,0.2,0.1,0.04,4.0,23.0,0.0,0.0,0.1320754716981132,0.1,0.1,0.14,7.0,6.166666666666667,0.0,0.0,0.05660377358490566,0.2,0.1,0.06,1.0,19.5,0.0,1.0,0.1320754716981132,0.1,0.15,0.1,6.0,7.666666666666667,0.0,0.0,0.11320754716981132,0.0,0.1,0.1,13.0,7.6,0.0,0.0,0.1320754716981132,0.1,0.05,0.12,0.0,8.666666666666666,1.0,1.0,0.07547169811320754,0.2,0.1,0.08,5.0,8.333333333333334,0.0,0.0,0.20754716981132076,0.2,0.3,0.22,2.0,4.5,0.0,0.0,0.11320754716981132,0.2,0.25,0.12,3.0,3.4,0.0,0.0,0.05660377358490566,0.0,0.0,0.06,30.0,7.0,0.0,0.0,0.09433962264150944,0.1,0.05,0.08,1.0,12.5,0.0,1.0,0.05660377358490566,0.0,0.0,0.06,23.0,10.5,0.0,0.0,0.07547169811320754,0.0,0.05,0.08,13.0,9.333333333333334,0.0,0.0,0.1320754716981132,0.1,0.1,0.1,1.0,8.333333333333334,0.0,1.0,0.11320754716981132,0.0,0.0,0.12,25.0,3.6,0.0,0.0,0.16981132075471697,0.4,0.3,0.18,3.0,4.625,0.0,0.0,0.16981132075471697,0.1,0.2,0.16,1.0,6.375,0.0,1.0,0.11320754716981132,0.2,0.1,0.12,4.0,8.2,0.0,0.0,106.0,3.0,26.0,2.0,1.0,2.0,0.0,53.0,12.0,26.0,2.0,0,0,1,0,0,0,1,0,0,0,0,0,0,0,0,0,0,0,0,0,0,1,0,0,0,1,0,0,0,1,0,0,0,0,0,0,0,0,0,0,0,0,0,0,0,0,0,0
2019-10-23,0.12962962962962962,0.0,0.05,0.12,12.0,6.5,0.0,0.0,0.09259259259259259,0.0,0.05,0.08,19.0,7.75,0.0,0.0,0.12962962962962962,0.3,0.2,0.14,0.0,7.833333333333333,1.0,1.0,0.07407407407407407,0.1,0.1,0.08,6.0,5.666666666666667,0.0,0.0,0.1111111111111111,0.1,0.1,0.1,5.0,9.0,0.0,0.0,0.14814814814814814,0.3,0.25,0.16,3.0,6.571428571428571,0.0,0.0,0.09259259259259259,0.2,0.15,0.1,0.0,7.25,1.0,1.0,0.09259259259259259,0.0,0.0,0.1,20.0,6.5,0.0,0.0,0.1111111111111111,0.2,0.15,0.12,4.0,8.4,0.0,0.0,0.14814814814814814,0.2,0.2,0.16,1.0,6.0,0.0,1.0,0.14814814814814814,0.2,0.15,0.16,1.0,6.857142857142857,0.0,1.0,0.12962962962962962,0.1,0.15,0.14,3.0,7.0,0.0,0.0,0.1111111111111111,0.1,0.2,0.12,9.0,6.0,0.0,0.0,0.09259259259259259,0.1,0.1,0.1,6.0,5.5,0.0,0.0,0.1111111111111111,0.0,0.1,0.12,11.0,4.2,0.0,0.0,0.07407407407407407,0.2,0.1,0.08,3.0,15.0,0.0,0.0,0.05555555555555555,0.0,0.0,0.02,22.0,14.5,0.0,0.0,0.1111111111111111,0.0,0.0,0.12,25.0,4.8,0.0,0.0,0.09259259259259259,0.0,0.1,0.1,11.0,9.0,0.0,0.0,0.07407407407407407,0.2,0.1,0.08,1.0,16.0,0.0,1.0,0.07407407407407407,0.1,0.05,0.06,9.0,14.333333333333334,0.0,0.0,0.09259259259259259,0.1,0.05,0.1,0.0,11.25,1.0,1.0,0.037037037037037035,0.0,0.0,0.04,23.0,9.0,0.0,0.0,0.1111111111111111,0.1,0.1,0.1,6.0,9.4,0.0,0.0,0.12962962962962962,0.0,0.05,0.12,13.0,6.666666666666667,0.0,0.0,0.1111111111111111,0.1,0.1,0.1,0.0,10.0,1.0,1.0,0.09259259259259259,0.0,0.1,0.08,11.0,9.75,0.0,0.0,0.07407407407407407,0.1,0.1,0.08,2.0,15.333333333333334,0.0,0.0,0.09259259259259259,0.1,0.1,0.1,1.0,9.5,0.0,1.0,0.09259259259259259,0.2,0.15,0.08,0.0,13.0,1.0,1.0,0.05555555555555555,0.2,0.1,0.04,5.0,23.0,0.0,0.0,0.12962962962962962,0.1,0.1,0.14,8.0,6.166666666666667,0.0,0.0,0.05555555555555555,0.1,0.1,0.06,2.0,19.5,0.0,0.0,0.12962962962962962,0.1,0.1,0.1,7.0,7.666666666666667,0.0,0.0,0.1111111111111111,0.0,0.1,0.1,14.0,7.6,0.0,0.0,0.12962962962962962,0.1,0.05,0.12,1.0,8.666666666666666,0.0,1.0,0.07407407407407407,0.2,0.1,0.08,6.0,8.333333333333334,0.0,0.0,0.2037037037037037,0.2,0.3,0.22,3.0,4.5,0.0,0.0,0.1111111111111111,0.2,0.25,0.12,4.0,3.4,0.0,0.0,0.05555555555555555,0.0,0.0,0.06,31.0,7.0,0.0,0.0,0.09259259259259259,0.1,0.05,0.08,2.0,12.5,0.0,0.0,0.05555555555555555,0.0,0.0,0.06,24.0,10.5,0.0,0.0,0.07407407407407407,0.0,0.05,0.08,14.0,9.333333333333334,0.0,0.0,0.12962962962962962,0.1,0.1,0.1,2.0,8.333333333333334,0.0,0.0,0.1111111111111111,0.0,0.0,0.12,26.0,3.6,0.0,0.0,0.16666666666666666,0.3,0.3,0.18,4.0,4.625,0.0,0.0,0.16666666666666666,0.1,0.15,0.16,2.0,6.375,0.0,0.0,0.1111111111111111,0.1,0.1,0.12,5.0,8.2,0.0,0.0,88.0,3.0,27.0,2.0,1.0,2.0,0.0,54.0,12.0,30.0,6.0,0,0,0,1,0,0,0,0,0,0,0,0,0,1,0,0,1,0,0,1,0,0,1,0,0,0,0,0,0,0,0,0,0,0,0,0,0,0,0,0,0,0,0,0,0,0,0,0
2019-10-28,0.12727272727272726,0.0,0.05,0.1,13.0,6.5,0.0,0.0,0.09090909090909091,0.0,0.0,0.08,20.0,7.75,0.0,0.0,0.12727272727272726,0.2,0.2,0.14,1.0,7.833333333333333,0.0,1.0,0.09090909090909091,0.2,0.15,0.1,0.0,6.0,1.0,1.0,0.10909090909090909,0.1,0.05,0.1,6.0,9.0,0.0,0.0,0.14545454545454545,0.3,0.25,0.14,4.0,6.571428571428571,0.0,0.0,0.09090909090909091,0.2,0.15,0.1,1.0,7.25,0.0,1.0,0.09090909090909091,0.0,0.0,0.1,21.0,6.5,0.0,0.0,0.10909090909090909,0.2,0.15,0.12,5.0,8.4,0.0,0.0,0.14545454545454545,0.2,0.2,0.16,2.0,6.0,0.0,0.0,0.14545454545454545,0.2,0.15,0.14,2.0,6.857142857142857,0.0,0.0,0.12727272727272726,0.1,0.15,0.14,4.0,7.0,0.0,0.0,0.10909090909090909,0.0,0.15,0.12,10.0,6.0,0.0,0.0,0.10909090909090909,0.2,0.15,0.12,0.0,5.8,1.0,1.0,0.10909090909090909,0.0,0.1,0.12,12.0,4.2,0.0,0.0,0.07272727272727272,0.2,0.1,0.08,4.0,15.0,0.0,0.0,0.07272727272727272,0.1,0.05,0.04,0.0,17.333333333333332,1.0,1.0,0.10909090909090909,0.0,0.0,0.1,26.0,4.8,0.0,0.0,0.09090909090909091,0.0,0.1,0.1,12.0,9.0,0.0,0.0,0.09090909090909091,0.2,0.15,0.08,0.0,12.5,1.0,1.0,0.07272727272727272,0.0,0.05,0.06,10.0,14.333333333333334,0.0,0.0,0.09090909090909091,0.1,0.05,0.1,1.0,11.25,0.0,1.0,0.05454545454545454,0.1,0.05,0.06,0.0,16.5,1.0,1.0,0.10909090909090909,0.1,0.1,0.1,7.0,9.4,0.0,0.0,0.12727272727272726,0.0,0.05,0.12,14.0,6.666666666666667,0.0,0.0,0.10909090909090909,0.1,0.1,0.1,1.0,10.0,0.0,1.0,0.09090909090909091,0.0,0.1,0.08,12.0,9.75,0.0,0.0,0.07272727272727272,0.1,0.1,0.08,3.0,15.333333333333334,0.0,0.0,0.09090909090909091,0.1,0.1,0.1,2.0,9.5,0.0,0.0,0.09090909090909091,0.2,0.15,0.08,1.0,13.0,0.0,1.0,0.05454545454545454,0.2,0.1,0.04,6.0,23.0,0.0,0.0,0.12727272727272726,0.1,0.1,0.14,9.0,6.166666666666667,0.0,0.0,0.05454545454545454,0.1,0.1,0.06,3.0,19.5,0.0,0.0,0.12727272727272726,0.1,0.05,0.1,8.0,7.666666666666667,0.0,0.0,0.10909090909090909,0.0,0.1,0.1,15.0,7.6,0.0,0.0,0.12727272727272726,0.1,0.05,0.12,2.0,8.666666666666666,0.0,0.0,0.07272727272727272,0.2,0.1,0.08,7.0,8.333333333333334,0.0,0.0,0.2,0.2,0.3,0.22,4.0,4.5,0.0,0.0,0.10909090909090909,0.2,0.25,0.12,5.0,3.4,0.0,0.0,0.05454545454545454,0.0,0.0,0.06,32.0,7.0,0.0,0.0,0.09090909090909091,0.1,0.05,0.08,3.0,12.5,0.0,0.0,0.05454545454545454,0.0,0.0,0.06,25.0,10.5,0.0,0.0,0.07272727272727272,0.0,0.05,0.08,15.0,9.333333333333334,0.0,0.0,0.12727272727272726,0.1,0.1,0.1,3.0,8.333333333333334,0.0,0.0,0.10909090909090909,0.0,0.0,0.12,27.0,3.6,0.0,0.0,0.16363636363636364,0.2,0.25,0.18,5.0,4.625,0.0,0.0,0.16363636363636364,0.1,0.15,0.16,3.0,6.375,0.0,0.0,0.10909090909090909,0.1,0.1,0.12,6.0,8.2,0.0,0.0,78.0,3.0,19.0,1.0,4.0,0.0,0.0,55.0,10.0,23.0,2.0,0,0,0,0,0,0,1,0,0,0,0,0,0,0,0,0,0,1,0,1,1,0,0,0,0,0,1,0,0,0,0,0,0,0,0,0,0,0,0,0,0,0,0,0,0,0,0,0
2019-10-31,0.125,0.0,0.05,0.1,14.0,6.5,0.0,0.0,0.08928571428571429,0.0,0.0,0.06,21.0,7.75,0.0,0.0,0.125,0.2,0.15,0.14,2.0,7.833333333333333,0.0,0.0,0.08928571428571429,0.2,0.15,0.1,1.0,6.0,0.0,1.0,0.10714285714285714,0.1,0.05,0.1,7.0,9.0,0.0,0.0,0.14285714285714285,0.3,0.25,0.14,5.0,6.571428571428571,0.0,0.0,0.10714285714285714,0.3,0.2,0.12,0.0,6.2,1.0,1.0,0.08928571428571429,0.0,0.0,0.1,22.0,6.5,0.0,0.0,0.10714285714285714,0.2,0.15,0.12,6.0,8.4,0.0,0.0,0.14285714285714285,0.2,0.2,0.16,3.0,6.0,0.0,0.0,0.14285714285714285,0.1,0.15,0.14,3.0,6.857142857142857,0.0,0.0,0.125,0.1,0.1,0.14,5.0,7.0,0.0,0.0,0.10714285714285714,0.0,0.15,0.12,11.0,6.0,0.0,0.0,0.10714285714285714,0.2,0.1,0.12,1.0,5.8,0.0,1.0,0.10714285714285714,0.0,0.05,0.12,13.0,4.2,0.0,0.0,0.07142857142857142,0.2,0.1,0.06,5.0,15.0,0.0,0.0,0.07142857142857142,0.1,0.05,0.04,1.0,17.333333333333332,0.0,1.0,0.125,0.1,0.05,0.12,0.0,8.5,1.0,1.0,0.08928571428571429,0.0,0.1,0.1,13.0,9.0,0.0,0.0,0.10714285714285714,0.3,0.2,0.1,0.0,10.2,1.0,1.0,0.08928571428571429,0.1,0.1,0.08,0.0,13.5,1.0,1.0,0.08928571428571429,0.1,0.05,0.1,2.0,11.25,0.0,0.0,0.05357142857142857,0.1,0.05,0.06,1.0,16.5,0.0,1.0,0.10714285714285714,0.1,0.1,0.1,8.0,9.4,0.0,0.0,0.125,0.0,0.05,0.12,15.0,6.666666666666667,0.0,0.0,0.10714285714285714,0.1,0.1,0.08,2.0,10.0,0.0,0.0,0.10714285714285714,0.1,0.15,0.1,0.0,10.4,1.0,1.0,0.07142857142857142,0.1,0.1,0.06,4.0,15.333333333333334,0.0,0.0,0.08928571428571429,0.1,0.1,0.1,3.0,9.5,0.0,0.0,0.08928571428571429,0.2,0.15,0.08,2.0,13.0,0.0,0.0,0.05357142857142857,0.1,0.1,0.04,7.0,23.0,0.0,0.0,0.125,0.0,0.1,0.14,10.0,6.166666666666667,0.0,0.0,0.05357142857142857,0.1,0.1,0.06,4.0,19.5,0.0,0.0,0.125,0.1,0.05,0.1,9.0,7.666666666666667,0.0,0.0,0.10714285714285714,0.0,0.1,0.1,16.0,7.6,0.0,0.0,0.125,0.1,0.05,0.12,3.0,8.666666666666666,0.0,0.0,0.07142857142857142,0.2,0.1,0.08,8.0,8.333333333333334,0.0,0.0,0.19642857142857142,0.2,0.3,0.2,5.0,4.5,0.0,0.0,0.10714285714285714,0.1,0.25,0.12,6.0,3.4,0.0,0.0,0.05357142857142857,0.0,0.0,0.06,33.0,7.0,0.0,0.0,0.08928571428571429,0.1,0.05,0.08,4.0,12.5,0.0,0.0,0.05357142857142857,0.0,0.0,0.06,26.0,10.5,0.0,0.0,0.07142857142857142,0.0,0.05,0.08,16.0,9.333333333333334,0.0,0.0,0.125,0.1,0.1,0.1,4.0,8.333333333333334,0.0,0.0,0.10714285714285714,0.0,0.0,0.12,28.0,3.6,0.0,0.0,0.16071428571428573,0.1,0.25,0.18,6.0,4.625,0.0,0.0,0.16071428571428573,0.1,0.1,0.16,4.0,6.375,0.0,0.0,0.10714285714285714,0.1,0.1,0.12,7.0,8.2,0.0,0.0,93.0,2.0,20.0,1.0,3.0,1.0,0.0,56.0,10.0,28.0,0.0,1,0,0,0,1,0,0,0,0,0,0,0,0,0,1,0,0,0,0,0,0,0,0,0,0,0,0,0,0,0,0,0,0,0,0,0,0,1,0,1,0,0,0,0,0,0,0,0
2019-11-03,0.14035087719298245,0.1,0.1,0.12,0.0,7.714285714285714,1.0,1.0,0.08771929824561403,0.0,0.0,0.06,22.0,7.75,0.0,0.0,0.12280701754385964,0.2,0.15,0.12,3.0,7.833333333333333,0.0,0.0,0.08771929824561403,0.2,0.15,0.1,2.0,6.0,0.0,0.0,0.12280701754385964,0.2,0.1,0.12,0.0,8.833333333333334,1.0,1.0,0.14035087719298245,0.2,0.25,0.14,6.0,6.571428571428571,0.0,0.0,0.10526315789473684,0.3,0.2,0.12,1.0,6.2,0.0,1.0,0.08771929824561403,0.0,0.0,0.1,23.0,6.5,0.0,0.0,0.10526315789473684,0.2,0.15,0.12,7.0,8.4,0.0,0.0,0.14035087719298245,0.1,0.15,0.16,4.0,6.0,0.0,0.0,0.14035087719298245,0.1,0.15,0.14,4.0,6.857142857142857,0.0,0.0,0.12280701754385964,0.1,0.1,0.14,6.0,7.0,0.0,0.0,0.10526315789473684,0.0,0.15,0.12,12.0,6.0,0.0,0.0,0.10526315789473684,0.2,0.1,0.12,2.0,5.8,0.0,0.0,0.12280701754385964,0.1,0.1,0.14,0.0,5.833333333333333,1.0,1.0,0.07017543859649122,0.2,0.1,0.06,6.0,15.0,0.0,0.0,0.07017543859649122,0.1,0.05,0.04,2.0,17.333333333333332,0.0,0.0,0.12280701754385964,0.1,0.05,0.12,1.0,8.5,0.0,1.0,0.08771929824561403,0.0,0.1,0.08,14.0,9.0,0.0,0.0,0.10526315789473684,0.3,0.2,0.1,1.0,10.2,0.0,1.0,0.08771929824561403,0.1,0.1,0.08,1.0,13.5,0.0,1.0,0.08771929824561403,0.1,0.05,0.1,3.0,11.25,0.0,0.0,0.05263157894736842,0.1,0.05,0.06,2.0,16.5,0.0,0.0,0.10526315789473684,0.1,0.05,0.08,9.0,9.4,0.0,0.0,0.12280701754385964,0.0,0.05,0.1,16.0,6.666666666666667,0.0,0.0,0.10526315789473684,0.1,0.1,0.06,3.0,10.0,0.0,0.0,0.10526315789473684,0.1,0.15,0.1,1.0,10.4,0.0,1.0,0.07017543859649122,0.1,0.1,0.06,5.0,15.333333333333334,0.0,0.0,0.08771929824561403,0.1,0.1,0.1,4.0,9.5,0.0,0.0,0.08771929824561403,0.2,0.15,0.08,3.0,13.0,0.0,0.0,0.05263157894736842,0.1,0.1,0.04,8.0,23.0,0.0,0.0,0.12280701754385964,0.0,0.1,0.14,11.0,6.166666666666667,0.0,0.0,0.05263157894736842,0.1,0.1,0.06,5.0,19.5,0.0,0.0,0.12280701754385964,0.0,0.05,0.1,10.0,7.666666666666667,0.0,0.0,0.10526315789473684,0.0,0.05,0.1,17.0,7.6,0.0,0.0,0.12280701754385964,0.1,0.05,0.12,4.0,8.666666666666666,0.0,0.0,0.07017543859649122,0.1,0.1,0.08,9.0,8.333333333333334,0.0,0.0,0.21052631578947367,0.2,0.35,0.22,0.0,4.636363636363637,1.0,1.0,0.10526315789473684,0.1,0.2,0.12,7.0,3.4,0.0,0.0,0.07017543859649122,0.1,0.05,0.08,0.0,16.0,1.0,1.0,0.08771929824561403,0.1,0.05,0.08,5.0,12.5,0.0,0.0,0.05263157894736842,0.0,0.0,0.06,27.0,10.5,0.0,0.0,0.07017543859649122,0.0,0.05,0.08,17.0,9.333333333333334,0.0,0.0,0.12280701754385964,0.1,0.05,0.1,5.0,8.333333333333334,0.0,0.0,0.10526315789473684,0.0,0.0,0.12,29.0,3.6,0.0,0.0,0.15789473684210525,0.1,0.25,0.18,7.0,4.625,0.0,0.0,0.15789473684210525,0.1,0.1,0.16,5.0,6.375,0.0,0.0,0.10526315789473684,0.1,0.1,0.12,8.0,8.2,0.0,0.0,99.0,2.0,39.0,2.0,1.0,0.0,2.0,57.0,10.0,31.0,3.0,0,0,0,0,0,0,0,1,1,0,0,0,0,0,0,0,1,0,0,0,0,0,0,0,0,1,1,0,0,0,0,0,0,0,0,0,0,0,0,0,0,0,0,0,0,0,0,0
2019-11-06,0.13793103448275862,0.1,0.1,0.12,1.0,7.714285714285714,0.0,1.0,0.08620689655172414,0.0,0.0,0.06,23.0,7.75,0.0,0.0,0.1206896551724138,0.2,0.15,0.12,4.0,7.833333333333333,0.0,0.0,0.08620689655172414,0.1,0.15,0.1,3.0,6.0,0.0,0.0,0.1206896551724138,0.2,0.1,0.12,1.0,8.833333333333334,0.0,1.0,0.13793103448275862,0.2,0.25,0.14,7.0,6.571428571428571,0.0,0.0,0.10344827586206896,0.3,0.15,0.12,2.0,6.2,0.0,0.0,0.10344827586206896,0.1,0.05,0.1,0.0,10.0,1.0,1.0,0.1206896551724138,0.2,0.2,0.12,0.0,8.333333333333334,1.0,1.0,0.13793103448275862,0.1,0.15,0.16,5.0,6.0,0.0,0.0,0.13793103448275862,0.1,0.15,0.14,5.0,6.857142857142857,0.0,0.0,0.1206896551724138,0.1,0.1,0.14,7.0,7.0,0.0,0.0,0.10344827586206896,0.0,0.15,0.12,13.0,6.0,0.0,0.0,0.10344827586206896,0.1,0.1,0.12,3.0,5.8,0.0,0.0,0.1206896551724138,0.1,0.1,0.14,1.0,5.833333333333333,0.0,1.0,0.06896551724137931,0.2,0.1,0.04,7.0,15.0,0.0,0.0,0.08620689655172414,0.2,0.1,0.06,0.0,13.75,1.0,1.0,0.1206896551724138,0.1,0.05,0.12,2.0,8.5,0.0,0.0,0.08620689655172414,0.0,0.1,0.08,15.0,9.0,0.0,0.0,0.10344827586206896,0.3,0.2,0.1,2.0,10.2,0.0,0.0,0.08620689655172414,0.1,0.1,0.08,2.0,13.5,0.0,0.0,0.08620689655172414,0.1,0.05,0.1,4.0,11.25,0.0,0.0,0.05172413793103448,0.1,0.05,0.06,3.0,16.5,0.0,0.0,0.10344827586206896,0.0,0.05,0.08,10.0,9.4,0.0,0.0,0.1206896551724138,0.0,0.05,0.1,17.0,6.666666666666667,0.0,0.0,0.1206896551724138,0.2,0.1,0.08,0.0,9.0,1.0,1.0,0.1206896551724138,0.2,0.2,0.12,0.0,9.0,1.0,1.0,0.06896551724137931,0.1,0.1,0.06,6.0,15.333333333333334,0.0,0.0,0.08620689655172414,0.1,0.1,0.1,5.0,9.5,0.0,0.0,0.08620689655172414,0.2,0.15,0.08,4.0,13.0,0.0,0.0,0.05172413793103448,0.1,0.1,0.04,9.0,23.0,0.0,0.0,0.1206896551724138,0.0,0.05,0.14,12.0,6.166666666666667,0.0,0.0,0.05172413793103448,0.1,0.1,0.06,6.0,19.5,0.0,0.0,0.1206896551724138,0.0,0.05,0.1,11.0,7.666666666666667,0.0,0.0,0.10344827586206896,0.0,0.05,0.1,18.0,7.6,0.0,0.0,0.1206896551724138,0.1,0.05,0.1,5.0,8.666666666666666,0.0,0.0,0.06896551724137931,0.0,0.1,0.08,10.0,8.333333333333334,0.0,0.0,0.20689655172413793,0.2,0.3,0.22,1.0,4.636363636363637,0.0,1.0,0.10344827586206896,0.1,0.15,0.12,8.0,3.4,0.0,0.0,0.06896551724137931,0.1,0.05,0.08,1.0,16.0,0.0,1.0,0.08620689655172414,0.1,0.05,0.08,6.0,12.5,0.0,0.0,0.05172413793103448,0.0,0.0,0.06,28.0,10.5,0.0,0.0,0.06896551724137931,0.0,0.05,0.08,18.0,9.333333333333334,0.0,0.0,0.1206896551724138,0.1,0.05,0.1,6.0,8.333333333333334,0.0,0.0,0.10344827586206896,0.0,0.0,0.12,30.0,3.6,0.0,0.0,0.15517241379310345,0.1,0.25,0.18,8.0,4.625,0.0,0.0,0.15517241379310345,0.1,0.1,0.16,6.0,6.375,0.0,0.0,0.10344827586206896,0.1,0.1,0.1,9.0,8.2,0.0,0.0,87.0,2.0,19.0,2.0,1.0,2.0,0.0,58.0,11.0,3.0,6.0,0,0,0,0,1,0,1,0,0,0,1,0,0,1,0,0,0,0,0,0,0,0,0,0,0,0,0,0,0,0,0,0,0,0,0,0,0,0,0,0,0,0,1,0,0,0,0,0
2019-11-10,0.13559322033898305,0.1,0.1,0.12,2.0,7.714285714285714,0.0,0.0,0.0847457627118644,0.0,0.0,0.06,24.0,7.75,0.0,0.0,0.11864406779661017,0.2,0.15,0.12,5.0,7.833333333333333,0.0,0.0,0.0847457627118644,0.1,0.15,0.1,4.0,6.0,0.0,0.0,0.13559322033898305,0.2,0.15,0.14,0.0,7.857142857142857,1.0,1.0,0.13559322033898305,0.1,0.2,0.14,8.0,6.571428571428571,0.0,0.0,0.11864406779661017,0.4,0.2,0.14,0.0,5.666666666666667,1.0,1.0,0.1016949152542373,0.1,0.05,0.1,1.0,10.0,0.0,1.0,0.11864406779661017,0.2,0.2,0.12,1.0,8.333333333333334,0.0,1.0,0.13559322033898305,0.1,0.15,0.16,6.0,6.0,0.0,0.0,0.15254237288135594,0.2,0.2,0.16,0.0,6.75,1.0,1.0,0.11864406779661017,0.1,0.1,0.12,8.0,7.0,0.0,0.0,0.1016949152542373,0.0,0.15,0.12,14.0,6.0,0.0,0.0,0.11864406779661017,0.2,0.15,0.14,0.0,5.5,1.0,1.0,0.11864406779661017,0.1,0.1,0.14,2.0,5.833333333333333,0.0,0.0,0.06779661016949153,0.1,0.1,0.04,8.0,15.0,0.0,0.0,0.0847457627118644,0.2,0.1,0.06,1.0,13.75,0.0,1.0,0.11864406779661017,0.1,0.05,0.12,3.0,8.5,0.0,0.0,0.0847457627118644,0.0,0.1,0.08,16.0,9.0,0.0,0.0,0.1016949152542373,0.3,0.2,0.1,3.0,10.2,0.0,0.0,0.0847457627118644,0.1,0.1,0.08,3.0,13.5,0.0,0.0,0.0847457627118644,0.1,0.05,0.08,5.0,11.25,0.0,0.0,0.05084745762711865,0.1,0.05,0.06,4.0,16.5,0.0,0.0,0.1016949152542373,0.0,0.05,0.08,11.0,9.4,0.0,0.0,0.11864406779661017,0.0,0.05,0.1,18.0,6.666666666666667,0.0,0.0,0.11864406779661017,0.2,0.1,0.08,1.0,9.0,0.0,1.0,0.11864406779661017,0.2,0.15,0.12,1.0,9.0,0.0,1.0,0.06779661016949153,0.1,0.05,0.06,7.0,15.333333333333334,0.0,0.0,0.0847457627118644,0.1,0.1,0.1,6.0,9.5,0.0,0.0,0.0847457627118644,0.2,0.15,0.08,5.0,13.0,0.0,0.0,0.05084745762711865,0.0,0.1,0.04,10.0,23.0,0.0,0.0,0.11864406779661017,0.0,0.05,0.12,13.0,6.166666666666667,0.0,0.0,0.05084745762711865,0.1,0.1,0.06,7.0,19.5,0.0,0.0,0.11864406779661017,0.0,0.05,0.1,12.0,7.666666666666667,0.0,0.0,0.1016949152542373,0.0,0.05,0.1,19.0,7.6,0.0,0.0,0.11864406779661017,0.1,0.05,0.1,6.0,8.666666666666666,0.0,0.0,0.06779661016949153,0.0,0.1,0.08,11.0,8.333333333333334,0.0,0.0,0.2033898305084746,0.2,0.25,0.22,2.0,4.636363636363637,0.0,0.0,0.1016949152542373,0.1,0.1,0.12,9.0,3.4,0.0,0.0,0.06779661016949153,0.1,0.05,0.06,2.0,16.0,0.0,0.0,0.0847457627118644,0.1,0.05,0.08,7.0,12.5,0.0,0.0,0.05084745762711865,0.0,0.0,0.04,29.0,10.5,0.0,0.0,0.0847457627118644,0.1,0.1,0.1,0.0,11.75,1.0,1.0,0.11864406779661017,0.1,0.05,0.1,7.0,8.333333333333334,0.0,0.0,0.1016949152542373,0.0,0.0,0.12,31.0,3.6,0.0,0.0,0.15254237288135594,0.1,0.25,0.18,9.0,4.625,0.0,0.0,0.15254237288135594,0.1,0.1,0.16,7.0,6.375,0.0,0.0,0.1016949152542373,0.0,0.1,0.1,10.0,8.2,0.0,0.0,80.0,1.0,38.0,3.0,1.0,0.0,1.0,59.0,11.0,6.0,2.0,0,1,0,0,0,0,0,1,0,0,0,0,0,0,0,0,0,0,1,0,0,0,0,0,0,0,0,0,0,0,0,0,0,0,0,0,0,0,1,0,0,0,0,0,0,1,0,0
2019-11-14,0.13333333333333333,0.1,0.1,0.12,3.0,7.714285714285714,0.0,0.0,0.1,0.1,0.05,0.08,0.0,11.2,1.0,1.0,0.11666666666666667,0.2,0.15,0.12,6.0,7.833333333333333,0.0,0.0,0.08333333333333333,0.1,0.15,0.1,5.0,6.0,0.0,0.0,0.13333333333333333,0.2,0.15,0.12,1.0,7.857142857142857,0.0,1.0,0.13333333333333333,0.1,0.15,0.14,9.0,6.571428571428571,0.0,0.0,0.11666666666666667,0.3,0.2,0.14,1.0,5.666666666666667,0.0,1.0,0.11666666666666667,0.2,0.1,0.12,0.0,8.666666666666666,1.0,1.0,0.11666666666666667,0.1,0.2,0.12,2.0,8.333333333333334,0.0,0.0,0.13333333333333333,0.1,0.15,0.16,7.0,6.0,0.0,0.0,0.15,0.2,0.2,0.16,1.0,6.75,0.0,1.0,0.11666666666666667,0.1,0.1,0.12,9.0,7.0,0.0,0.0,0.1,0.0,0.1,0.12,15.0,6.0,0.0,0.0,0.11666666666666667,0.2,0.15,0.14,1.0,5.5,0.0,1.0,0.11666666666666667,0.1,0.1,0.14,3.0,5.833333333333333,0.0,0.0,0.06666666666666667,0.1,0.1,0.04,9.0,15.0,0.0,0.0,0.08333333333333333,0.2,0.1,0.06,2.0,13.75,0.0,0.0,0.11666666666666667,0.1,0.05,0.1,4.0,8.5,0.0,0.0,0.1,0.1,0.15,0.1,0.0,10.6,1.0,1.0,0.1,0.3,0.2,0.1,4.0,10.2,0.0,0.0,0.08333333333333333,0.1,0.1,0.08,4.0,13.5,0.0,0.0,0.08333333333333333,0.1,0.05,0.08,6.0,11.25,0.0,0.0,0.05,0.1,0.05,0.06,5.0,16.5,0.0,0.0,0.1,0.0,0.05,0.08,12.0,9.4,0.0,0.0,0.11666666666666667,0.0,0.05,0.08,19.0,6.666666666666667,0.0,0.0,0.11666666666666667,0.2,0.1,0.08,2.0,9.0,0.0,0.0,0.11666666666666667,0.2,0.15,0.12,2.0,9.0,0.0,0.0,0.06666666666666667,0.1,0.05,0.06,8.0,15.333333333333334,0.0,0.0,0.08333333333333333,0.1,0.1,0.1,7.0,9.5,0.0,0.0,0.08333333333333333,0.1,0.15,0.08,6.0,13.0,0.0,0.0,0.05,0.0,0.1,0.04,11.0,23.0,0.0,0.0,0.11666666666666667,0.0,0.05,0.12,14.0,6.166666666666667,0.0,0.0,0.05,0.1,0.1,0.06,8.0,19.5,0.0,0.0,0.11666666666666667,0.0,0.05,0.1,13.0,7.666666666666667,0.0,0.0,0.1,0.0,0.0,0.1,20.0,7.6,0.0,0.0,0.11666666666666667,0.1,0.05,0.1,7.0,8.666666666666666,0.0,0.0,0.06666666666666667,0.0,0.1,0.08,12.0,8.333333333333334,0.0,0.0,0.2,0.2,0.25,0.22,3.0,4.636363636363637,0.0,0.0,0.11666666666666667,0.1,0.15,0.14,0.0,4.5,1.0,1.0,0.06666666666666667,0.1,0.05,0.06,3.0,16.0,0.0,0.0,0.08333333333333333,0.1,0.05,0.06,8.0,12.5,0.0,0.0,0.05,0.0,0.0,0.04,30.0,10.5,0.0,0.0,0.08333333333333333,0.1,0.05,0.1,1.0,11.75,0.0,1.0,0.11666666666666667,0.1,0.05,0.1,8.0,8.333333333333334,0.0,0.0,0.1,0.0,0.0,0.1,32.0,3.6,0.0,0.0,0.16666666666666666,0.1,0.3,0.2,0.0,5.222222222222222,1.0,1.0,0.15,0.1,0.05,0.16,8.0,6.375,0.0,0.0,0.1,0.0,0.1,0.1,11.0,8.2,0.0,0.0,114.0,3.0,44.0,2.0,1.0,0.0,2.0,60.0,11.0,10.0,6.0,0,0,0,0,1,0,0,0,0,0,1,0,0,0,0,0,0,0,0,0,0,0,0,0,0,0,0,0,0,0,0,0,0,0,0,0,1,0,0,0,0,0,0,0,1,0,0,1
2019-11-17,0.13114754098360656,0.1,0.1,0.12,4.0,7.714285714285714,0.0,0.0,0.09836065573770492,0.1,0.05,0.08,1.0,11.2,0.0,1.0,0.11475409836065574,0.1,0.15,0.1,7.0,7.833333333333333,0.0,0.0,0.08196721311475409,0.1,0.15,0.1,6.0,6.0,0.0,0.0,0.14754098360655737,0.3,0.2,0.12,0.0,7.125,1.0,1.0,0.13114754098360656,0.0,0.15,0.14,10.0,6.571428571428571,0.0,0.0,0.11475409836065574,0.3,0.2,0.14,2.0,5.666666666666667,0.0,0.0,0.11475409836065574,0.2,0.1,0.12,1.0,8.666666666666666,0.0,1.0,0.11475409836065574,0.1,0.2,0.1,3.0,8.333333333333334,0.0,0.0,0.13114754098360656,0.1,0.1,0.14,8.0,6.0,0.0,0.0,0.16393442622950818,0.3,0.2,0.18,0.0,6.222222222222222,1.0,1.0,0.11475409836065574,0.0,0.1,0.12,10.0,7.0,0.0,0.0,0.09836065573770492,0.0,0.1,0.12,16.0,6.0,0.0,0.0,0.11475409836065574,0.2,0.15,0.14,2.0,5.5,0.0,0.0,0.11475409836065574,0.1,0.1,0.14,4.0,5.833333333333333,0.0,0.0,0.06557377049180328,0.0,0.1,0.04,10.0,15.0,0.0,0.0,0.08196721311475409,0.2,0.1,0.06,3.0,13.75,0.0,0.0,0.11475409836065574,0.1,0.05,0.1,5.0,8.5,0.0,0.0,0.09836065573770492,0.1,0.1,0.1,1.0,10.6,0.0,1.0,0.09836065573770492,0.3,0.2,0.1,5.0,10.2,0.0,0.0,0.08196721311475409,0.1,0.1,0.08,5.0,13.5,0.0,0.0,0.08196721311475409,0.1,0.05,0.08,7.0,11.25,0.0,0.0,0.04918032786885246,0.1,0.05,0.06,6.0,16.5,0.0,0.0,0.09836065573770492,0.0,0.05,0.08,13.0,9.4,0.0,0.0,0.11475409836065574,0.0,0.0,0.08,20.0,6.666666666666667,0.0,0.0,0.11475409836065574,0.2,0.1,0.08,3.0,9.0,0.0,0.0,0.11475409836065574,0.2,0.15,0.12,3.0,9.0,0.0,0.0,0.06557377049180328,0.1,0.05,0.06,9.0,15.333333333333334,0.0,0.0,0.08196721311475409,0.1,0.05,0.1,8.0,9.5,0.0,0.0,0.08196721311475409,0.1,0.15,0.08,7.0,13.0,0.0,0.0,0.04918032786885246,0.0,0.1,0.04,12.0,23.0,0.0,0.0,0.11475409836065574,0.0,0.05,0.12,15.0,6.166666666666667,0.0,0.0,0.04918032786885246,0.1,0.1,0.06,9.0,19.5,0.0,0.0,0.11475409836065574,0.0,0.05,0.1,14.0,7.666666666666667,0.0,0.0,0.09836065573770492,0.0,0.0,0.1,21.0,7.6,0.0,0.0,0.11475409836065574,0.1,0.05,0.1,8.0,8.666666666666666,0.0,0.0,0.08196721311475409,0.1,0.15,0.1,0.0,9.5,1.0,1.0,0.19672131147540983,0.1,0.25,0.22,4.0,4.636363636363637,0.0,0.0,0.11475409836065574,0.1,0.15,0.14,1.0,4.5,0.0,1.0,0.06557377049180328,0.1,0.05,0.06,4.0,16.0,0.0,0.0,0.08196721311475409,0.1,0.05,0.06,9.0,12.5,0.0,0.0,0.04918032786885246,0.0,0.0,0.04,31.0,10.5,0.0,0.0,0.08196721311475409,0.1,0.05,0.1,2.0,11.75,0.0,0.0,0.11475409836065574,0.1,0.05,0.1,9.0,8.333333333333334,0.0,0.0,0.11475409836065574,0.1,0.05,0.12,0.0,8.5,1.0,1.0,0.16393442622950818,0.1,0.3,0.2,1.0,5.222222222222222,0.0,1.0,0.14754098360655737,0.1,0.05,0.16,9.0,6.375,0.0,0.0,0.11475409836065574,0.1,0.15,0.1,0.0,8.833333333333334,1.0,1.0,146.0,1.0,43.0,2.0,0.0,0.0,3.0,61.0,11.0,14.0,3.0,0,0,0,0,0,0,0,0,0,0,0,0,0,0,1,0,1,0,0,0,0,0,1,0,0,0,1,0,0,0,0,0,0,0,0,0,0,0,0,1,0,0,0,0,0,0,0,0
2019-11-20,0.12903225806451613,0.1,0.05,0.12,5.0,7.714285714285714,0.0,0.0,0.0967741935483871,0.1,0.05,0.08,2.0,11.2,0.0,0.0,0.11290322580645161,0.1,0.15,0.1,8.0,7.833333333333333,0.0,0.0,0.08064516129032258,0.1,0.15,0.1,7.0,6.0,0.0,0.0,0.14516129032258066,0.3,0.2,0.12,1.0,7.125,0.0,1.0,0.12903225806451613,0.0,0.15,0.14,11.0,6.571428571428571,0.0,0.0,0.11290322580645161,0.3,0.2,0.14,3.0,5.666666666666667,0.0,0.0,0.11290322580645161,0.2,0.1,0.1,2.0,8.666666666666666,0.0,0.0,0.11290322580645161,0.1,0.2,0.1,4.0,8.333333333333334,0.0,0.0,0.12903225806451613,0.1,0.1,0.14,9.0,6.0,0.0,0.0,0.16129032258064516,0.3,0.2,0.18,1.0,6.222222222222222,0.0,1.0,0.11290322580645161,0.0,0.05,0.12,11.0,7.0,0.0,0.0,0.0967741935483871,0.0,0.05,0.12,17.0,6.0,0.0,0.0,0.11290322580645161,0.2,0.15,0.14,3.0,5.5,0.0,0.0,0.12903225806451613,0.2,0.15,0.16,0.0,5.714285714285714,1.0,1.0,0.06451612903225806,0.0,0.1,0.04,11.0,15.0,0.0,0.0,0.0967741935483871,0.3,0.15,0.08,0.0,11.8,1.0,1.0,0.11290322580645161,0.1,0.05,0.1,6.0,8.5,0.0,0.0,0.0967741935483871,0.1,0.1,0.1,2.0,10.6,0.0,0.0,0.0967741935483871,0.3,0.2,0.1,6.0,10.2,0.0,0.0,0.08064516129032258,0.1,0.1,0.08,6.0,13.5,0.0,0.0,0.08064516129032258,0.1,0.05,0.08,8.0,11.25,0.0,0.0,0.06451612903225806,0.2,0.1,0.08,0.0,13.333333333333334,1.0,1.0,0.0967741935483871,0.0,0.05,0.08,14.0,9.4,0.0,0.0,0.11290322580645161,0.0,0.0,0.06,21.0,6.666666666666667,0.0,0.0,0.11290322580645161,0.2,0.1,0.08,4.0,9.0,0.0,0.0,0.12903225806451613,0.3,0.2,0.14,0.0,8.285714285714286,1.0,1.0,0.06451612903225806,0.0,0.05,0.06,10.0,15.333333333333334,0.0,0.0,0.08064516129032258,0.1,0.05,0.1,9.0,9.5,0.0,0.0,0.08064516129032258,0.1,0.1,0.08,8.0,13.0,0.0,0.0,0.04838709677419355,0.0,0.1,0.04,13.0,23.0,0.0,0.0,0.11290322580645161,0.0,0.05,0.12,16.0,6.166666666666667,0.0,0.0,0.04838709677419355,0.0,0.1,0.06,10.0,19.5,0.0,0.0,0.11290322580645161,0.0,0.05,0.1,15.0,7.666666666666667,0.0,0.0,0.0967741935483871,0.0,0.0,0.1,22.0,7.6,0.0,0.0,0.11290322580645161,0.1,0.05,0.1,9.0,8.666666666666666,0.0,0.0,0.08064516129032258,0.1,0.15,0.1,1.0,9.5,0.0,1.0,0.1935483870967742,0.1,0.2,0.22,5.0,4.636363636363637,0.0,0.0,0.11290322580645161,0.1,0.15,0.14,2.0,4.5,0.0,0.0,0.08064516129032258,0.2,0.1,0.08,0.0,13.25,1.0,1.0,0.08064516129032258,0.0,0.05,0.04,10.0,12.5,0.0,0.0,0.04838709677419355,0.0,0.0,0.04,32.0,10.5,0.0,0.0,0.08064516129032258,0.1,0.05,0.08,3.0,11.75,0.0,0.0,0.11290322580645161,0.0,0.05,0.1,10.0,8.333333333333334,0.0,0.0,0.11290322580645161,0.1,0.05,0.1,1.0,8.5,0.0,1.0,0.16129032258064516,0.1,0.3,0.2,2.0,5.222222222222222,0.0,0.0,0.14516129032258066,0.0,0.05,0.16,10.0,6.375,0.0,0.0,0.11290322580645161,0.1,0.15,0.1,1.0,8.833333333333334,0.0,1.0,122.0,1.0,25.0,0.0,3.0,1.0,1.0,62.0,11.0,17.0,6.0,0,0,0,1,0,0,0,0,0,0,0,0,0,0,0,1,0,0,0,0,0,0,0,0,0,1,0,0,0,0,0,0,0,0,1,0,1,0,0,0,0,0,0,0,0,0,0,0
2019-11-25,0.12698412698412698,0.1,0.05,0.12,6.0,7.714285714285714,0.0,0.0,0.09523809523809523,0.1,0.05,0.08,3.0,11.2,0.0,0.0,0.1111111111111111,0.1,0.15,0.1,9.0,7.833333333333333,0.0,0.0,0.09523809523809523,0.2,0.2,0.12,0.0,6.4,1.0,1.0,0.14285714285714285,0.3,0.2,0.12,2.0,7.125,0.0,0.0,0.12698412698412698,0.0,0.15,0.14,12.0,6.571428571428571,0.0,0.0,0.1111111111111111,0.3,0.2,0.14,4.0,5.666666666666667,0.0,0.0,0.1111111111111111,0.2,0.1,0.1,3.0,8.666666666666666,0.0,0.0,0.1111111111111111,0.1,0.2,0.1,5.0,8.333333333333334,0.0,0.0,0.12698412698412698,0.0,0.1,0.14,10.0,6.0,0.0,0.0,0.15873015873015872,0.2,0.2,0.18,2.0,6.222222222222222,0.0,0.0,0.1111111111111111,0.0,0.05,0.12,12.0,7.0,0.0,0.0,0.09523809523809523,0.0,0.05,0.12,18.0,6.0,0.0,0.0,0.1111111111111111,0.2,0.15,0.14,4.0,5.5,0.0,0.0,0.12698412698412698,0.2,0.1,0.16,1.0,5.714285714285714,0.0,1.0,0.07936507936507936,0.1,0.15,0.06,0.0,14.25,1.0,1.0,0.09523809523809523,0.3,0.15,0.08,1.0,11.8,0.0,1.0,0.1111111111111111,0.1,0.05,0.1,7.0,8.5,0.0,0.0,0.09523809523809523,0.1,0.05,0.1,3.0,10.6,0.0,0.0,0.09523809523809523,0.2,0.2,0.1,7.0,10.2,0.0,0.0,0.07936507936507936,0.1,0.1,0.08,7.0,13.5,0.0,0.0,0.07936507936507936,0.1,0.05,0.08,9.0,11.25,0.0,0.0,0.06349206349206349,0.2,0.1,0.08,1.0,13.333333333333334,0.0,1.0,0.09523809523809523,0.0,0.05,0.08,15.0,9.4,0.0,0.0,0.1111111111111111,0.0,0.0,0.04,22.0,6.666666666666667,0.0,0.0,0.12698412698412698,0.3,0.15,0.1,0.0,8.428571428571429,1.0,1.0,0.12698412698412698,0.3,0.15,0.14,1.0,8.285714285714286,0.0,1.0,0.06349206349206349,0.0,0.05,0.06,11.0,15.333333333333334,0.0,0.0,0.07936507936507936,0.0,0.05,0.1,10.0,9.5,0.0,0.0,0.07936507936507936,0.1,0.1,0.08,9.0,13.0,0.0,0.0,0.047619047619047616,0.0,0.1,0.04,14.0,23.0,0.0,0.0,0.1111111111111111,0.0,0.05,0.12,17.0,6.166666666666667,0.0,0.0,0.047619047619047616,0.0,0.1,0.04,11.0,19.5,0.0,0.0,0.1111111111111111,0.0,0.05,0.1,16.0,7.666666666666667,0.0,0.0,0.1111111111111111,0.1,0.05,0.12,0.0,10.166666666666666,1.0,1.0,0.1111111111111111,0.0,0.05,0.1,10.0,8.666666666666666,0.0,0.0,0.09523809523809523,0.2,0.2,0.12,0.0,8.0,1.0,1.0,0.19047619047619047,0.1,0.15,0.22,6.0,4.636363636363637,0.0,0.0,0.1111111111111111,0.1,0.15,0.14,3.0,4.5,0.0,0.0,0.07936507936507936,0.2,0.1,0.08,1.0,13.25,0.0,1.0,0.07936507936507936,0.0,0.05,0.04,11.0,12.5,0.0,0.0,0.047619047619047616,0.0,0.0,0.04,33.0,10.5,0.0,0.0,0.07936507936507936,0.1,0.05,0.08,4.0,11.75,0.0,0.0,0.1111111111111111,0.0,0.05,0.08,11.0,8.333333333333334,0.0,0.0,0.1111111111111111,0.1,0.05,0.08,2.0,8.5,0.0,0.0,0.15873015873015872,0.1,0.25,0.18,3.0,5.222222222222222,0.0,0.0,0.14285714285714285,0.0,0.05,0.16,11.0,6.375,0.0,0.0,0.1111111111111111,0.1,0.15,0.1,2.0,8.833333333333334,0.0,0.0,118.0,3.0,33.0,1.0,1.0,2.0,1.0,63.0,11.0,20.0,2.0,0,1,0,0,0,0,1,0,0,1,0,0,0,1,0,0,0,0,0,0,0,0,0,0,0,0,0,0,0,0,0,1,0,0,0,0,0,0,0,0,0,0,0,0,0,0,0,0
2019-11-28,0.125,0.1,0.05,0.1,7.0,7.714285714285714,0.0,0.0,0.109375,0.2,0.1,0.1,0.0,10.0,1.0,1.0,0.109375,0.0,0.15,0.1,10.0,7.833333333333333,0.0,0.0,0.09375,0.2,0.15,0.12,1.0,6.4,0.0,1.0,0.140625,0.3,0.2,0.12,3.0,7.125,0.0,0.0,0.125,0.0,0.15,0.14,13.0,6.571428571428571,0.0,0.0,0.125,0.3,0.25,0.16,0.0,5.571428571428571,1.0,1.0,0.109375,0.2,0.1,0.1,4.0,8.666666666666666,0.0,0.0,0.109375,0.1,0.15,0.1,6.0,8.333333333333334,0.0,0.0,0.140625,0.1,0.15,0.16,0.0,6.625,1.0,1.0,0.15625,0.2,0.2,0.18,3.0,6.222222222222222,0.0,0.0,0.109375,0.0,0.05,0.12,13.0,7.0,0.0,0.0,0.09375,0.0,0.05,0.12,19.0,6.0,0.0,0.0,0.125,0.3,0.2,0.16,0.0,5.428571428571429,1.0,1.0,0.125,0.2,0.1,0.16,2.0,5.714285714285714,0.0,0.0,0.078125,0.1,0.15,0.06,1.0,14.25,0.0,1.0,0.09375,0.3,0.15,0.08,2.0,11.8,0.0,0.0,0.109375,0.1,0.05,0.1,8.0,8.5,0.0,0.0,0.09375,0.1,0.05,0.1,4.0,10.6,0.0,0.0,0.09375,0.2,0.2,0.1,8.0,10.2,0.0,0.0,0.078125,0.1,0.1,0.08,8.0,13.5,0.0,0.0,0.078125,0.0,0.05,0.08,10.0,11.25,0.0,0.0,0.0625,0.2,0.1,0.08,2.0,13.333333333333334,0.0,0.0,0.09375,0.0,0.05,0.08,16.0,9.4,0.0,0.0,0.109375,0.0,0.0,0.04,23.0,6.666666666666667,0.0,0.0,0.125,0.2,0.15,0.1,1.0,8.428571428571429,0.0,1.0,0.125,0.3,0.15,0.14,2.0,8.285714285714286,0.0,0.0,0.0625,0.0,0.05,0.04,12.0,15.333333333333334,0.0,0.0,0.078125,0.0,0.05,0.1,11.0,9.5,0.0,0.0,0.078125,0.0,0.1,0.08,10.0,13.0,0.0,0.0,0.046875,0.0,0.1,0.04,15.0,23.0,0.0,0.0,0.125,0.1,0.1,0.12,0.0,7.857142857142857,1.0,1.0,0.046875,0.0,0.05,0.04,12.0,19.5,0.0,0.0,0.109375,0.0,0.05,0.1,17.0,7.666666666666667,0.0,0.0,0.109375,0.1,0.05,0.12,1.0,10.166666666666666,0.0,1.0,0.109375,0.0,0.05,0.1,11.0,8.666666666666666,0.0,0.0,0.09375,0.2,0.2,0.12,1.0,8.0,0.0,1.0,0.1875,0.1,0.15,0.2,7.0,4.636363636363637,0.0,0.0,0.109375,0.1,0.15,0.14,4.0,4.5,0.0,0.0,0.078125,0.2,0.1,0.08,2.0,13.25,0.0,0.0,0.078125,0.0,0.05,0.04,12.0,12.5,0.0,0.0,0.046875,0.0,0.0,0.04,34.0,10.5,0.0,0.0,0.078125,0.1,0.05,0.08,5.0,11.75,0.0,0.0,0.109375,0.0,0.05,0.08,12.0,8.333333333333334,0.0,0.0,0.109375,0.1,0.05,0.08,3.0,8.5,0.0,0.0,0.15625,0.1,0.2,0.18,4.0,5.222222222222222,0.0,0.0,0.140625,0.0,0.05,0.16,12.0,6.375,0.0,0.0,0.109375,0.1,0.1,0.08,3.0,8.833333333333334,0.0,0.0,65.0,4.0,30.0,3.0,1.0,1.0,0.0,64.0,11.0,25.0,0.0,1,0,0,0,0,0,0,0,0,0,0,1,0,0,0,0,0,0,0,1,0,0,0,0,0,0,0,1,0,0,0,0,0,0,0,0,0,1,0,0,0,0,0,0,0,0,0,0
2019-12-01,0.13846153846153847,0.2,0.1,0.12,0.0,7.75,1.0,1.0,0.1076923076923077,0.2,0.1,0.1,1.0,10.0,0.0,1.0,0.1076923076923077,0.0,0.1,0.1,11.0,7.833333333333333,0.0,0.0,0.09230769230769231,0.1,0.15,0.12,2.0,6.4,0.0,0.0,0.13846153846153847,0.3,0.2,0.12,4.0,7.125,0.0,0.0,0.12307692307692308,0.0,0.15,0.14,14.0,6.571428571428571,0.0,0.0,0.12307692307692308,0.3,0.25,0.16,1.0,5.571428571428571,0.0,1.0,0.1076923076923077,0.2,0.1,0.08,5.0,8.666666666666666,0.0,0.0,0.1076923076923077,0.1,0.15,0.1,7.0,8.333333333333334,0.0,0.0,0.13846153846153847,0.1,0.15,0.16,1.0,6.625,0.0,1.0,0.15384615384615385,0.2,0.2,0.18,4.0,6.222222222222222,0.0,0.0,0.12307692307692308,0.1,0.1,0.14,0.0,8.0,1.0,1.0,0.09230769230769231,0.0,0.0,0.1,20.0,6.0,0.0,0.0,0.12307692307692308,0.2,0.2,0.16,1.0,5.428571428571429,0.0,1.0,0.12307692307692308,0.2,0.1,0.16,3.0,5.714285714285714,0.0,0.0,0.07692307692307693,0.1,0.15,0.06,2.0,14.25,0.0,0.0,0.09230769230769231,0.2,0.15,0.08,3.0,11.8,0.0,0.0,0.1076923076923077,0.1,0.05,0.1,9.0,8.5,0.0,0.0,0.09230769230769231,0.1,0.05,0.1,5.0,10.6,0.0,0.0,0.1076923076923077,0.2,0.2,0.12,0.0,10.0,1.0,1.0,0.07692307692307693,0.1,0.05,0.08,9.0,13.5,0.0,0.0,0.07692307692307693,0.0,0.05,0.08,11.0,11.25,0.0,0.0,0.06153846153846154,0.1,0.1,0.08,3.0,13.333333333333334,0.0,0.0,0.09230769230769231,0.0,0.05,0.08,17.0,9.4,0.0,0.0,0.1076923076923077,0.0,0.0,0.04,24.0,6.666666666666667,0.0,0.0,0.12307692307692308,0.2,0.15,0.1,2.0,8.428571428571429,0.0,0.0,0.12307692307692308,0.3,0.15,0.14,3.0,8.285714285714286,0.0,0.0,0.07692307692307693,0.1,0.1,0.06,0.0,14.75,1.0,1.0,0.07692307692307693,0.0,0.05,0.08,12.0,9.5,0.0,0.0,0.07692307692307693,0.0,0.1,0.08,11.0,13.0,0.0,0.0,0.046153846153846156,0.0,0.1,0.04,16.0,23.0,0.0,0.0,0.12307692307692308,0.1,0.1,0.12,1.0,7.857142857142857,0.0,1.0,0.046153846153846156,0.0,0.05,0.04,13.0,19.5,0.0,0.0,0.1076923076923077,0.0,0.05,0.1,18.0,7.666666666666667,0.0,0.0,0.1076923076923077,0.1,0.05,0.12,2.0,10.166666666666666,0.0,0.0,0.1076923076923077,0.0,0.05,0.1,12.0,8.666666666666666,0.0,0.0,0.09230769230769231,0.2,0.2,0.12,2.0,8.0,0.0,0.0,0.2,0.2,0.2,0.22,0.0,4.916666666666667,1.0,1.0,0.1076923076923077,0.1,0.15,0.14,5.0,4.5,0.0,0.0,0.07692307692307693,0.2,0.1,0.08,3.0,13.25,0.0,0.0,0.07692307692307693,0.0,0.05,0.04,13.0,12.5,0.0,0.0,0.046153846153846156,0.0,0.0,0.04,35.0,10.5,0.0,0.0,0.07692307692307693,0.1,0.05,0.06,6.0,11.75,0.0,0.0,0.1076923076923077,0.0,0.05,0.08,13.0,8.333333333333334,0.0,0.0,0.1076923076923077,0.1,0.05,0.06,4.0,8.5,0.0,0.0,0.15384615384615385,0.1,0.15,0.18,5.0,5.222222222222222,0.0,0.0,0.13846153846153847,0.0,0.05,0.16,13.0,6.375,0.0,0.0,0.1076923076923077,0.1,0.1,0.08,4.0,8.833333333333334,0.0,0.0,99.0,4.0,37.0,2.0,1.0,1.0,1.0,65.0,11.0,28.0,3.0,0,0,0,0,0,0,0,0,0,0,0,0,0,0,0,0,0,0,0,1,1,0,0,0,1,0,1,0,0,1,0,0,0,0,0,0,0,0,0,0,0,0,0,0,0,0,0,0
2019-12-04,0.13636363636363635,0.2,0.1,0.12,1.0,7.75,0.0,1.0,0.10606060606060606,0.2,0.1,0.1,2.0,10.0,0.0,0.0,0.10606060606060606,0.0,0.1,0.1,12.0,7.833333333333333,0.0,0.0,0.09090909090909091,0.1,0.15,0.12,3.0,6.4,0.0,0.0,0.13636363636363635,0.3,0.2,0.1,5.0,7.125,0.0,0.0,0.12121212121212122,0.0,0.15,0.14,15.0,6.571428571428571,0.0,0.0,0.12121212121212122,0.2,0.25,0.16,2.0,5.571428571428571,0.0,0.0,0.10606060606060606,0.2,0.1,0.08,6.0,8.666666666666666,0.0,0.0,0.10606060606060606,0.1,0.15,0.1,8.0,8.333333333333334,0.0,0.0,0.13636363636363635,0.1,0.15,0.16,2.0,6.625,0.0,0.0,0.15151515151515152,0.2,0.15,0.18,5.0,6.222222222222222,0.0,0.0,0.12121212121212122,0.1,0.1,0.12,1.0,8.0,0.0,1.0,0.09090909090909091,0.0,0.0,0.1,21.0,6.0,0.0,0.0,0.12121212121212122,0.2,0.2,0.16,2.0,5.428571428571429,0.0,0.0,0.12121212121212122,0.2,0.1,0.16,4.0,5.714285714285714,0.0,0.0,0.07575757575757576,0.1,0.15,0.06,3.0,14.25,0.0,0.0,0.09090909090909091,0.2,0.15,0.08,4.0,11.8,0.0,0.0,0.10606060606060606,0.0,0.05,0.08,10.0,8.5,0.0,0.0,0.09090909090909091,0.1,0.05,0.1,6.0,10.6,0.0,0.0,0.12121212121212122,0.2,0.25,0.14,0.0,8.714285714285714,1.0,1.0,0.09090909090909091,0.1,0.1,0.1,0.0,12.8,1.0,1.0,0.07575757575757576,0.0,0.05,0.08,12.0,11.25,0.0,0.0,0.06060606060606061,0.1,0.1,0.08,4.0,13.333333333333334,0.0,0.0,0.09090909090909091,0.0,0.05,0.08,18.0,9.4,0.0,0.0,0.12121212121212122,0.1,0.05,0.06,0.0,9.285714285714286,1.0,1.0,0.12121212121212122,0.2,0.15,0.1,3.0,8.428571428571429,0.0,0.0,0.13636363636363635,0.3,0.2,0.16,0.0,7.75,1.0,1.0,0.07575757575757576,0.1,0.1,0.06,1.0,14.75,0.0,1.0,0.07575757575757576,0.0,0.05,0.08,13.0,9.5,0.0,0.0,0.09090909090909091,0.1,0.15,0.1,0.0,12.8,1.0,1.0,0.045454545454545456,0.0,0.05,0.04,17.0,23.0,0.0,0.0,0.12121212121212122,0.1,0.05,0.12,2.0,7.857142857142857,0.0,0.0,0.045454545454545456,0.0,0.05,0.04,14.0,19.5,0.0,0.0,0.10606060606060606,0.0,0.05,0.08,19.0,7.666666666666667,0.0,0.0,0.10606060606060606,0.1,0.05,0.12,3.0,10.166666666666666,0.0,0.0,0.10606060606060606,0.0,0.05,0.1,13.0,8.666666666666666,0.0,0.0,0.09090909090909091,0.2,0.2,0.12,3.0,8.0,0.0,0.0,0.19696969696969696,0.2,0.2,0.2,1.0,4.916666666666667,0.0,1.0,0.10606060606060606,0.1,0.1,0.14,6.0,4.5,0.0,0.0,0.07575757575757576,0.2,0.1,0.08,4.0,13.25,0.0,0.0,0.07575757575757576,0.0,0.05,0.04,14.0,12.5,0.0,0.0,0.045454545454545456,0.0,0.0,0.04,36.0,10.5,0.0,0.0,0.07575757575757576,0.1,0.05,0.06,7.0,11.75,0.0,0.0,0.10606060606060606,0.0,0.05,0.08,14.0,8.333333333333334,0.0,0.0,0.10606060606060606,0.1,0.05,0.06,5.0,8.5,0.0,0.0,0.15151515151515152,0.1,0.1,0.18,6.0,5.222222222222222,0.0,0.0,0.13636363636363635,0.0,0.05,0.16,14.0,6.375,0.0,0.0,0.10606060606060606,0.1,0.1,0.08,5.0,8.833333333333334,0.0,0.0,123.0,2.0,10.0,0.0,2.0,3.0,0.0,66.0,12.0,1.0,6.0,0,0,1,0,0,0,0,0,0,0,0,0,0,0,0,0,0,0,1,0,0,0,0,0,0,0,0,0,0,0,0,0,0,0,0,0,0,1,0,0,1,1,0,0,0,0,0,0
2019-12-08,0.13432835820895522,0.1,0.1,0.12,2.0,7.75,0.0,0.0,0.1044776119402985,0.2,0.1,0.1,3.0,10.0,0.0,0.0,0.11940298507462686,0.1,0.15,0.12,0.0,8.571428571428571,1.0,1.0,0.08955223880597014,0.1,0.15,0.12,4.0,6.4,0.0,0.0,0.13432835820895522,0.2,0.2,0.1,6.0,7.125,0.0,0.0,0.11940298507462686,0.0,0.1,0.14,16.0,6.571428571428571,0.0,0.0,0.11940298507462686,0.2,0.25,0.16,3.0,5.571428571428571,0.0,0.0,0.1044776119402985,0.2,0.1,0.08,7.0,8.666666666666666,0.0,0.0,0.1044776119402985,0.1,0.15,0.1,9.0,8.333333333333334,0.0,0.0,0.13432835820895522,0.1,0.1,0.16,3.0,6.625,0.0,0.0,0.14925373134328357,0.2,0.15,0.16,6.0,6.222222222222222,0.0,0.0,0.11940298507462686,0.1,0.1,0.12,2.0,8.0,0.0,0.0,0.08955223880597014,0.0,0.0,0.1,22.0,6.0,0.0,0.0,0.11940298507462686,0.2,0.2,0.16,3.0,5.428571428571429,0.0,0.0,0.11940298507462686,0.1,0.1,0.16,5.0,5.714285714285714,0.0,0.0,0.07462686567164178,0.1,0.15,0.06,4.0,14.25,0.0,0.0,0.08955223880597014,0.2,0.15,0.08,5.0,11.8,0.0,0.0,0.1044776119402985,0.0,0.05,0.08,11.0,8.5,0.0,0.0,0.1044776119402985,0.2,0.1,0.12,0.0,10.0,1.0,1.0,0.11940298507462686,0.2,0.25,0.14,1.0,8.714285714285714,0.0,1.0,0.08955223880597014,0.1,0.1,0.08,1.0,12.8,0.0,1.0,0.07462686567164178,0.0,0.05,0.08,13.0,11.25,0.0,0.0,0.05970149253731343,0.1,0.1,0.08,5.0,13.333333333333334,0.0,0.0,0.08955223880597014,0.0,0.05,0.08,19.0,9.4,0.0,0.0,0.11940298507462686,0.1,0.05,0.06,1.0,9.285714285714286,0.0,1.0,0.11940298507462686,0.2,0.15,0.1,4.0,8.428571428571429,0.0,0.0,0.13432835820895522,0.3,0.2,0.16,1.0,7.75,0.0,1.0,0.07462686567164178,0.1,0.1,0.06,2.0,14.75,0.0,0.0,0.07462686567164178,0.0,0.05,0.08,14.0,9.5,0.0,0.0,0.08955223880597014,0.1,0.15,0.1,1.0,12.8,0.0,1.0,0.04477611940298507,0.0,0.05,0.04,18.0,23.0,0.0,0.0,0.11940298507462686,0.1,0.05,0.12,3.0,7.857142857142857,0.0,0.0,0.04477611940298507,0.0,0.05,0.04,15.0,19.5,0.0,0.0,0.1044776119402985,0.0,0.0,0.06,20.0,7.666666666666667,0.0,0.0,0.1044776119402985,0.1,0.05,0.12,4.0,10.166666666666666,0.0,0.0,0.1044776119402985,0.0,0.05,0.1,14.0,8.666666666666666,0.0,0.0,0.08955223880597014,0.2,0.15,0.12,4.0,8.0,0.0,0.0,0.208955223880597,0.2,0.2,0.22,0.0,4.6923076923076925,1.0,1.0,0.1044776119402985,0.1,0.1,0.14,7.0,4.5,0.0,0.0,0.07462686567164178,0.1,0.1,0.06,5.0,13.25,0.0,0.0,0.08955223880597014,0.1,0.1,0.06,0.0,13.0,1.0,1.0,0.05970149253731343,0.1,0.05,0.06,0.0,19.333333333333332,1.0,1.0,0.07462686567164178,0.1,0.05,0.06,8.0,11.75,0.0,0.0,0.1044776119402985,0.0,0.05,0.08,15.0,8.333333333333334,0.0,0.0,0.1044776119402985,0.1,0.05,0.06,6.0,8.5,0.0,0.0,0.14925373134328357,0.1,0.1,0.16,7.0,5.222222222222222,0.0,0.0,0.13432835820895522,0.0,0.05,0.16,15.0,6.375,0.0,0.0,0.1044776119402985,0.1,0.1,0.08,6.0,8.833333333333334,0.0,0.0,143.0,2.0,39.0,1.0,1.0,0.0,3.0,67.0,12.0,4.0,2.0,1,0,0,0,0,0,0,0,0,0,0,0,1,0,0,0,0,0,0,0,1,0,1,0,0,0,0,0,0,0,0,0,0,0,0,0,0,1,0,0,0,0,0,0,0,0,0,0
2019-12-11,0.14705882352941177,0.2,0.15,0.14,0.0,7.222222222222222,1.0,1.0,0.10294117647058823,0.2,0.1,0.1,4.0,10.0,0.0,0.0,0.11764705882352941,0.1,0.15,0.12,1.0,8.571428571428571,0.0,1.0,0.08823529411764706,0.1,0.1,0.12,5.0,6.4,0.0,0.0,0.1323529411764706,0.2,0.2,0.1,7.0,7.125,0.0,0.0,0.11764705882352941,0.0,0.1,0.12,17.0,6.571428571428571,0.0,0.0,0.11764705882352941,0.2,0.25,0.16,4.0,5.571428571428571,0.0,0.0,0.10294117647058823,0.1,0.1,0.08,8.0,8.666666666666666,0.0,0.0,0.10294117647058823,0.0,0.1,0.1,10.0,8.333333333333334,0.0,0.0,0.1323529411764706,0.1,0.1,0.16,4.0,6.625,0.0,0.0,0.14705882352941177,0.2,0.15,0.16,7.0,6.222222222222222,0.0,0.0,0.11764705882352941,0.1,0.1,0.12,3.0,8.0,0.0,0.0,0.10294117647058823,0.1,0.05,0.12,0.0,8.833333333333334,1.0,1.0,0.11764705882352941,0.2,0.15,0.16,4.0,5.428571428571429,0.0,0.0,0.11764705882352941,0.1,0.1,0.16,6.0,5.714285714285714,0.0,0.0,0.07352941176470588,0.1,0.15,0.06,5.0,14.25,0.0,0.0,0.08823529411764706,0.1,0.15,0.08,6.0,11.8,0.0,0.0,0.10294117647058823,0.0,0.05,0.08,12.0,8.5,0.0,0.0,0.10294117647058823,0.2,0.1,0.12,1.0,10.0,0.0,1.0,0.11764705882352941,0.2,0.25,0.14,2.0,8.714285714285714,0.0,0.0,0.10294117647058823,0.2,0.15,0.1,0.0,11.0,1.0,1.0,0.07352941176470588,0.0,0.05,0.06,14.0,11.25,0.0,0.0,0.07352941176470588,0.2,0.15,0.1,0.0,11.5,1.0,1.0,0.08823529411764706,0.0,0.0,0.06,20.0,9.4,0.0,0.0,0.11764705882352941,0.1,0.05,0.06,2.0,9.285714285714286,0.0,0.0,0.11764705882352941,0.1,0.15,0.1,5.0,8.428571428571429,0.0,0.0,0.1323529411764706,0.2,0.2,0.16,2.0,7.75,0.0,0.0,0.07352941176470588,0.1,0.1,0.06,3.0,14.75,0.0,0.0,0.07352941176470588,0.0,0.05,0.08,15.0,9.5,0.0,0.0,0.08823529411764706,0.1,0.15,0.1,2.0,12.8,0.0,0.0,0.04411764705882353,0.0,0.05,0.04,19.0,23.0,0.0,0.0,0.11764705882352941,0.1,0.05,0.1,4.0,7.857142857142857,0.0,0.0,0.04411764705882353,0.0,0.05,0.04,16.0,19.5,0.0,0.0,0.10294117647058823,0.0,0.0,0.06,21.0,7.666666666666667,0.0,0.0,0.10294117647058823,0.1,0.05,0.12,5.0,10.166666666666666,0.0,0.0,0.10294117647058823,0.0,0.05,0.08,15.0,8.666666666666666,0.0,0.0,0.08823529411764706,0.2,0.1,0.12,5.0,8.0,0.0,0.0,0.22058823529411764,0.3,0.25,0.24,0.0,4.428571428571429,1.0,1.0,0.10294117647058823,0.1,0.1,0.14,8.0,4.5,0.0,0.0,0.07352941176470588,0.1,0.1,0.06,6.0,13.25,0.0,0.0,0.08823529411764706,0.1,0.1,0.06,1.0,13.0,0.0,1.0,0.058823529411764705,0.1,0.05,0.06,1.0,19.333333333333332,0.0,1.0,0.07352941176470588,0.1,0.05,0.06,9.0,11.75,0.0,0.0,0.10294117647058823,0.0,0.05,0.08,16.0,8.333333333333334,0.0,0.0,0.10294117647058823,0.1,0.05,0.06,7.0,8.5,0.0,0.0,0.14705882352941177,0.1,0.1,0.16,8.0,5.222222222222222,0.0,0.0,0.1323529411764706,0.0,0.05,0.16,16.0,6.375,0.0,0.0,0.10294117647058823,0.1,0.1,0.08,7.0,8.833333333333334,0.0,0.0,96.0,1.0,37.0,1.0,3.0,0.0,1.0,68.0,12.0,8.0,6.0,0,0,1,0,0,0,1,0,0,0,0,0,0,0,0,0,0,0,0,0,0,0,1,0,1,0,0,0,0,0,0,0,0,0,0,0,0,1,0,0,0,0,0,0,0,0,0,0
2019-12-15,0.14492753623188406,0.2,0.15,0.14,1.0,7.222222222222222,0.0,1.0,0.10144927536231885,0.2,0.1,0.1,5.0,10.0,0.0,0.0,0.13043478260869565,0.2,0.2,0.14,0.0,7.75,1.0,1.0,0.08695652173913043,0.1,0.1,0.12,6.0,6.4,0.0,0.0,0.13043478260869565,0.1,0.15,0.1,8.0,7.125,0.0,0.0,0.11594202898550725,0.0,0.05,0.12,18.0,6.571428571428571,0.0,0.0,0.13043478260869565,0.2,0.3,0.18,0.0,5.5,1.0,1.0,0.10144927536231885,0.1,0.1,0.08,9.0,8.666666666666666,0.0,0.0,0.10144927536231885,0.0,0.1,0.1,11.0,8.333333333333334,0.0,0.0,0.13043478260869565,0.1,0.1,0.16,5.0,6.625,0.0,0.0,0.14492753623188406,0.1,0.15,0.14,8.0,6.222222222222222,0.0,0.0,0.11594202898550725,0.1,0.1,0.12,4.0,8.0,0.0,0.0,0.10144927536231885,0.1,0.05,0.12,1.0,8.833333333333334,0.0,1.0,0.11594202898550725,0.1,0.15,0.16,5.0,5.428571428571429,0.0,0.0,0.11594202898550725,0.1,0.1,0.16,7.0,5.714285714285714,0.0,0.0,0.07246376811594203,0.1,0.1,0.06,6.0,14.25,0.0,0.0,0.08695652173913043,0.1,0.15,0.08,7.0,11.8,0.0,0.0,0.10144927536231885,0.0,0.05,0.06,13.0,8.5,0.0,0.0,0.10144927536231885,0.2,0.1,0.12,2.0,10.0,0.0,0.0,0.11594202898550725,0.2,0.25,0.14,3.0,8.714285714285714,0.0,0.0,0.10144927536231885,0.2,0.15,0.1,1.0,11.0,0.0,1.0,0.07246376811594203,0.0,0.05,0.06,15.0,11.25,0.0,0.0,0.08695652173913043,0.3,0.2,0.12,0.0,9.4,1.0,1.0,0.08695652173913043,0.0,0.0,0.06,21.0,9.4,0.0,0.0,0.13043478260869565,0.2,0.1,0.06,0.0,8.5,1.0,1.0,0.11594202898550725,0.1,0.15,0.1,6.0,8.428571428571429,0.0,0.0,0.13043478260869565,0.2,0.2,0.16,3.0,7.75,0.0,0.0,0.07246376811594203,0.1,0.1,0.06,4.0,14.75,0.0,0.0,0.07246376811594203,0.0,0.05,0.08,16.0,9.5,0.0,0.0,0.08695652173913043,0.1,0.15,0.1,3.0,12.8,0.0,0.0,0.043478260869565216,0.0,0.0,0.04,20.0,23.0,0.0,0.0,0.11594202898550725,0.1,0.05,0.1,5.0,7.857142857142857,0.0,0.0,0.043478260869565216,0.0,0.05,0.04,17.0,19.5,0.0,0.0,0.10144927536231885,0.0,0.0,0.06,22.0,7.666666666666667,0.0,0.0,0.10144927536231885,0.1,0.05,0.12,6.0,10.166666666666666,0.0,0.0,0.10144927536231885,0.0,0.05,0.08,16.0,8.666666666666666,0.0,0.0,0.08695652173913043,0.2,0.1,0.12,6.0,8.0,0.0,0.0,0.2318840579710145,0.4,0.3,0.24,0.0,4.2,1.0,1.0,0.10144927536231885,0.1,0.1,0.14,9.0,4.5,0.0,0.0,0.07246376811594203,0.1,0.1,0.06,7.0,13.25,0.0,0.0,0.08695652173913043,0.1,0.1,0.06,2.0,13.0,0.0,0.0,0.057971014492753624,0.1,0.05,0.06,2.0,19.333333333333332,0.0,0.0,0.07246376811594203,0.0,0.05,0.06,10.0,11.75,0.0,0.0,0.10144927536231885,0.0,0.05,0.08,17.0,8.333333333333334,0.0,0.0,0.10144927536231885,0.1,0.05,0.06,8.0,8.5,0.0,0.0,0.14492753623188406,0.1,0.1,0.16,9.0,5.222222222222222,0.0,0.0,0.13043478260869565,0.0,0.05,0.14,17.0,6.375,0.0,0.0,0.10144927536231885,0.1,0.05,0.08,8.0,8.833333333333334,0.0,0.0,96.0,1.0,35.0,2.0,1.0,1.0,1.0,69.0,12.0,11.0,2.0,0,0,0,0,0,0,0,0,0,1,1,0,0,0,1,0,0,0,0,0,0,0,0,0,0,0,0,0,0,0,0,0,0,0,0,0,0,0,0,0,1,0,0,1,0,0,0,0
2019-12-18,0.14285714285714285,0.2,0.15,0.14,2.0,7.222222222222222,0.0,0.0,0.1,0.1,0.1,0.1,6.0,10.0,0.0,0.0,0.12857142857142856,0.2,0.2,0.12,1.0,7.75,0.0,1.0,0.08571428571428572,0.1,0.1,0.12,7.0,6.4,0.0,0.0,0.12857142857142856,0.1,0.15,0.1,9.0,7.125,0.0,0.0,0.11428571428571428,0.0,0.05,0.12,19.0,6.571428571428571,0.0,0.0,0.12857142857142856,0.2,0.25,0.18,1.0,5.5,0.0,1.0,0.1,0.0,0.1,0.08,10.0,8.666666666666666,0.0,0.0,0.1,0.0,0.05,0.1,12.0,8.333333333333334,0.0,0.0,0.14285714285714285,0.2,0.15,0.18,0.0,6.555555555555555,1.0,1.0,0.15714285714285714,0.2,0.2,0.16,0.0,6.5,1.0,1.0,0.11428571428571428,0.1,0.1,0.1,5.0,8.0,0.0,0.0,0.1,0.1,0.05,0.12,2.0,8.833333333333334,0.0,0.0,0.11428571428571428,0.1,0.15,0.16,6.0,5.428571428571429,0.0,0.0,0.12857142857142856,0.2,0.15,0.18,0.0,6.0,1.0,1.0,0.07142857142857142,0.1,0.1,0.06,7.0,14.25,0.0,0.0,0.08571428571428572,0.1,0.15,0.08,8.0,11.8,0.0,0.0,0.1,0.0,0.05,0.06,14.0,8.5,0.0,0.0,0.1,0.1,0.1,0.12,3.0,10.0,0.0,0.0,0.11428571428571428,0.2,0.25,0.14,4.0,8.714285714285714,0.0,0.0,0.1,0.2,0.15,0.1,2.0,11.0,0.0,0.0,0.07142857142857142,0.0,0.05,0.06,16.0,11.25,0.0,0.0,0.08571428571428572,0.3,0.2,0.12,1.0,9.4,0.0,1.0,0.08571428571428572,0.0,0.0,0.06,22.0,9.4,0.0,0.0,0.12857142857142856,0.2,0.1,0.06,1.0,8.5,0.0,1.0,0.11428571428571428,0.1,0.15,0.08,7.0,8.428571428571429,0.0,0.0,0.12857142857142856,0.2,0.2,0.16,4.0,7.75,0.0,0.0,0.07142857142857142,0.1,0.1,0.06,5.0,14.75,0.0,0.0,0.07142857142857142,0.0,0.05,0.06,17.0,9.5,0.0,0.0,0.08571428571428572,0.1,0.1,0.1,4.0,12.8,0.0,0.0,0.04285714285714286,0.0,0.0,0.04,21.0,23.0,0.0,0.0,0.11428571428571428,0.1,0.05,0.1,6.0,7.857142857142857,0.0,0.0,0.04285714285714286,0.0,0.05,0.04,18.0,19.5,0.0,0.0,0.1,0.0,0.0,0.06,23.0,7.666666666666667,0.0,0.0,0.1,0.1,0.05,0.12,7.0,10.166666666666666,0.0,0.0,0.1,0.0,0.05,0.06,17.0,8.666666666666666,0.0,0.0,0.08571428571428572,0.2,0.1,0.12,7.0,8.0,0.0,0.0,0.22857142857142856,0.4,0.3,0.24,1.0,4.2,0.0,1.0,0.1,0.0,0.05,0.14,10.0,4.5,0.0,0.0,0.07142857142857142,0.1,0.1,0.06,8.0,13.25,0.0,0.0,0.1,0.2,0.15,0.08,0.0,11.333333333333334,1.0,1.0,0.05714285714285714,0.1,0.05,0.06,3.0,19.333333333333332,0.0,0.0,0.07142857142857142,0.0,0.05,0.06,11.0,11.75,0.0,0.0,0.11428571428571428,0.1,0.1,0.1,0.0,9.714285714285714,1.0,1.0,0.1,0.1,0.05,0.06,9.0,8.5,0.0,0.0,0.14285714285714285,0.0,0.05,0.16,10.0,5.222222222222222,0.0,0.0,0.12857142857142856,0.0,0.05,0.14,18.0,6.375,0.0,0.0,0.1,0.1,0.05,0.08,9.0,8.833333333333334,0.0,0.0,121.0,2.0,34.0,2.0,1.0,0.0,2.0,70.0,12.0,15.0,6.0,0,0,1,0,0,0,0,0,0,0,1,0,1,0,0,0,0,0,0,0,0,0,0,0,0,0,0,0,0,0,0,0,0,0,0,0,0,0,0,1,0,1,0,0,0,0,0,0
2019-12-22,0.14084507042253522,0.2,0.15,0.14,3.0,7.222222222222222,0.0,0.0,0.09859154929577464,0.1,0.1,0.1,7.0,10.0,0.0,0.0,0.14084507042253522,0.3,0.2,0.14,0.0,7.111111111111111,1.0,1.0,0.08450704225352113,0.1,0.1,0.12,8.0,6.4,0.0,0.0,0.1267605633802817,0.0,0.15,0.1,10.0,7.125,0.0,0.0,0.11267605633802817,0.0,0.0,0.12,20.0,6.571428571428571,0.0,0.0,0.1267605633802817,0.2,0.25,0.18,2.0,5.5,0.0,0.0,0.09859154929577464,0.0,0.1,0.08,11.0,8.666666666666666,0.0,0.0,0.09859154929577464,0.0,0.05,0.1,13.0,8.333333333333334,0.0,0.0,0.14084507042253522,0.2,0.15,0.16,1.0,6.555555555555555,0.0,1.0,0.16901408450704225,0.2,0.25,0.16,0.0,6.0,1.0,1.0,0.11267605633802817,0.1,0.05,0.1,6.0,8.0,0.0,0.0,0.11267605633802817,0.2,0.1,0.14,0.0,8.0,1.0,1.0,0.11267605633802817,0.1,0.15,0.16,7.0,5.428571428571429,0.0,0.0,0.1267605633802817,0.2,0.15,0.18,1.0,6.0,0.0,1.0,0.07042253521126761,0.1,0.05,0.06,8.0,14.25,0.0,0.0,0.08450704225352113,0.1,0.15,0.08,9.0,11.8,0.0,0.0,0.09859154929577464,0.0,0.05,0.06,15.0,8.5,0.0,0.0,0.09859154929577464,0.1,0.1,0.12,4.0,10.0,0.0,0.0,0.11267605633802817,0.2,0.25,0.14,5.0,8.714285714285714,0.0,0.0,0.09859154929577464,0.2,0.15,0.1,3.0,11.0,0.0,0.0,0.07042253521126761,0.0,0.05,0.06,17.0,11.25,0.0,0.0,0.08450704225352113,0.3,0.2,0.12,2.0,9.4,0.0,0.0,0.08450704225352113,0.0,0.0,0.06,23.0,9.4,0.0,0.0,0.1267605633802817,0.2,0.1,0.06,2.0,8.5,0.0,0.0,0.11267605633802817,0.1,0.15,0.08,8.0,8.428571428571429,0.0,0.0,0.1267605633802817,0.2,0.2,0.16,5.0,7.75,0.0,0.0,0.07042253521126761,0.1,0.1,0.06,6.0,14.75,0.0,0.0,0.07042253521126761,0.0,0.05,0.06,18.0,9.5,0.0,0.0,0.08450704225352113,0.1,0.1,0.1,5.0,12.8,0.0,0.0,0.04225352112676056,0.0,0.0,0.04,22.0,23.0,0.0,0.0,0.11267605633802817,0.1,0.05,0.08,7.0,7.857142857142857,0.0,0.0,0.04225352112676056,0.0,0.05,0.04,19.0,19.5,0.0,0.0,0.09859154929577464,0.0,0.0,0.06,24.0,7.666666666666667,0.0,0.0,0.09859154929577464,0.1,0.05,0.12,8.0,10.166666666666666,0.0,0.0,0.09859154929577464,0.0,0.05,0.06,18.0,8.666666666666666,0.0,0.0,0.08450704225352113,0.1,0.1,0.12,8.0,8.0,0.0,0.0,0.22535211267605634,0.4,0.25,0.24,2.0,4.2,0.0,0.0,0.09859154929577464,0.0,0.05,0.14,11.0,4.5,0.0,0.0,0.08450704225352113,0.2,0.15,0.08,0.0,12.4,1.0,1.0,0.09859154929577464,0.2,0.15,0.06,1.0,11.333333333333334,0.0,1.0,0.07042253521126761,0.2,0.1,0.08,0.0,15.5,1.0,1.0,0.07042253521126761,0.0,0.05,0.06,12.0,11.75,0.0,0.0,0.11267605633802817,0.1,0.1,0.1,1.0,9.714285714285714,0.0,1.0,0.09859154929577464,0.0,0.05,0.06,10.0,8.5,0.0,0.0,0.14084507042253522,0.0,0.05,0.16,11.0,5.222222222222222,0.0,0.0,0.1267605633802817,0.0,0.05,0.14,19.0,6.375,0.0,0.0,0.09859154929577464,0.0,0.05,0.06,10.0,8.833333333333334,0.0,0.0,109.0,2.0,39.0,2.0,1.0,0.0,2.0,71.0,12.0,18.0,2.0,0,0,0,0,1,0,0,0,0,1,0,0,0,0,0,0,0,0,0,0,0,1,0,0,0,0,0,0,0,0,0,0,1,0,1,0,0,0,0,0,0,0,0,0,0,0,0,0
2019-12-26,0.1388888888888889,0.2,0.15,0.14,4.0,7.222222222222222,0.0,0.0,0.09722222222222222,0.1,0.1,0.1,8.0,10.0,0.0,0.0,0.1388888888888889,0.3,0.2,0.14,1.0,7.111111111111111,0.0,1.0,0.08333333333333333,0.1,0.1,0.12,9.0,6.4,0.0,0.0,0.1388888888888889,0.1,0.2,0.12,0.0,7.555555555555555,1.0,1.0,0.1111111111111111,0.0,0.0,0.12,21.0,6.571428571428571,0.0,0.0,0.125,0.2,0.25,0.18,3.0,5.5,0.0,0.0,0.09722222222222222,0.0,0.1,0.08,12.0,8.666666666666666,0.0,0.0,0.09722222222222222,0.0,0.05,0.1,14.0,8.333333333333334,0.0,0.0,0.1527777777777778,0.3,0.2,0.18,0.0,6.1,1.0,1.0,0.16666666666666666,0.2,0.25,0.16,1.0,6.0,0.0,1.0,0.1111111111111111,0.1,0.05,0.1,7.0,8.0,0.0,0.0,0.1111111111111111,0.2,0.1,0.14,1.0,8.0,0.0,1.0,0.1111111111111111,0.1,0.15,0.16,8.0,5.428571428571429,0.0,0.0,0.125,0.1,0.15,0.16,2.0,6.0,0.0,0.0,0.06944444444444445,0.1,0.05,0.06,9.0,14.25,0.0,0.0,0.08333333333333333,0.0,0.15,0.08,10.0,11.8,0.0,0.0,0.09722222222222222,0.0,0.05,0.06,16.0,8.5,0.0,0.0,0.09722222222222222,0.1,0.1,0.12,5.0,10.0,0.0,0.0,0.1111111111111111,0.2,0.25,0.14,6.0,8.714285714285714,0.0,0.0,0.09722222222222222,0.2,0.15,0.1,4.0,11.0,0.0,0.0,0.08333333333333333,0.1,0.1,0.08,0.0,12.6,1.0,1.0,0.08333333333333333,0.2,0.2,0.1,3.0,9.4,0.0,0.0,0.08333333333333333,0.0,0.0,0.06,24.0,9.4,0.0,0.0,0.125,0.2,0.1,0.06,3.0,8.5,0.0,0.0,0.1111111111111111,0.1,0.15,0.08,9.0,8.428571428571429,0.0,0.0,0.125,0.1,0.2,0.16,6.0,7.75,0.0,0.0,0.06944444444444445,0.1,0.05,0.06,7.0,14.75,0.0,0.0,0.06944444444444445,0.0,0.05,0.06,19.0,9.5,0.0,0.0,0.08333333333333333,0.1,0.1,0.1,6.0,12.8,0.0,0.0,0.041666666666666664,0.0,0.0,0.04,23.0,23.0,0.0,0.0,0.1111111111111111,0.1,0.05,0.08,8.0,7.857142857142857,0.0,0.0,0.05555555555555555,0.1,0.05,0.06,0.0,19.666666666666668,1.0,1.0,0.09722222222222222,0.0,0.0,0.06,25.0,7.666666666666667,0.0,0.0,0.1111111111111111,0.2,0.1,0.12,0.0,10.0,1.0,1.0,0.09722222222222222,0.0,0.05,0.04,19.0,8.666666666666666,0.0,0.0,0.08333333333333333,0.1,0.1,0.12,9.0,8.0,0.0,0.0,0.2222222222222222,0.4,0.25,0.24,3.0,4.2,0.0,0.0,0.09722222222222222,0.0,0.05,0.14,12.0,4.5,0.0,0.0,0.08333333333333333,0.1,0.15,0.08,1.0,12.4,0.0,1.0,0.09722222222222222,0.2,0.1,0.06,2.0,11.333333333333334,0.0,0.0,0.06944444444444445,0.2,0.1,0.08,1.0,15.5,0.0,1.0,0.06944444444444445,0.0,0.05,0.06,13.0,11.75,0.0,0.0,0.1111111111111111,0.1,0.05,0.1,2.0,9.714285714285714,0.0,0.0,0.09722222222222222,0.0,0.05,0.04,11.0,8.5,0.0,0.0,0.1388888888888889,0.0,0.05,0.16,12.0,5.222222222222222,0.0,0.0,0.125,0.0,0.0,0.14,20.0,6.375,0.0,0.0,0.09722222222222222,0.0,0.05,0.06,11.0,8.833333333333334,0.0,0.0,105.0,2.0,30.0,2.0,1.0,2.0,0.0,72.0,12.0,22.0,6.0,0,0,0,0,0,0,0,0,0,0,0,0,0,0,0,0,0,0,0,1,0,0,0,1,0,0,0,0,0,1,0,1,0,0,0,0,0,0,0,0,0,1,0,0,0,0,0,0
2019-12-29,0.136986301369863,0.2,0.15,0.12,5.0,7.222222222222222,0.0,0.0,0.0958904109589041,0.1,0.1,0.1,9.0,10.0,0.0,0.0,0.136986301369863,0.3,0.2,0.14,2.0,7.111111111111111,0.0,0.0,0.0821917808219178,0.0,0.1,0.12,10.0,6.4,0.0,0.0,0.136986301369863,0.1,0.2,0.12,1.0,7.555555555555555,0.0,1.0,0.1095890410958904,0.0,0.0,0.12,22.0,6.571428571428571,0.0,0.0,0.1232876712328767,0.2,0.25,0.18,4.0,5.5,0.0,0.0,0.0958904109589041,0.0,0.1,0.08,13.0,8.666666666666666,0.0,0.0,0.0958904109589041,0.0,0.05,0.1,15.0,8.333333333333334,0.0,0.0,0.1506849315068493,0.3,0.15,0.18,1.0,6.1,0.0,1.0,0.1643835616438356,0.2,0.2,0.16,2.0,6.0,0.0,0.0,0.1095890410958904,0.1,0.05,0.1,8.0,8.0,0.0,0.0,0.1095890410958904,0.2,0.1,0.12,2.0,8.0,0.0,0.0,0.1095890410958904,0.1,0.15,0.16,9.0,5.428571428571429,0.0,0.0,0.1232876712328767,0.1,0.15,0.16,3.0,6.0,0.0,0.0,0.0684931506849315,0.0,0.05,0.06,10.0,14.25,0.0,0.0,0.0821917808219178,0.0,0.15,0.08,11.0,11.8,0.0,0.0,0.0958904109589041,0.0,0.05,0.06,17.0,8.5,0.0,0.0,0.0958904109589041,0.1,0.1,0.12,6.0,10.0,0.0,0.0,0.1232876712328767,0.3,0.25,0.14,0.0,8.5,1.0,1.0,0.0958904109589041,0.2,0.15,0.1,5.0,11.0,0.0,0.0,0.0821917808219178,0.1,0.1,0.08,1.0,12.6,0.0,1.0,0.0821917808219178,0.2,0.2,0.1,4.0,9.4,0.0,0.0,0.0958904109589041,0.1,0.05,0.08,0.0,12.0,1.0,1.0,0.1232876712328767,0.2,0.1,0.06,4.0,8.5,0.0,0.0,0.1095890410958904,0.0,0.15,0.08,10.0,8.428571428571429,0.0,0.0,0.1232876712328767,0.1,0.2,0.16,7.0,7.75,0.0,0.0,0.0684931506849315,0.1,0.05,0.06,8.0,14.75,0.0,0.0,0.0684931506849315,0.0,0.0,0.06,20.0,9.5,0.0,0.0,0.0958904109589041,0.2,0.15,0.12,0.0,11.833333333333334,1.0,1.0,0.0410958904109589,0.0,0.0,0.04,24.0,23.0,0.0,0.0,0.1232876712328767,0.2,0.1,0.1,0.0,8.0,1.0,1.0,0.0547945205479452,0.1,0.05,0.06,1.0,19.666666666666668,0.0,1.0,0.0958904109589041,0.0,0.0,0.06,26.0,7.666666666666667,0.0,0.0,0.1095890410958904,0.1,0.1,0.12,1.0,10.0,0.0,1.0,0.0958904109589041,0.0,0.0,0.04,20.0,8.666666666666666,0.0,0.0,0.0821917808219178,0.0,0.1,0.1,10.0,8.0,0.0,0.0,0.2191780821917808,0.4,0.25,0.24,4.0,4.2,0.0,0.0,0.0958904109589041,0.0,0.05,0.14,13.0,4.5,0.0,0.0,0.0821917808219178,0.1,0.15,0.06,2.0,12.4,0.0,0.0,0.0958904109589041,0.2,0.1,0.06,3.0,11.333333333333334,0.0,0.0,0.0821917808219178,0.3,0.15,0.1,0.0,12.8,1.0,1.0,0.0684931506849315,0.0,0.05,0.06,14.0,11.75,0.0,0.0,0.1095890410958904,0.1,0.05,0.1,3.0,9.714285714285714,0.0,0.0,0.0958904109589041,0.0,0.05,0.04,12.0,8.5,0.0,0.0,0.136986301369863,0.0,0.05,0.16,13.0,5.222222222222222,0.0,0.0,0.1232876712328767,0.0,0.0,0.14,21.0,6.375,0.0,0.0,0.0958904109589041,0.0,0.05,0.06,12.0,8.833333333333334,0.0,0.0,148.0,5.0,22.0,0.0,2.0,2.0,1.0,73.0,12.0,26.0,3.0,0,0,0,0,0,0,0,1,1,0,0,0,0,0,0,1,0,0,0,0,0,0,0,0,0,0,0,0,0,0,1,0,0,0,0,0,1,0,0,0,0,0,0,0,0,0,0,0
2020-10-25,0.13513513513513514,0.2,0.15,0.1,6.0,7.222222222222222,0.0,0.0,0.0945945945945946,0.0,0.1,0.1,10.0,10.0,0.0,0.0,0.13513513513513514,0.3,0.15,0.14,3.0,7.111111111111111,0.0,0.0,0.08108108108108109,0.0,0.1,0.12,11.0,6.4,0.0,0.0,0.13513513513513514,0.1,0.2,0.12,2.0,7.555555555555555,0.0,0.0,0.10810810810810811,0.0,0.0,0.1,23.0,6.571428571428571,0.0,0.0,0.12162162162162163,0.1,0.2,0.18,5.0,5.5,0.0,0.0,0.10810810810810811,0.1,0.15,0.1,0.0,9.428571428571429,1.0,1.0,0.10810810810810811,0.1,0.1,0.1,0.0,9.428571428571429,1.0,1.0,0.14864864864864866,0.2,0.15,0.18,2.0,6.1,0.0,0.0,0.16216216216216217,0.2,0.2,0.16,3.0,6.0,0.0,0.0,0.10810810810810811,0.1,0.05,0.1,9.0,8.0,0.0,0.0,0.10810810810810811,0.2,0.1,0.12,3.0,8.0,0.0,0.0,0.10810810810810811,0.0,0.15,0.16,10.0,5.428571428571429,0.0,0.0,0.12162162162162163,0.1,0.15,0.16,4.0,6.0,0.0,0.0,0.08108108108108109,0.1,0.1,0.08,0.0,13.6,1.0,1.0,0.08108108108108109,0.0,0.15,0.08,12.0,11.8,0.0,0.0,0.0945945945945946,0.0,0.05,0.04,18.0,8.5,0.0,0.0,0.0945945945945946,0.1,0.1,0.12,7.0,10.0,0.0,0.0,0.12162162162162163,0.3,0.25,0.14,1.0,8.5,0.0,1.0,0.0945945945945946,0.2,0.15,0.1,6.0,11.0,0.0,0.0,0.08108108108108109,0.1,0.05,0.08,2.0,12.6,0.0,0.0,0.08108108108108109,0.2,0.2,0.1,5.0,9.4,0.0,0.0,0.0945945945945946,0.1,0.05,0.08,1.0,12.0,0.0,1.0,0.12162162162162163,0.2,0.1,0.06,5.0,8.5,0.0,0.0,0.10810810810810811,0.0,0.1,0.08,11.0,8.428571428571429,0.0,0.0,0.12162162162162163,0.1,0.2,0.16,8.0,7.75,0.0,0.0,0.06756756756756757,0.1,0.05,0.06,9.0,14.75,0.0,0.0,0.06756756756756757,0.0,0.0,0.06,21.0,9.5,0.0,0.0,0.0945945945945946,0.2,0.1,0.1,1.0,11.833333333333334,0.0,1.0,0.05405405405405406,0.1,0.05,0.06,0.0,23.666666666666668,1.0,1.0,0.12162162162162163,0.1,0.1,0.1,1.0,8.0,0.0,1.0,0.05405405405405406,0.1,0.05,0.06,2.0,19.666666666666668,0.0,0.0,0.0945945945945946,0.0,0.0,0.06,27.0,7.666666666666667,0.0,0.0,0.10810810810810811,0.1,0.1,0.12,2.0,10.0,0.0,0.0,0.0945945945945946,0.0,0.0,0.04,21.0,8.666666666666666,0.0,0.0,0.0945945945945946,0.1,0.15,0.12,0.0,8.5,1.0,1.0,0.21621621621621623,0.4,0.25,0.24,5.0,4.2,0.0,0.0,0.0945945945945946,0.0,0.05,0.14,14.0,4.5,0.0,0.0,0.08108108108108109,0.1,0.15,0.06,3.0,12.4,0.0,0.0,0.0945945945945946,0.2,0.1,0.06,4.0,11.333333333333334,0.0,0.0,0.08108108108108109,0.3,0.15,0.1,1.0,12.8,0.0,1.0,0.06756756756756757,0.0,0.05,0.06,15.0,11.75,0.0,0.0,0.10810810810810811,0.1,0.05,0.1,4.0,9.714285714285714,0.0,0.0,0.0945945945945946,0.0,0.05,0.04,13.0,8.5,0.0,0.0,0.13513513513513514,0.0,0.05,0.16,14.0,5.222222222222222,0.0,0.0,0.12162162162162163,0.0,0.0,0.14,22.0,6.375,0.0,0.0,0.0945945945945946,0.0,0.05,0.06,13.0,8.833333333333334,0.0,0.0,101.0,2.0,29.0,2.0,1.0,1.0,1.0,74.0,12.0,29.0,6.0,0,0,0,0,0,0,0,0,1,0,0,0,0,0,1,0,0,0,0,0,0,0,0,0,0,0,1,0,0,1,0,0,0,0,0,0,0,0,0,0,0,0,1,0,0,0,0,0
2020-10-28,0.13333333333333333,0.1,0.15,0.1,7.0,7.222222222222222,0.0,0.0,0.09333333333333334,0.0,0.1,0.1,11.0,10.0,0.0,0.0,0.13333333333333333,0.3,0.15,0.14,4.0,7.111111111111111,0.0,0.0,0.08,0.0,0.05,0.12,12.0,6.4,0.0,0.0,0.13333333333333333,0.1,0.2,0.12,3.0,7.555555555555555,0.0,0.0,0.10666666666666667,0.0,0.0,0.1,24.0,6.571428571428571,0.0,0.0,0.12,0.1,0.2,0.16,6.0,5.5,0.0,0.0,0.10666666666666667,0.1,0.15,0.1,1.0,9.428571428571429,0.0,1.0,0.12,0.2,0.15,0.12,0.0,8.375,1.0,1.0,0.14666666666666667,0.2,0.15,0.18,3.0,6.1,0.0,0.0,0.16,0.2,0.2,0.16,4.0,6.0,0.0,0.0,0.10666666666666667,0.0,0.05,0.1,10.0,8.0,0.0,0.0,0.10666666666666667,0.2,0.1,0.12,4.0,8.0,0.0,0.0,0.10666666666666667,0.0,0.1,0.16,11.0,5.428571428571429,0.0,0.0,0.13333333333333333,0.2,0.2,0.18,0.0,5.888888888888889,1.0,1.0,0.08,0.1,0.1,0.08,1.0,13.6,0.0,1.0,0.08,0.0,0.1,0.08,13.0,11.8,0.0,0.0,0.09333333333333334,0.0,0.05,0.04,19.0,8.5,0.0,0.0,0.09333333333333334,0.1,0.1,0.1,8.0,10.0,0.0,0.0,0.12,0.2,0.2,0.14,2.0,8.5,0.0,0.0,0.09333333333333334,0.2,0.15,0.1,7.0,11.0,0.0,0.0,0.08,0.1,0.05,0.08,3.0,12.6,0.0,0.0,0.08,0.2,0.15,0.1,6.0,9.4,0.0,0.0,0.09333333333333334,0.1,0.05,0.06,2.0,12.0,0.0,0.0,0.12,0.2,0.1,0.06,6.0,8.5,0.0,0.0,0.10666666666666667,0.0,0.1,0.08,12.0,8.428571428571429,0.0,0.0,0.13333333333333333,0.2,0.25,0.18,0.0,7.888888888888889,1.0,1.0,0.06666666666666667,0.0,0.05,0.06,10.0,14.75,0.0,0.0,0.06666666666666667,0.0,0.0,0.06,22.0,9.5,0.0,0.0,0.10666666666666667,0.3,0.15,0.12,0.0,10.428571428571429,1.0,1.0,0.05333333333333334,0.1,0.05,0.06,1.0,23.666666666666668,0.0,1.0,0.12,0.1,0.1,0.1,2.0,8.0,0.0,0.0,0.05333333333333334,0.1,0.05,0.06,3.0,19.666666666666668,0.0,0.0,0.09333333333333334,0.0,0.0,0.06,28.0,7.666666666666667,0.0,0.0,0.10666666666666667,0.1,0.1,0.12,3.0,10.0,0.0,0.0,0.09333333333333334,0.0,0.0,0.04,22.0,8.666666666666666,0.0,0.0,0.09333333333333334,0.1,0.15,0.12,1.0,8.5,0.0,1.0,0.21333333333333335,0.3,0.25,0.22,6.0,4.2,0.0,0.0,0.09333333333333334,0.0,0.05,0.14,15.0,4.5,0.0,0.0,0.08,0.1,0.15,0.06,4.0,12.4,0.0,0.0,0.09333333333333334,0.2,0.1,0.06,5.0,11.333333333333334,0.0,0.0,0.08,0.3,0.15,0.1,2.0,12.8,0.0,0.0,0.08,0.1,0.1,0.08,0.0,12.6,1.0,1.0,0.10666666666666667,0.1,0.05,0.08,5.0,9.714285714285714,0.0,0.0,0.09333333333333334,0.0,0.05,0.04,14.0,8.5,0.0,0.0,0.13333333333333333,0.0,0.05,0.16,15.0,5.222222222222222,0.0,0.0,0.12,0.0,0.0,0.14,23.0,6.375,0.0,0.0,0.09333333333333334,0.0,0.05,0.06,14.0,8.833333333333334,0.0,0.0,124.0,1.0,34.0,1.0,1.0,2.0,1.0,75.0,10.0,25.0,6.0,0,1,0,0,0,0,0,0,1,0,0,1,0,0,0,0,0,0,0,1,0,0,0,0,0,0,0,0,0,0,0,0,0,1,0,0,0,0,0,0,0,0,0,0,0,0,0,0
2020-11-01,0.13157894736842105,0.1,0.15,0.08,8.0,7.222222222222222,0.0,0.0,0.10526315789473684,0.1,0.15,0.12,0.0,10.285714285714286,1.0,1.0,0.13157894736842105,0.3,0.15,0.14,5.0,7.111111111111111,0.0,0.0,0.07894736842105263,0.0,0.05,0.12,13.0,6.4,0.0,0.0,0.13157894736842105,0.1,0.2,0.12,4.0,7.555555555555555,0.0,0.0,0.10526315789473684,0.0,0.0,0.1,25.0,6.571428571428571,0.0,0.0,0.11842105263157894,0.1,0.15,0.16,7.0,5.5,0.0,0.0,0.10526315789473684,0.1,0.15,0.1,2.0,9.428571428571429,0.0,0.0,0.13157894736842105,0.3,0.2,0.14,0.0,7.555555555555555,1.0,1.0,0.14473684210526316,0.2,0.15,0.18,4.0,6.1,0.0,0.0,0.15789473684210525,0.2,0.2,0.16,5.0,6.0,0.0,0.0,0.11842105263157894,0.1,0.1,0.12,0.0,8.375,1.0,1.0,0.10526315789473684,0.2,0.1,0.12,5.0,8.0,0.0,0.0,0.10526315789473684,0.0,0.1,0.14,12.0,5.428571428571429,0.0,0.0,0.13157894736842105,0.2,0.2,0.16,1.0,5.888888888888889,0.0,1.0,0.07894736842105263,0.1,0.1,0.08,2.0,13.6,0.0,0.0,0.07894736842105263,0.0,0.1,0.08,14.0,11.8,0.0,0.0,0.09210526315789473,0.0,0.0,0.04,20.0,8.5,0.0,0.0,0.09210526315789473,0.1,0.1,0.1,9.0,10.0,0.0,0.0,0.13157894736842105,0.2,0.2,0.16,0.0,7.888888888888889,1.0,1.0,0.09210526315789473,0.1,0.1,0.1,8.0,11.0,0.0,0.0,0.07894736842105263,0.1,0.05,0.08,4.0,12.6,0.0,0.0,0.07894736842105263,0.2,0.15,0.1,7.0,9.4,0.0,0.0,0.09210526315789473,0.1,0.05,0.06,3.0,12.0,0.0,0.0,0.11842105263157894,0.1,0.1,0.06,7.0,8.5,0.0,0.0,0.10526315789473684,0.0,0.1,0.08,13.0,8.428571428571429,0.0,0.0,0.13157894736842105,0.1,0.2,0.16,1.0,7.888888888888889,0.0,1.0,0.06578947368421052,0.0,0.05,0.06,11.0,14.75,0.0,0.0,0.06578947368421052,0.0,0.0,0.06,23.0,9.5,0.0,0.0,0.10526315789473684,0.2,0.15,0.12,1.0,10.428571428571429,0.0,1.0,0.05263157894736842,0.1,0.05,0.06,2.0,23.666666666666668,0.0,0.0,0.11842105263157894,0.1,0.1,0.1,3.0,8.0,0.0,0.0,0.05263157894736842,0.1,0.05,0.06,4.0,19.666666666666668,0.0,0.0,0.10526315789473684,0.1,0.05,0.08,0.0,10.714285714285714,1.0,1.0,0.10526315789473684,0.1,0.1,0.12,4.0,10.0,0.0,0.0,0.09210526315789473,0.0,0.0,0.04,23.0,8.666666666666666,0.0,0.0,0.09210526315789473,0.1,0.15,0.12,2.0,8.5,0.0,0.0,0.21052631578947367,0.3,0.25,0.22,7.0,4.2,0.0,0.0,0.09210526315789473,0.0,0.05,0.14,16.0,4.5,0.0,0.0,0.07894736842105263,0.1,0.15,0.06,5.0,12.4,0.0,0.0,0.09210526315789473,0.2,0.1,0.06,6.0,11.333333333333334,0.0,0.0,0.07894736842105263,0.3,0.15,0.1,3.0,12.8,0.0,0.0,0.07894736842105263,0.1,0.1,0.06,1.0,12.6,0.0,1.0,0.10526315789473684,0.1,0.05,0.08,6.0,9.714285714285714,0.0,0.0,0.09210526315789473,0.0,0.05,0.04,15.0,8.5,0.0,0.0,0.13157894736842105,0.0,0.05,0.16,16.0,5.222222222222222,0.0,0.0,0.11842105263157894,0.0,0.0,0.14,24.0,6.375,0.0,0.0,0.09210526315789473,0.0,0.05,0.06,15.0,8.833333333333334,0.0,0.0,77.0,4.0,32.0,3.0,1.0,1.0,0.0,76.0,10.0,28.0,2.0,0,0,0,0,0,0,0,0,0,0,1,0,0,1,0,1,0,0,0,0,1,0,0,0,0,0,0,0,0,0,0,0,0,0,0,0,0,1,0,0,0,0,0,0,0,0,0,0
2020-11-05,0.12987012987012986,0.1,0.1,0.08,9.0,7.222222222222222,0.0,0.0,0.1038961038961039,0.1,0.15,0.12,1.0,10.285714285714286,0.0,1.0,0.12987012987012986,0.2,0.15,0.14,6.0,7.111111111111111,0.0,0.0,0.07792207792207792,0.0,0.05,0.12,14.0,6.4,0.0,0.0,0.12987012987012986,0.1,0.15,0.12,5.0,7.555555555555555,0.0,0.0,0.1038961038961039,0.0,0.0,0.1,26.0,6.571428571428571,0.0,0.0,0.11688311688311688,0.1,0.15,0.16,8.0,5.5,0.0,0.0,0.1038961038961039,0.1,0.15,0.1,3.0,9.428571428571429,0.0,0.0,0.12987012987012986,0.3,0.2,0.14,1.0,7.555555555555555,0.0,1.0,0.14285714285714285,0.2,0.15,0.18,5.0,6.1,0.0,0.0,0.16883116883116883,0.3,0.25,0.18,0.0,6.0,1.0,1.0,0.11688311688311688,0.1,0.1,0.12,1.0,8.375,0.0,1.0,0.1038961038961039,0.2,0.1,0.12,6.0,8.0,0.0,0.0,0.11688311688311688,0.1,0.15,0.16,0.0,6.375,1.0,1.0,0.12987012987012986,0.2,0.15,0.16,2.0,5.888888888888889,0.0,0.0,0.09090909090909091,0.2,0.15,0.1,0.0,11.833333333333334,1.0,1.0,0.07792207792207792,0.0,0.1,0.08,15.0,11.8,0.0,0.0,0.09090909090909091,0.0,0.0,0.04,21.0,8.5,0.0,0.0,0.09090909090909091,0.0,0.1,0.08,10.0,10.0,0.0,0.0,0.12987012987012986,0.2,0.2,0.16,1.0,7.888888888888889,0.0,1.0,0.1038961038961039,0.2,0.15,0.12,0.0,10.714285714285714,1.0,1.0,0.07792207792207792,0.1,0.05,0.06,5.0,12.6,0.0,0.0,0.07792207792207792,0.2,0.15,0.1,8.0,9.4,0.0,0.0,0.09090909090909091,0.1,0.05,0.06,4.0,12.0,0.0,0.0,0.11688311688311688,0.1,0.1,0.06,8.0,8.5,0.0,0.0,0.1038961038961039,0.0,0.1,0.08,14.0,8.428571428571429,0.0,0.0,0.12987012987012986,0.1,0.2,0.16,2.0,7.888888888888889,0.0,0.0,0.06493506493506493,0.0,0.05,0.06,12.0,14.75,0.0,0.0,0.06493506493506493,0.0,0.0,0.06,24.0,9.5,0.0,0.0,0.1038961038961039,0.2,0.15,0.12,2.0,10.428571428571429,0.0,0.0,0.05194805194805195,0.1,0.05,0.06,3.0,23.666666666666668,0.0,0.0,0.11688311688311688,0.1,0.1,0.08,4.0,8.0,0.0,0.0,0.05194805194805195,0.1,0.05,0.06,5.0,19.666666666666668,0.0,0.0,0.1038961038961039,0.1,0.05,0.08,1.0,10.714285714285714,0.0,1.0,0.1038961038961039,0.1,0.1,0.12,5.0,10.0,0.0,0.0,0.09090909090909091,0.0,0.0,0.02,24.0,8.666666666666666,0.0,0.0,0.09090909090909091,0.1,0.15,0.12,3.0,8.5,0.0,0.0,0.22077922077922077,0.3,0.25,0.24,0.0,4.4375,1.0,1.0,0.09090909090909091,0.0,0.05,0.14,17.0,4.5,0.0,0.0,0.07792207792207792,0.1,0.1,0.06,6.0,12.4,0.0,0.0,0.09090909090909091,0.1,0.1,0.06,7.0,11.333333333333334,0.0,0.0,0.07792207792207792,0.2,0.15,0.1,4.0,12.8,0.0,0.0,0.07792207792207792,0.1,0.1,0.06,2.0,12.6,0.0,0.0,0.1038961038961039,0.1,0.05,0.08,7.0,9.714285714285714,0.0,0.0,0.09090909090909091,0.0,0.05,0.04,16.0,8.5,0.0,0.0,0.12987012987012986,0.0,0.05,0.16,17.0,5.222222222222222,0.0,0.0,0.11688311688311688,0.0,0.0,0.12,25.0,6.375,0.0,0.0,0.09090909090909091,0.0,0.05,0.06,16.0,8.833333333333334,0.0,0.0,100.0,3.0,27.0,1.0,3.0,0.0,1.0,77.0,11.0,1.0,6.0,0,0,0,1,0,0,0,0,0,0,0,0,1,0,0,0,0,0,0,0,0,0,0,0,0,0,0,0,0,1,1,0,0,0,0,0,0,0,0,0,0,0,0,0,0,0,1,0
2020-11-08,0.1282051282051282,0.0,0.1,0.08,10.0,7.222222222222222,0.0,0.0,0.10256410256410256,0.1,0.15,0.12,2.0,10.285714285714286,0.0,0.0,0.1282051282051282,0.2,0.15,0.14,7.0,7.111111111111111,0.0,0.0,0.08974358974358974,0.1,0.1,0.14,0.0,7.833333333333333,1.0,1.0,0.1282051282051282,0.1,0.15,0.12,6.0,7.555555555555555,0.0,0.0,0.10256410256410256,0.0,0.0,0.1,27.0,6.571428571428571,0.0,0.0,0.11538461538461539,0.1,0.15,0.16,9.0,5.5,0.0,0.0,0.10256410256410256,0.1,0.1,0.1,4.0,9.428571428571429,0.0,0.0,0.1282051282051282,0.3,0.15,0.14,2.0,7.555555555555555,0.0,0.0,0.14102564102564102,0.2,0.15,0.18,6.0,6.1,0.0,0.0,0.16666666666666666,0.3,0.25,0.18,1.0,6.0,0.0,1.0,0.11538461538461539,0.1,0.1,0.12,2.0,8.375,0.0,0.0,0.11538461538461539,0.2,0.15,0.14,0.0,7.875,1.0,1.0,0.11538461538461539,0.1,0.15,0.14,1.0,6.375,0.0,1.0,0.1282051282051282,0.2,0.15,0.16,3.0,5.888888888888889,0.0,0.0,0.08974358974358974,0.2,0.15,0.1,1.0,11.833333333333334,0.0,1.0,0.07692307692307693,0.0,0.05,0.08,16.0,11.8,0.0,0.0,0.08974358974358974,0.0,0.0,0.04,22.0,8.5,0.0,0.0,0.08974358974358974,0.0,0.1,0.08,11.0,10.0,0.0,0.0,0.1282051282051282,0.2,0.2,0.16,2.0,7.888888888888889,0.0,0.0,0.10256410256410256,0.1,0.15,0.1,1.0,10.714285714285714,0.0,1.0,0.07692307692307693,0.1,0.05,0.06,6.0,12.6,0.0,0.0,0.07692307692307693,0.1,0.15,0.1,9.0,9.4,0.0,0.0,0.08974358974358974,0.1,0.05,0.06,5.0,12.0,0.0,0.0,0.11538461538461539,0.1,0.1,0.06,9.0,8.5,0.0,0.0,0.10256410256410256,0.0,0.05,0.08,15.0,8.428571428571429,0.0,0.0,0.1282051282051282,0.1,0.15,0.14,3.0,7.888888888888889,0.0,0.0,0.0641025641025641,0.0,0.05,0.06,13.0,14.75,0.0,0.0,0.0641025641025641,0.0,0.0,0.06,25.0,9.5,0.0,0.0,0.11538461538461539,0.3,0.2,0.14,0.0,9.5,1.0,1.0,0.0641025641025641,0.2,0.1,0.08,0.0,18.75,1.0,1.0,0.11538461538461539,0.1,0.1,0.08,5.0,8.0,0.0,0.0,0.05128205128205128,0.1,0.05,0.06,6.0,19.666666666666668,0.0,0.0,0.10256410256410256,0.1,0.05,0.08,2.0,10.714285714285714,0.0,0.0,0.10256410256410256,0.1,0.1,0.12,6.0,10.0,0.0,0.0,0.08974358974358974,0.0,0.0,0.02,25.0,8.666666666666666,0.0,0.0,0.08974358974358974,0.1,0.15,0.12,4.0,8.5,0.0,0.0,0.21794871794871795,0.2,0.25,0.24,1.0,4.4375,0.0,1.0,0.08974358974358974,0.0,0.05,0.14,18.0,4.5,0.0,0.0,0.07692307692307693,0.1,0.1,0.06,7.0,12.4,0.0,0.0,0.08974358974358974,0.1,0.1,0.06,8.0,11.333333333333334,0.0,0.0,0.07692307692307693,0.2,0.15,0.1,5.0,12.8,0.0,0.0,0.07692307692307693,0.1,0.1,0.06,3.0,12.6,0.0,0.0,0.10256410256410256,0.1,0.05,0.08,8.0,9.714285714285714,0.0,0.0,0.08974358974358974,0.0,0.05,0.02,17.0,8.5,0.0,0.0,0.1282051282051282,0.0,0.05,0.16,18.0,5.222222222222222,0.0,0.0,0.1282051282051282,0.1,0.05,0.12,0.0,8.555555555555555,1.0,1.0,0.08974358974358974,0.0,0.05,0.06,17.0,8.833333333333334,0.0,0.0,125.0,2.0,43.0,1.0,1.0,2.0,1.0,78.0,11.0,5.0,3.0,0,0,0,0,0,0,0,0,0,0,0,0,0,0,1,0,0,0,0,0,0,0,0,0,0,0,0,0,0,0,1,1,0,0,0,0,0,0,0,0,0,0,0,0,0,1,0,1
2020-11-11,0.12658227848101267,0.0,0.1,0.08,11.0,7.222222222222222,0.0,0.0,0.10126582278481013,0.1,0.15,0.12,3.0,10.285714285714286,0.0,0.0,0.12658227848101267,0.1,0.15,0.14,8.0,7.111111111111111,0.0,0.0,0.08860759493670886,0.1,0.1,0.14,1.0,7.833333333333333,0.0,1.0,0.12658227848101267,0.1,0.1,0.12,7.0,7.555555555555555,0.0,0.0,0.10126582278481013,0.0,0.0,0.1,28.0,6.571428571428571,0.0,0.0,0.11392405063291139,0.0,0.1,0.16,10.0,5.5,0.0,0.0,0.10126582278481013,0.1,0.1,0.1,5.0,9.428571428571429,0.0,0.0,0.12658227848101267,0.3,0.15,0.14,3.0,7.555555555555555,0.0,0.0,0.13924050632911392,0.2,0.15,0.18,7.0,6.1,0.0,0.0,0.16455696202531644,0.3,0.2,0.18,2.0,6.0,0.0,0.0,0.11392405063291139,0.1,0.1,0.12,3.0,8.375,0.0,0.0,0.11392405063291139,0.2,0.15,0.14,1.0,7.875,0.0,1.0,0.11392405063291139,0.1,0.1,0.14,2.0,6.375,0.0,0.0,0.13924050632911392,0.3,0.2,0.16,0.0,5.7,1.0,1.0,0.08860759493670886,0.2,0.15,0.1,2.0,11.833333333333334,0.0,0.0,0.0759493670886076,0.0,0.05,0.08,17.0,11.8,0.0,0.0,0.08860759493670886,0.0,0.0,0.02,23.0,8.5,0.0,0.0,0.08860759493670886,0.0,0.1,0.08,12.0,10.0,0.0,0.0,0.12658227848101267,0.2,0.2,0.16,3.0,7.888888888888889,0.0,0.0,0.10126582278481013,0.1,0.15,0.1,2.0,10.714285714285714,0.0,0.0,0.0759493670886076,0.1,0.05,0.06,7.0,12.6,0.0,0.0,0.0759493670886076,0.0,0.15,0.1,10.0,9.4,0.0,0.0,0.08860759493670886,0.1,0.05,0.06,6.0,12.0,0.0,0.0,0.11392405063291139,0.0,0.1,0.06,10.0,8.5,0.0,0.0,0.10126582278481013,0.0,0.05,0.08,16.0,8.428571428571429,0.0,0.0,0.12658227848101267,0.1,0.15,0.14,4.0,7.888888888888889,0.0,0.0,0.06329113924050633,0.0,0.05,0.06,14.0,14.75,0.0,0.0,0.06329113924050633,0.0,0.0,0.06,26.0,9.5,0.0,0.0,0.11392405063291139,0.3,0.2,0.14,1.0,9.5,0.0,1.0,0.0759493670886076,0.3,0.15,0.1,0.0,15.2,1.0,1.0,0.12658227848101267,0.2,0.15,0.1,0.0,7.777777777777778,1.0,1.0,0.05063291139240506,0.1,0.05,0.06,7.0,19.666666666666668,0.0,0.0,0.10126582278481013,0.1,0.05,0.08,3.0,10.714285714285714,0.0,0.0,0.10126582278481013,0.1,0.1,0.12,7.0,10.0,0.0,0.0,0.08860759493670886,0.0,0.0,0.02,26.0,8.666666666666666,0.0,0.0,0.08860759493670886,0.1,0.15,0.12,5.0,8.5,0.0,0.0,0.21518987341772153,0.1,0.25,0.24,2.0,4.4375,0.0,0.0,0.08860759493670886,0.0,0.05,0.14,19.0,4.5,0.0,0.0,0.0759493670886076,0.1,0.1,0.06,8.0,12.4,0.0,0.0,0.08860759493670886,0.1,0.1,0.06,9.0,11.333333333333334,0.0,0.0,0.0759493670886076,0.2,0.15,0.08,6.0,12.8,0.0,0.0,0.0759493670886076,0.1,0.05,0.06,4.0,12.6,0.0,0.0,0.10126582278481013,0.1,0.05,0.06,9.0,9.714285714285714,0.0,0.0,0.08860759493670886,0.0,0.05,0.02,18.0,8.5,0.0,0.0,0.13924050632911392,0.1,0.1,0.18,0.0,6.6,1.0,1.0,0.12658227848101267,0.1,0.05,0.1,1.0,8.555555555555555,0.0,1.0,0.10126582278481013,0.1,0.1,0.08,0.0,10.142857142857142,1.0,1.0,172.0,3.0,33.0,0.0,1.0,2.0,2.0,79.0,11.0,8.0,6.0,0,0,0,0,0,0,0,0,1,0,1,0,0,0,0,0,0,0,0,0,0,0,0,0,0,0,1,0,0,0,0,0,0,0,0,1,0,0,0,0,0,0,0,0,0,0,1,0
2020-11-15,0.125,0.0,0.1,0.08,12.0,7.222222222222222,0.0,0.0,0.1,0.1,0.1,0.12,4.0,10.285714285714286,0.0,0.0,0.125,0.1,0.15,0.14,9.0,7.111111111111111,0.0,0.0,0.0875,0.1,0.1,0.14,2.0,7.833333333333333,0.0,0.0,0.125,0.1,0.1,0.12,8.0,7.555555555555555,0.0,0.0,0.1,0.0,0.0,0.1,29.0,6.571428571428571,0.0,0.0,0.1125,0.0,0.1,0.16,11.0,5.5,0.0,0.0,0.1,0.1,0.05,0.08,6.0,9.428571428571429,0.0,0.0,0.1375,0.4,0.2,0.16,0.0,7.2,1.0,1.0,0.1375,0.1,0.15,0.18,8.0,6.1,0.0,0.0,0.175,0.3,0.25,0.18,0.0,5.769230769230769,1.0,1.0,0.1125,0.1,0.1,0.12,4.0,8.375,0.0,0.0,0.1125,0.2,0.15,0.14,2.0,7.875,0.0,0.0,0.1125,0.1,0.1,0.12,3.0,6.375,0.0,0.0,0.1375,0.2,0.2,0.16,1.0,5.7,0.0,1.0,0.0875,0.2,0.15,0.1,3.0,11.833333333333334,0.0,0.0,0.075,0.0,0.05,0.08,18.0,11.8,0.0,0.0,0.0875,0.0,0.0,0.02,24.0,8.5,0.0,0.0,0.0875,0.0,0.05,0.08,13.0,10.0,0.0,0.0,0.125,0.2,0.2,0.16,4.0,7.888888888888889,0.0,0.0,0.1,0.1,0.15,0.1,3.0,10.714285714285714,0.0,0.0,0.075,0.1,0.05,0.06,8.0,12.6,0.0,0.0,0.075,0.0,0.15,0.1,11.0,9.4,0.0,0.0,0.0875,0.1,0.05,0.06,7.0,12.0,0.0,0.0,0.1125,0.0,0.1,0.06,11.0,8.5,0.0,0.0,0.1,0.0,0.05,0.08,17.0,8.428571428571429,0.0,0.0,0.1375,0.2,0.2,0.16,0.0,7.6,1.0,1.0,0.0625,0.0,0.05,0.06,15.0,14.75,0.0,0.0,0.0625,0.0,0.0,0.06,27.0,9.5,0.0,0.0,0.1125,0.3,0.2,0.14,2.0,9.5,0.0,0.0,0.075,0.3,0.15,0.1,1.0,15.2,0.0,1.0,0.125,0.2,0.15,0.1,1.0,7.777777777777778,0.0,1.0,0.05,0.1,0.05,0.06,8.0,19.666666666666668,0.0,0.0,0.1,0.1,0.05,0.08,4.0,10.714285714285714,0.0,0.0,0.1,0.1,0.1,0.12,8.0,10.0,0.0,0.0,0.1,0.1,0.05,0.04,0.0,11.285714285714286,1.0,1.0,0.0875,0.1,0.15,0.1,6.0,8.5,0.0,0.0,0.2125,0.1,0.25,0.24,3.0,4.4375,0.0,0.0,0.0875,0.0,0.0,0.14,20.0,4.5,0.0,0.0,0.075,0.1,0.1,0.06,9.0,12.4,0.0,0.0,0.0875,0.0,0.1,0.06,10.0,11.333333333333334,0.0,0.0,0.075,0.2,0.15,0.06,7.0,12.8,0.0,0.0,0.075,0.1,0.05,0.06,5.0,12.6,0.0,0.0,0.1,0.0,0.05,0.06,10.0,9.714285714285714,0.0,0.0,0.0875,0.0,0.05,0.02,19.0,8.5,0.0,0.0,0.1375,0.1,0.05,0.18,1.0,6.6,0.0,1.0,0.1375,0.2,0.1,0.12,0.0,7.9,1.0,1.0,0.1,0.1,0.1,0.08,1.0,10.142857142857142,0.0,1.0,130.0,1.0,38.0,2.0,0.0,2.0,1.0,80.0,11.0,11.0,2.0,0,0,0,0,0,0,0,0,0,0,0,0,0,1,0,0,0,0,0,0,0,0,0,0,0,0,0,0,0,0,0,1,0,0,0,0,0,0,0,0,0,0,0,0,1,1,0,1
2020-11-18,0.12345679012345678,0.0,0.1,0.08,13.0,7.222222222222222,0.0,0.0,0.09876543209876543,0.1,0.1,0.1,5.0,10.285714285714286,0.0,0.0,0.12345679012345678,0.0,0.15,0.14,10.0,7.111111111111111,0.0,0.0,0.08641975308641975,0.1,0.1,0.12,3.0,7.833333333333333,0.0,0.0,0.12345679012345678,0.1,0.05,0.12,9.0,7.555555555555555,0.0,0.0,0.09876543209876543,0.0,0.0,0.1,30.0,6.571428571428571,0.0,0.0,0.1111111111111111,0.0,0.1,0.16,12.0,5.5,0.0,0.0,0.09876543209876543,0.1,0.05,0.08,7.0,9.428571428571429,0.0,0.0,0.13580246913580246,0.4,0.2,0.16,1.0,7.2,0.0,1.0,0.13580246913580246,0.1,0.15,0.18,9.0,6.1,0.0,0.0,0.1728395061728395,0.2,0.2,0.18,1.0,5.769230769230769,0.0,1.0,0.1111111111111111,0.1,0.1,0.12,5.0,8.375,0.0,0.0,0.1111111111111111,0.1,0.15,0.14,3.0,7.875,0.0,0.0,0.12345679012345678,0.2,0.15,0.14,0.0,6.111111111111111,1.0,1.0,0.13580246913580246,0.2,0.2,0.16,2.0,5.7,0.0,0.0,0.08641975308641975,0.2,0.15,0.1,4.0,11.833333333333334,0.0,0.0,0.07407407407407407,0.0,0.05,0.08,19.0,11.8,0.0,0.0,0.08641975308641975,0.0,0.0,0.02,25.0,8.5,0.0,0.0,0.08641975308641975,0.0,0.05,0.08,14.0,10.0,0.0,0.0,0.12345679012345678,0.2,0.2,0.16,5.0,7.888888888888889,0.0,0.0,0.09876543209876543,0.1,0.15,0.1,4.0,10.714285714285714,0.0,0.0,0.07407407407407407,0.1,0.05,0.06,9.0,12.6,0.0,0.0,0.07407407407407407,0.0,0.15,0.08,12.0,9.4,0.0,0.0,0.08641975308641975,0.1,0.05,0.06,8.0,12.0,0.0,0.0,0.1111111111111111,0.0,0.1,0.06,12.0,8.5,0.0,0.0,0.09876543209876543,0.0,0.05,0.08,18.0,8.428571428571429,0.0,0.0,0.13580246913580246,0.2,0.2,0.16,1.0,7.6,0.0,1.0,0.06172839506172839,0.0,0.05,0.06,16.0,14.75,0.0,0.0,0.06172839506172839,0.0,0.0,0.04,28.0,9.5,0.0,0.0,0.1111111111111111,0.3,0.2,0.14,3.0,9.5,0.0,0.0,0.07407407407407407,0.3,0.15,0.1,2.0,15.2,0.0,0.0,0.13580246913580246,0.3,0.2,0.12,0.0,7.2,1.0,1.0,0.04938271604938271,0.1,0.05,0.06,9.0,19.666666666666668,0.0,0.0,0.09876543209876543,0.1,0.05,0.08,5.0,10.714285714285714,0.0,0.0,0.09876543209876543,0.1,0.1,0.1,9.0,10.0,0.0,0.0,0.09876543209876543,0.1,0.05,0.04,1.0,11.285714285714286,0.0,1.0,0.08641975308641975,0.1,0.1,0.1,7.0,8.5,0.0,0.0,0.20987654320987653,0.1,0.25,0.24,4.0,4.4375,0.0,0.0,0.08641975308641975,0.0,0.0,0.14,21.0,4.5,0.0,0.0,0.07407407407407407,0.0,0.1,0.06,10.0,12.4,0.0,0.0,0.08641975308641975,0.0,0.1,0.06,11.0,11.333333333333334,0.0,0.0,0.07407407407407407,0.1,0.15,0.06,8.0,12.8,0.0,0.0,0.07407407407407407,0.1,0.05,0.06,6.0,12.6,0.0,0.0,0.09876543209876543,0.0,0.05,0.06,11.0,9.714285714285714,0.0,0.0,0.09876543209876543,0.1,0.05,0.04,0.0,10.142857142857142,1.0,1.0,0.14814814814814814,0.2,0.1,0.2,0.0,6.181818181818182,1.0,1.0,0.13580246913580246,0.2,0.1,0.12,1.0,7.9,0.0,1.0,0.1111111111111111,0.2,0.1,0.1,0.0,9.125,1.0,1.0,185.0,4.0,34.0,0.0,1.0,1.0,3.0,81.0,11.0,15.0,6.0,0,0,0,0,0,0,0,0,0,0,0,0,0,0,0,0,0,1,0,0,1,0,0,0,0,0,0,0,0,1,0,0,0,0,0,1,0,0,0,0,0,0,0,1,0,0,0,0
2020-11-22,0.12195121951219512,0.0,0.1,0.08,14.0,7.222222222222222,0.0,0.0,0.0975609756097561,0.1,0.1,0.08,6.0,10.285714285714286,0.0,0.0,0.12195121951219512,0.0,0.15,0.14,11.0,7.111111111111111,0.0,0.0,0.08536585365853659,0.1,0.1,0.12,4.0,7.833333333333333,0.0,0.0,0.12195121951219512,0.0,0.05,0.12,10.0,7.555555555555555,0.0,0.0,0.0975609756097561,0.0,0.0,0.1,31.0,6.571428571428571,0.0,0.0,0.10975609756097561,0.0,0.1,0.16,13.0,5.5,0.0,0.0,0.0975609756097561,0.1,0.05,0.08,8.0,9.428571428571429,0.0,0.0,0.13414634146341464,0.4,0.2,0.16,2.0,7.2,0.0,0.0,0.13414634146341464,0.0,0.15,0.16,10.0,6.1,0.0,0.0,0.17073170731707318,0.2,0.2,0.18,2.0,5.769230769230769,0.0,0.0,0.10975609756097561,0.1,0.1,0.12,6.0,8.375,0.0,0.0,0.10975609756097561,0.1,0.15,0.14,4.0,7.875,0.0,0.0,0.12195121951219512,0.2,0.15,0.14,1.0,6.111111111111111,0.0,1.0,0.13414634146341464,0.2,0.15,0.14,3.0,5.7,0.0,0.0,0.08536585365853659,0.2,0.15,0.1,5.0,11.833333333333334,0.0,0.0,0.07317073170731707,0.0,0.0,0.06,20.0,11.8,0.0,0.0,0.0975609756097561,0.1,0.05,0.04,0.0,11.0,1.0,1.0,0.08536585365853659,0.0,0.05,0.08,15.0,10.0,0.0,0.0,0.12195121951219512,0.2,0.2,0.16,6.0,7.888888888888889,0.0,0.0,0.10975609756097561,0.2,0.2,0.12,0.0,10.0,1.0,1.0,0.07317073170731707,0.0,0.05,0.06,10.0,12.6,0.0,0.0,0.07317073170731707,0.0,0.1,0.08,13.0,9.4,0.0,0.0,0.08536585365853659,0.1,0.05,0.06,9.0,12.0,0.0,0.0,0.10975609756097561,0.0,0.1,0.06,13.0,8.5,0.0,0.0,0.0975609756097561,0.0,0.05,0.08,19.0,8.428571428571429,0.0,0.0,0.13414634146341464,0.2,0.15,0.16,2.0,7.6,0.0,0.0,0.06097560975609756,0.0,0.05,0.06,17.0,14.75,0.0,0.0,0.06097560975609756,0.0,0.0,0.04,29.0,9.5,0.0,0.0,0.12195121951219512,0.4,0.25,0.16,0.0,8.88888888888889,1.0,1.0,0.07317073170731707,0.3,0.15,0.1,3.0,15.2,0.0,0.0,0.13414634146341464,0.3,0.2,0.12,1.0,7.2,0.0,1.0,0.04878048780487805,0.0,0.05,0.06,10.0,19.666666666666668,0.0,0.0,0.0975609756097561,0.1,0.05,0.08,6.0,10.714285714285714,0.0,0.0,0.0975609756097561,0.0,0.1,0.08,10.0,10.0,0.0,0.0,0.10975609756097561,0.2,0.1,0.06,0.0,10.125,1.0,1.0,0.08536585365853659,0.1,0.1,0.1,8.0,8.5,0.0,0.0,0.2073170731707317,0.1,0.25,0.24,5.0,4.4375,0.0,0.0,0.08536585365853659,0.0,0.0,0.14,22.0,4.5,0.0,0.0,0.07317073170731707,0.0,0.05,0.06,11.0,12.4,0.0,0.0,0.08536585365853659,0.0,0.1,0.06,12.0,11.333333333333334,0.0,0.0,0.07317073170731707,0.1,0.15,0.06,9.0,12.8,0.0,0.0,0.07317073170731707,0.1,0.05,0.06,7.0,12.6,0.0,0.0,0.10975609756097561,0.1,0.1,0.08,0.0,10.0,1.0,1.0,0.0975609756097561,0.1,0.05,0.04,1.0,10.142857142857142,0.0,1.0,0.14634146341463414,0.2,0.1,0.2,1.0,6.181818181818182,0.0,1.0,0.13414634146341464,0.2,0.1,0.12,2.0,7.9,0.0,0.0,0.10975609756097561,0.2,0.1,0.1,1.0,9.125,0.0,1.0,149.0,4.0,26.0,0.0,2.0,2.0,1.0,82.0,11.0,18.0,2.0,0,0,1,0,0,0,0,0,0,0,0,0,0,0,0,0,0,0,1,0,0,1,0,0,0,0,0,0,0,0,0,0,1,0,0,1,0,0,0,0,0,0,0,0,0,0,0,0
2020-11-25,0.12048192771084337,0.0,0.1,0.08,15.0,7.222222222222222,0.0,0.0,0.0963855421686747,0.1,0.1,0.08,7.0,10.285714285714286,0.0,0.0,0.13253012048192772,0.1,0.2,0.16,0.0,7.6,1.0,1.0,0.08433734939759036,0.1,0.05,0.1,5.0,7.833333333333333,0.0,0.0,0.12048192771084337,0.0,0.05,0.12,11.0,7.555555555555555,0.0,0.0,0.0963855421686747,0.0,0.0,0.1,32.0,6.571428571428571,0.0,0.0,0.10843373493975904,0.0,0.1,0.16,14.0,5.5,0.0,0.0,0.0963855421686747,0.1,0.05,0.08,9.0,9.428571428571429,0.0,0.0,0.13253012048192772,0.4,0.2,0.16,3.0,7.2,0.0,0.0,0.13253012048192772,0.0,0.15,0.16,11.0,6.1,0.0,0.0,0.1686746987951807,0.2,0.2,0.18,3.0,5.769230769230769,0.0,0.0,0.10843373493975904,0.1,0.1,0.1,7.0,8.375,0.0,0.0,0.10843373493975904,0.1,0.15,0.14,5.0,7.875,0.0,0.0,0.12048192771084337,0.2,0.15,0.14,2.0,6.111111111111111,0.0,0.0,0.13253012048192772,0.2,0.15,0.14,4.0,5.7,0.0,0.0,0.08433734939759036,0.2,0.1,0.1,6.0,11.833333333333334,0.0,0.0,0.07228915662650602,0.0,0.0,0.06,21.0,11.8,0.0,0.0,0.0963855421686747,0.1,0.05,0.04,1.0,11.0,0.0,1.0,0.0963855421686747,0.1,0.1,0.1,0.0,10.857142857142858,1.0,1.0,0.12048192771084337,0.1,0.2,0.16,7.0,7.888888888888889,0.0,0.0,0.10843373493975904,0.2,0.2,0.12,1.0,10.0,0.0,1.0,0.08433734939759036,0.1,0.1,0.06,0.0,12.333333333333334,1.0,1.0,0.07228915662650602,0.0,0.1,0.08,14.0,9.4,0.0,0.0,0.08433734939759036,0.0,0.05,0.06,10.0,12.0,0.0,0.0,0.10843373493975904,0.0,0.1,0.06,14.0,8.5,0.0,0.0,0.0963855421686747,0.0,0.0,0.08,20.0,8.428571428571429,0.0,0.0,0.13253012048192772,0.2,0.15,0.16,3.0,7.6,0.0,0.0,0.060240963855421686,0.0,0.05,0.06,18.0,14.75,0.0,0.0,0.060240963855421686,0.0,0.0,0.04,30.0,9.5,0.0,0.0,0.12048192771084337,0.3,0.25,0.16,1.0,8.88888888888889,0.0,1.0,0.07228915662650602,0.3,0.15,0.1,4.0,15.2,0.0,0.0,0.13253012048192772,0.2,0.2,0.12,2.0,7.2,0.0,0.0,0.060240963855421686,0.1,0.1,0.08,0.0,17.5,1.0,1.0,0.0963855421686747,0.1,0.05,0.08,7.0,10.714285714285714,0.0,0.0,0.0963855421686747,0.0,0.05,0.08,11.0,10.0,0.0,0.0,0.12048192771084337,0.3,0.15,0.08,0.0,9.11111111111111,1.0,1.0,0.08433734939759036,0.1,0.05,0.1,9.0,8.5,0.0,0.0,0.20481927710843373,0.1,0.25,0.24,6.0,4.4375,0.0,0.0,0.08433734939759036,0.0,0.0,0.12,23.0,4.5,0.0,0.0,0.07228915662650602,0.0,0.05,0.06,12.0,12.4,0.0,0.0,0.08433734939759036,0.0,0.1,0.06,13.0,11.333333333333334,0.0,0.0,0.07228915662650602,0.0,0.15,0.06,10.0,12.8,0.0,0.0,0.07228915662650602,0.1,0.05,0.06,8.0,12.6,0.0,0.0,0.10843373493975904,0.1,0.1,0.08,1.0,10.0,0.0,1.0,0.0963855421686747,0.1,0.05,0.04,2.0,10.142857142857142,0.0,0.0,0.14457831325301204,0.2,0.1,0.18,2.0,6.181818181818182,0.0,0.0,0.13253012048192772,0.2,0.1,0.12,3.0,7.9,0.0,0.0,0.10843373493975904,0.2,0.1,0.1,2.0,9.125,0.0,0.0,113.0,2.0,33.0,1.0,2.0,2.0,0.0,83.0,11.0,22.0,6.0,0,0,0,0,0,0,0,0,0,1,0,0,0,0,1,0,0,0,0,0,0,0,1,0,0,0,0,0,0,0,0,0,0,0,0,0,0,1,0,0,0,0,1,0,0,0,0,0
2020-11-29,0.11904761904761904,0.0,0.1,0.08,16.0,7.222222222222222,0.0,0.0,0.09523809523809523,0.1,0.05,0.08,8.0,10.285714285714286,0.0,0.0,0.13095238095238096,0.1,0.2,0.16,1.0,7.6,0.0,1.0,0.08333333333333333,0.1,0.05,0.1,6.0,7.833333333333333,0.0,0.0,0.11904761904761904,0.0,0.05,0.12,12.0,7.555555555555555,0.0,0.0,0.09523809523809523,0.0,0.0,0.1,33.0,6.571428571428571,0.0,0.0,0.10714285714285714,0.0,0.05,0.14,15.0,5.5,0.0,0.0,0.09523809523809523,0.0,0.05,0.06,10.0,9.428571428571429,0.0,0.0,0.13095238095238096,0.3,0.2,0.16,4.0,7.2,0.0,0.0,0.14285714285714285,0.1,0.15,0.16,0.0,6.636363636363637,1.0,1.0,0.16666666666666666,0.2,0.2,0.18,4.0,5.769230769230769,0.0,0.0,0.10714285714285714,0.1,0.1,0.1,8.0,8.375,0.0,0.0,0.10714285714285714,0.1,0.15,0.14,6.0,7.875,0.0,0.0,0.11904761904761904,0.2,0.1,0.14,3.0,6.111111111111111,0.0,0.0,0.14285714285714285,0.3,0.2,0.16,0.0,5.636363636363637,1.0,1.0,0.08333333333333333,0.1,0.1,0.1,7.0,11.833333333333334,0.0,0.0,0.07142857142857142,0.0,0.0,0.06,22.0,11.8,0.0,0.0,0.09523809523809523,0.1,0.05,0.04,2.0,11.0,0.0,0.0,0.09523809523809523,0.1,0.1,0.1,1.0,10.857142857142858,0.0,1.0,0.11904761904761904,0.1,0.2,0.16,8.0,7.888888888888889,0.0,0.0,0.10714285714285714,0.2,0.2,0.12,2.0,10.0,0.0,0.0,0.08333333333333333,0.1,0.1,0.06,1.0,12.333333333333334,0.0,1.0,0.08333333333333333,0.1,0.15,0.1,0.0,10.333333333333334,1.0,1.0,0.08333333333333333,0.0,0.05,0.06,11.0,12.0,0.0,0.0,0.10714285714285714,0.0,0.1,0.06,15.0,8.5,0.0,0.0,0.09523809523809523,0.0,0.0,0.08,21.0,8.428571428571429,0.0,0.0,0.13095238095238096,0.2,0.15,0.16,4.0,7.6,0.0,0.0,0.05952380952380952,0.0,0.05,0.06,19.0,14.75,0.0,0.0,0.05952380952380952,0.0,0.0,0.04,31.0,9.5,0.0,0.0,0.11904761904761904,0.3,0.25,0.16,2.0,8.88888888888889,0.0,0.0,0.07142857142857142,0.2,0.15,0.1,5.0,15.2,0.0,0.0,0.13095238095238096,0.2,0.15,0.12,3.0,7.2,0.0,0.0,0.05952380952380952,0.1,0.1,0.08,1.0,17.5,0.0,1.0,0.09523809523809523,0.1,0.05,0.06,8.0,10.714285714285714,0.0,0.0,0.09523809523809523,0.0,0.05,0.08,12.0,10.0,0.0,0.0,0.11904761904761904,0.3,0.15,0.08,1.0,9.11111111111111,0.0,1.0,0.08333333333333333,0.0,0.05,0.1,10.0,8.5,0.0,0.0,0.21428571428571427,0.2,0.3,0.26,0.0,4.588235294117647,1.0,1.0,0.08333333333333333,0.0,0.0,0.12,24.0,4.5,0.0,0.0,0.07142857142857142,0.0,0.05,0.06,13.0,12.4,0.0,0.0,0.08333333333333333,0.0,0.1,0.06,14.0,11.333333333333334,0.0,0.0,0.07142857142857142,0.0,0.15,0.06,11.0,12.8,0.0,0.0,0.08333333333333333,0.2,0.1,0.08,0.0,12.0,1.0,1.0,0.10714285714285714,0.1,0.1,0.08,2.0,10.0,0.0,0.0,0.09523809523809523,0.1,0.05,0.04,3.0,10.142857142857142,0.0,0.0,0.14285714285714285,0.2,0.1,0.18,3.0,6.181818181818182,0.0,0.0,0.13095238095238096,0.2,0.1,0.1,4.0,7.9,0.0,0.0,0.10714285714285714,0.2,0.1,0.1,3.0,9.125,0.0,0.0,129.0,2.0,33.0,1.0,2.0,0.0,2.0,84.0,11.0,25.0,2.0,0,0,0,1,0,0,0,0,0,0,0,0,0,0,0,0,0,0,0,1,0,0,0,0,0,0,0,0,0,0,0,0,0,0,0,0,0,1,0,0,1,0,0,0,0,1,0,0
2020-12-02,0.11764705882352941,0.0,0.05,0.08,17.0,7.222222222222222,0.0,0.0,0.09411764705882353,0.1,0.05,0.06,9.0,10.285714285714286,0.0,0.0,0.12941176470588237,0.1,0.2,0.16,2.0,7.6,0.0,0.0,0.09411764705882353,0.2,0.1,0.12,0.0,7.714285714285714,1.0,1.0,0.11764705882352941,0.0,0.05,0.1,13.0,7.555555555555555,0.0,0.0,0.09411764705882353,0.0,0.0,0.1,34.0,6.571428571428571,0.0,0.0,0.10588235294117647,0.0,0.05,0.14,16.0,5.5,0.0,0.0,0.09411764705882353,0.0,0.05,0.06,11.0,9.428571428571429,0.0,0.0,0.12941176470588237,0.2,0.2,0.16,5.0,7.2,0.0,0.0,0.1411764705882353,0.1,0.15,0.16,1.0,6.636363636363637,0.0,1.0,0.16470588235294117,0.2,0.2,0.18,5.0,5.769230769230769,0.0,0.0,0.10588235294117647,0.1,0.05,0.1,9.0,8.375,0.0,0.0,0.10588235294117647,0.1,0.15,0.12,7.0,7.875,0.0,0.0,0.11764705882352941,0.2,0.1,0.14,4.0,6.111111111111111,0.0,0.0,0.1411764705882353,0.2,0.2,0.16,1.0,5.636363636363637,0.0,1.0,0.08235294117647059,0.1,0.1,0.1,8.0,11.833333333333334,0.0,0.0,0.07058823529411765,0.0,0.0,0.06,23.0,11.8,0.0,0.0,0.09411764705882353,0.1,0.05,0.04,3.0,11.0,0.0,0.0,0.09411764705882353,0.1,0.1,0.1,2.0,10.857142857142858,0.0,0.0,0.12941176470588237,0.2,0.2,0.18,0.0,8.0,1.0,1.0,0.10588235294117647,0.2,0.2,0.12,3.0,10.0,0.0,0.0,0.08235294117647059,0.1,0.1,0.06,2.0,12.333333333333334,0.0,0.0,0.08235294117647059,0.1,0.15,0.1,1.0,10.333333333333334,0.0,1.0,0.08235294117647059,0.0,0.05,0.06,12.0,12.0,0.0,0.0,0.10588235294117647,0.0,0.1,0.06,16.0,8.5,0.0,0.0,0.09411764705882353,0.0,0.0,0.08,22.0,8.428571428571429,0.0,0.0,0.12941176470588237,0.1,0.15,0.16,5.0,7.6,0.0,0.0,0.058823529411764705,0.0,0.0,0.06,20.0,14.75,0.0,0.0,0.058823529411764705,0.0,0.0,0.04,32.0,9.5,0.0,0.0,0.11764705882352941,0.2,0.25,0.16,3.0,8.88888888888889,0.0,0.0,0.07058823529411765,0.2,0.15,0.1,6.0,15.2,0.0,0.0,0.12941176470588237,0.2,0.15,0.12,4.0,7.2,0.0,0.0,0.058823529411764705,0.1,0.1,0.08,2.0,17.5,0.0,0.0,0.09411764705882353,0.1,0.05,0.04,9.0,10.714285714285714,0.0,0.0,0.09411764705882353,0.0,0.05,0.08,13.0,10.0,0.0,0.0,0.11764705882352941,0.3,0.15,0.08,2.0,9.11111111111111,0.0,0.0,0.08235294117647059,0.0,0.05,0.1,11.0,8.5,0.0,0.0,0.2235294117647059,0.3,0.3,0.28,0.0,4.388888888888889,1.0,1.0,0.08235294117647059,0.0,0.0,0.12,25.0,4.5,0.0,0.0,0.07058823529411765,0.0,0.05,0.06,14.0,12.4,0.0,0.0,0.09411764705882353,0.1,0.15,0.08,0.0,11.857142857142858,1.0,1.0,0.07058823529411765,0.0,0.15,0.06,12.0,12.8,0.0,0.0,0.08235294117647059,0.1,0.1,0.08,1.0,12.0,0.0,1.0,0.10588235294117647,0.1,0.1,0.08,3.0,10.0,0.0,0.0,0.09411764705882353,0.1,0.05,0.04,4.0,10.142857142857142,0.0,0.0,0.15294117647058825,0.3,0.15,0.18,0.0,6.0,1.0,1.0,0.12941176470588237,0.2,0.1,0.1,5.0,7.9,0.0,0.0,0.10588235294117647,0.2,0.1,0.1,4.0,9.125,0.0,0.0,149.0,4.0,42.0,1.0,1.0,0.0,3.0,85.0,11.0,29.0,6.0,0,0,0,0,0,0,0,0,0,0,0,0,0,0,0,0,0,0,0,0,0,1,0,0,0,0,0,0,0,0,1,0,0,0,0,0,0,0,0,1,0,0,0,1,1,0,0,0
2020-12-07,0.11627906976744186,0.0,0.05,0.08,18.0,7.222222222222222,0.0,0.0,0.09302325581395349,0.0,0.05,0.06,10.0,10.285714285714286,0.0,0.0,0.12790697674418605,0.1,0.2,0.14,3.0,7.6,0.0,0.0,0.09302325581395349,0.2,0.1,0.12,1.0,7.714285714285714,0.0,1.0,0.11627906976744186,0.0,0.05,0.1,14.0,7.555555555555555,0.0,0.0,0.09302325581395349,0.0,0.0,0.1,35.0,6.571428571428571,0.0,0.0,0.10465116279069768,0.0,0.05,0.14,17.0,5.5,0.0,0.0,0.09302325581395349,0.0,0.05,0.06,12.0,9.428571428571429,0.0,0.0,0.12790697674418605,0.1,0.2,0.16,6.0,7.2,0.0,0.0,0.13953488372093023,0.1,0.15,0.16,2.0,6.636363636363637,0.0,0.0,0.16279069767441862,0.2,0.2,0.18,6.0,5.769230769230769,0.0,0.0,0.10465116279069768,0.0,0.05,0.08,10.0,8.375,0.0,0.0,0.10465116279069768,0.1,0.15,0.12,8.0,7.875,0.0,0.0,0.11627906976744186,0.2,0.1,0.12,5.0,6.111111111111111,0.0,0.0,0.13953488372093023,0.2,0.2,0.14,2.0,5.636363636363637,0.0,0.0,0.08139534883720931,0.1,0.1,0.1,9.0,11.833333333333334,0.0,0.0,0.06976744186046512,0.0,0.0,0.06,24.0,11.8,0.0,0.0,0.09302325581395349,0.1,0.05,0.04,4.0,11.0,0.0,0.0,0.09302325581395349,0.1,0.1,0.1,3.0,10.857142857142858,0.0,0.0,0.12790697674418605,0.1,0.15,0.18,1.0,8.0,0.0,1.0,0.10465116279069768,0.2,0.15,0.12,4.0,10.0,0.0,0.0,0.09302325581395349,0.2,0.15,0.08,0.0,11.0,1.0,1.0,0.08139534883720931,0.1,0.15,0.1,2.0,10.333333333333334,0.0,0.0,0.08139534883720931,0.0,0.05,0.06,13.0,12.0,0.0,0.0,0.10465116279069768,0.0,0.05,0.06,17.0,8.5,0.0,0.0,0.09302325581395349,0.0,0.0,0.08,23.0,8.428571428571429,0.0,0.0,0.12790697674418605,0.1,0.1,0.16,6.0,7.6,0.0,0.0,0.05813953488372093,0.0,0.0,0.06,21.0,14.75,0.0,0.0,0.05813953488372093,0.0,0.0,0.04,33.0,9.5,0.0,0.0,0.11627906976744186,0.2,0.2,0.16,4.0,8.88888888888889,0.0,0.0,0.08139534883720931,0.3,0.2,0.12,0.0,13.833333333333334,1.0,1.0,0.12790697674418605,0.2,0.15,0.12,5.0,7.2,0.0,0.0,0.05813953488372093,0.1,0.1,0.08,3.0,17.5,0.0,0.0,0.09302325581395349,0.0,0.05,0.04,10.0,10.714285714285714,0.0,0.0,0.09302325581395349,0.0,0.05,0.08,14.0,10.0,0.0,0.0,0.11627906976744186,0.3,0.15,0.08,3.0,9.11111111111111,0.0,0.0,0.08139534883720931,0.0,0.05,0.1,12.0,8.5,0.0,0.0,0.22093023255813954,0.3,0.3,0.28,1.0,4.388888888888889,0.0,1.0,0.08139534883720931,0.0,0.0,0.12,26.0,4.5,0.0,0.0,0.08139534883720931,0.1,0.1,0.08,0.0,12.833333333333334,1.0,1.0,0.09302325581395349,0.1,0.15,0.08,1.0,11.857142857142858,0.0,1.0,0.06976744186046512,0.0,0.15,0.06,13.0,12.8,0.0,0.0,0.08139534883720931,0.1,0.1,0.08,2.0,12.0,0.0,0.0,0.11627906976744186,0.2,0.15,0.1,0.0,9.333333333333334,1.0,1.0,0.10465116279069768,0.2,0.1,0.06,0.0,9.5,1.0,1.0,0.1511627906976744,0.3,0.15,0.18,1.0,6.0,0.0,1.0,0.12790697674418605,0.2,0.1,0.08,6.0,7.9,0.0,0.0,0.10465116279069768,0.2,0.1,0.1,5.0,9.125,0.0,0.0,182.0,3.0,23.0,0.0,1.0,1.0,3.0,86.0,12.0,2.0,2.0,1,0,0,0,0,0,0,1,1,0,0,0,0,0,0,0,0,0,0,0,0,0,0,0,0,0,0,1,0,0,0,0,1,0,0,0,0,0,0,0,0,0,0,0,0,0,0,0
2020-12-10,0.12643678160919541,0.1,0.1,0.1,0.0,8.4,1.0,1.0,0.09195402298850575,0.0,0.05,0.06,11.0,10.285714285714286,0.0,0.0,0.12643678160919541,0.1,0.15,0.14,4.0,7.6,0.0,0.0,0.09195402298850575,0.2,0.1,0.12,2.0,7.714285714285714,0.0,0.0,0.11494252873563218,0.0,0.05,0.1,15.0,7.555555555555555,0.0,0.0,0.09195402298850575,0.0,0.0,0.1,36.0,6.571428571428571,0.0,0.0,0.10344827586206896,0.0,0.05,0.14,18.0,5.5,0.0,0.0,0.10344827586206896,0.1,0.1,0.08,0.0,9.875,1.0,1.0,0.13793103448275862,0.2,0.25,0.18,0.0,7.181818181818182,1.0,1.0,0.13793103448275862,0.1,0.15,0.14,3.0,6.636363636363637,0.0,0.0,0.16091954022988506,0.1,0.2,0.18,7.0,5.769230769230769,0.0,0.0,0.10344827586206896,0.0,0.05,0.08,11.0,8.375,0.0,0.0,0.10344827586206896,0.1,0.15,0.12,9.0,7.875,0.0,0.0,0.11494252873563218,0.1,0.1,0.12,6.0,6.111111111111111,0.0,0.0,0.13793103448275862,0.2,0.2,0.14,3.0,5.636363636363637,0.0,0.0,0.08045977011494253,0.0,0.1,0.1,10.0,11.833333333333334,0.0,0.0,0.06896551724137931,0.0,0.0,0.06,25.0,11.8,0.0,0.0,0.09195402298850575,0.1,0.05,0.04,5.0,11.0,0.0,0.0,0.09195402298850575,0.1,0.05,0.1,4.0,10.857142857142858,0.0,0.0,0.12643678160919541,0.1,0.15,0.18,2.0,8.0,0.0,0.0,0.10344827586206896,0.1,0.15,0.12,5.0,10.0,0.0,0.0,0.09195402298850575,0.2,0.15,0.08,1.0,11.0,0.0,1.0,0.08045977011494253,0.1,0.15,0.1,3.0,10.333333333333334,0.0,0.0,0.08045977011494253,0.0,0.05,0.04,14.0,12.0,0.0,0.0,0.10344827586206896,0.0,0.05,0.06,18.0,8.5,0.0,0.0,0.09195402298850575,0.0,0.0,0.08,24.0,8.428571428571429,0.0,0.0,0.12643678160919541,0.1,0.1,0.16,7.0,7.6,0.0,0.0,0.06896551724137931,0.1,0.05,0.08,0.0,16.2,1.0,1.0,0.05747126436781609,0.0,0.0,0.04,34.0,9.5,0.0,0.0,0.11494252873563218,0.2,0.2,0.16,5.0,8.88888888888889,0.0,0.0,0.08045977011494253,0.3,0.2,0.12,1.0,13.833333333333334,0.0,1.0,0.12643678160919541,0.2,0.15,0.12,6.0,7.2,0.0,0.0,0.06896551724137931,0.2,0.15,0.1,0.0,14.8,1.0,1.0,0.09195402298850575,0.0,0.05,0.04,11.0,10.714285714285714,0.0,0.0,0.09195402298850575,0.0,0.05,0.06,15.0,10.0,0.0,0.0,0.11494252873563218,0.3,0.15,0.08,4.0,9.11111111111111,0.0,0.0,0.08045977011494253,0.0,0.05,0.1,13.0,8.5,0.0,0.0,0.21839080459770116,0.2,0.25,0.28,2.0,4.388888888888889,0.0,0.0,0.08045977011494253,0.0,0.0,0.1,27.0,4.5,0.0,0.0,0.08045977011494253,0.1,0.1,0.08,1.0,12.833333333333334,0.0,1.0,0.09195402298850575,0.1,0.1,0.08,2.0,11.857142857142858,0.0,0.0,0.06896551724137931,0.0,0.1,0.06,14.0,12.8,0.0,0.0,0.08045977011494253,0.1,0.1,0.08,3.0,12.0,0.0,0.0,0.11494252873563218,0.2,0.15,0.08,1.0,9.333333333333334,0.0,1.0,0.10344827586206896,0.2,0.1,0.06,1.0,9.5,0.0,1.0,0.14942528735632185,0.3,0.15,0.18,2.0,6.0,0.0,0.0,0.12643678160919541,0.2,0.1,0.08,7.0,7.9,0.0,0.0,0.10344827586206896,0.2,0.1,0.1,6.0,9.125,0.0,0.0,79.0,2.0,32.0,3.0,0.0,2.0,0.0,87.0,12.0,7.0,0.0,0,0,0,0,0,0,0,0,0,1,0,0,1,0,0,0,0,0,0,0,0,0,0,0,0,0,0,1,0,0,0,0,0,0,1,0,0,0,0,0,0,0,0,0,1,0,0,0
2020-12-13,0.125,0.1,0.05,0.1,1.0,8.4,0.0,1.0,0.09090909090909091,0.0,0.05,0.06,12.0,10.285714285714286,0.0,0.0,0.125,0.1,0.15,0.14,5.0,7.6,0.0,0.0,0.09090909090909091,0.1,0.1,0.12,3.0,7.714285714285714,0.0,0.0,0.11363636363636363,0.0,0.05,0.1,16.0,7.555555555555555,0.0,0.0,0.09090909090909091,0.0,0.0,0.1,37.0,6.571428571428571,0.0,0.0,0.10227272727272728,0.0,0.05,0.12,19.0,5.5,0.0,0.0,0.10227272727272728,0.1,0.1,0.08,1.0,9.875,0.0,1.0,0.13636363636363635,0.2,0.25,0.18,1.0,7.181818181818182,0.0,1.0,0.14772727272727273,0.2,0.2,0.16,0.0,6.416666666666667,1.0,1.0,0.1590909090909091,0.1,0.2,0.18,8.0,5.769230769230769,0.0,0.0,0.10227272727272728,0.0,0.05,0.08,12.0,8.375,0.0,0.0,0.11363636363636363,0.1,0.15,0.14,0.0,8.11111111111111,1.0,1.0,0.11363636363636363,0.1,0.1,0.12,7.0,6.111111111111111,0.0,0.0,0.13636363636363635,0.2,0.2,0.14,4.0,5.636363636363637,0.0,0.0,0.07954545454545454,0.0,0.1,0.1,11.0,11.833333333333334,0.0,0.0,0.06818181818181818,0.0,0.0,0.06,26.0,11.8,0.0,0.0,0.09090909090909091,0.1,0.05,0.04,6.0,11.0,0.0,0.0,0.09090909090909091,0.1,0.05,0.1,5.0,10.857142857142858,0.0,0.0,0.125,0.1,0.15,0.18,3.0,8.0,0.0,0.0,0.10227272727272728,0.1,0.1,0.12,6.0,10.0,0.0,0.0,0.09090909090909091,0.2,0.15,0.08,2.0,11.0,0.0,0.0,0.07954545454545454,0.1,0.1,0.1,4.0,10.333333333333334,0.0,0.0,0.07954545454545454,0.0,0.05,0.04,15.0,12.0,0.0,0.0,0.10227272727272728,0.0,0.05,0.06,19.0,8.5,0.0,0.0,0.09090909090909091,0.0,0.0,0.06,25.0,8.428571428571429,0.0,0.0,0.125,0.1,0.1,0.16,8.0,7.6,0.0,0.0,0.07954545454545454,0.2,0.1,0.1,0.0,13.666666666666666,1.0,1.0,0.056818181818181816,0.0,0.0,0.04,35.0,9.5,0.0,0.0,0.11363636363636363,0.1,0.2,0.16,6.0,8.88888888888889,0.0,0.0,0.07954545454545454,0.2,0.2,0.12,2.0,13.833333333333334,0.0,0.0,0.125,0.2,0.15,0.1,7.0,7.2,0.0,0.0,0.06818181818181818,0.2,0.15,0.1,1.0,14.8,0.0,1.0,0.09090909090909091,0.0,0.05,0.04,12.0,10.714285714285714,0.0,0.0,0.10227272727272728,0.1,0.1,0.08,0.0,10.75,1.0,1.0,0.11363636363636363,0.3,0.15,0.08,5.0,9.11111111111111,0.0,0.0,0.07954545454545454,0.0,0.05,0.1,14.0,8.5,0.0,0.0,0.2159090909090909,0.2,0.2,0.26,3.0,4.388888888888889,0.0,0.0,0.07954545454545454,0.0,0.0,0.08,28.0,4.5,0.0,0.0,0.07954545454545454,0.1,0.1,0.08,2.0,12.833333333333334,0.0,0.0,0.09090909090909091,0.1,0.1,0.08,3.0,11.857142857142858,0.0,0.0,0.06818181818181818,0.0,0.1,0.06,15.0,12.8,0.0,0.0,0.07954545454545454,0.1,0.1,0.08,4.0,12.0,0.0,0.0,0.11363636363636363,0.2,0.15,0.08,2.0,9.333333333333334,0.0,0.0,0.11363636363636363,0.3,0.15,0.08,0.0,8.666666666666666,1.0,1.0,0.14772727272727273,0.3,0.15,0.18,3.0,6.0,0.0,0.0,0.125,0.1,0.1,0.08,8.0,7.9,0.0,0.0,0.10227272727272728,0.2,0.1,0.1,7.0,9.125,0.0,0.0,131.0,2.0,35.0,1.0,1.0,2.0,1.0,88.0,12.0,10.0,3.0,1,0,0,0,0,0,0,0,0,0,0,0,0,0,0,0,0,1,0,0,0,0,0,0,0,0,0,1,0,0,0,0,0,0,0,0,1,0,0,0,0,0,0,0,1,0,0,0
2020-12-16,0.1348314606741573,0.2,0.1,0.12,0.0,7.818181818181818,1.0,1.0,0.0898876404494382,0.0,0.05,0.06,13.0,10.285714285714286,0.0,0.0,0.12359550561797752,0.1,0.1,0.14,6.0,7.6,0.0,0.0,0.0898876404494382,0.1,0.1,0.12,4.0,7.714285714285714,0.0,0.0,0.11235955056179775,0.0,0.05,0.1,17.0,7.555555555555555,0.0,0.0,0.0898876404494382,0.0,0.0,0.08,38.0,6.571428571428571,0.0,0.0,0.10112359550561797,0.0,0.0,0.12,20.0,5.5,0.0,0.0,0.10112359550561797,0.1,0.1,0.08,2.0,9.875,0.0,0.0,0.1348314606741573,0.2,0.25,0.18,2.0,7.181818181818182,0.0,0.0,0.14606741573033707,0.2,0.2,0.16,1.0,6.416666666666667,0.0,1.0,0.15730337078651685,0.1,0.2,0.18,9.0,5.769230769230769,0.0,0.0,0.10112359550561797,0.0,0.05,0.08,13.0,8.375,0.0,0.0,0.11235955056179775,0.1,0.15,0.14,1.0,8.11111111111111,0.0,1.0,0.11235955056179775,0.1,0.1,0.12,8.0,6.111111111111111,0.0,0.0,0.1348314606741573,0.1,0.2,0.14,5.0,5.636363636363637,0.0,0.0,0.07865168539325842,0.0,0.1,0.1,12.0,11.833333333333334,0.0,0.0,0.06741573033707865,0.0,0.0,0.06,27.0,11.8,0.0,0.0,0.10112359550561797,0.2,0.1,0.06,0.0,10.5,1.0,1.0,0.0898876404494382,0.1,0.05,0.1,6.0,10.857142857142858,0.0,0.0,0.12359550561797752,0.1,0.15,0.18,4.0,8.0,0.0,0.0,0.10112359550561797,0.1,0.1,0.12,7.0,10.0,0.0,0.0,0.0898876404494382,0.2,0.15,0.08,3.0,11.0,0.0,0.0,0.07865168539325842,0.1,0.05,0.1,5.0,10.333333333333334,0.0,0.0,0.07865168539325842,0.0,0.05,0.04,16.0,12.0,0.0,0.0,0.10112359550561797,0.0,0.0,0.06,20.0,8.5,0.0,0.0,0.0898876404494382,0.0,0.0,0.06,26.0,8.428571428571429,0.0,0.0,0.12359550561797752,0.1,0.1,0.14,9.0,7.6,0.0,0.0,0.0898876404494382,0.3,0.15,0.1,0.0,11.857142857142858,1.0,1.0,0.056179775280898875,0.0,0.0,0.04,36.0,9.5,0.0,0.0,0.11235955056179775,0.1,0.2,0.16,7.0,8.88888888888889,0.0,0.0,0.07865168539325842,0.1,0.2,0.12,3.0,13.833333333333334,0.0,0.0,0.12359550561797752,0.1,0.15,0.1,8.0,7.2,0.0,0.0,0.06741573033707865,0.2,0.15,0.1,2.0,14.8,0.0,0.0,0.0898876404494382,0.0,0.05,0.04,13.0,10.714285714285714,0.0,0.0,0.10112359550561797,0.1,0.1,0.08,1.0,10.75,0.0,1.0,0.11235955056179775,0.3,0.15,0.08,6.0,9.11111111111111,0.0,0.0,0.0898876404494382,0.1,0.1,0.12,0.0,9.428571428571429,1.0,1.0,0.21348314606741572,0.2,0.15,0.24,4.0,4.388888888888889,0.0,0.0,0.07865168539325842,0.0,0.0,0.06,29.0,4.5,0.0,0.0,0.07865168539325842,0.1,0.1,0.08,3.0,12.833333333333334,0.0,0.0,0.0898876404494382,0.1,0.1,0.08,4.0,11.857142857142858,0.0,0.0,0.06741573033707865,0.0,0.1,0.06,16.0,12.8,0.0,0.0,0.07865168539325842,0.1,0.1,0.08,5.0,12.0,0.0,0.0,0.11235955056179775,0.2,0.15,0.08,3.0,9.333333333333334,0.0,0.0,0.12359550561797752,0.4,0.2,0.1,0.0,7.9,1.0,1.0,0.14606741573033707,0.2,0.15,0.18,4.0,6.0,0.0,0.0,0.12359550561797752,0.1,0.1,0.08,9.0,7.9,0.0,0.0,0.10112359550561797,0.1,0.1,0.1,8.0,9.125,0.0,0.0,129.0,2.0,44.0,1.0,1.0,1.0,2.0,89.0,12.0,13.0,6.0,1,0,0,0,0,0,0,0,0,0,0,0,0,1,0,0,0,0,0,0,0,0,1,0,0,0,0,0,0,0,0,0,0,0,0,0,0,0,1,1,0,0,0,0,0,0,0,0
2020-12-20,0.14444444444444443,0.3,0.15,0.14,0.0,7.25,1.0,1.0,0.08888888888888889,0.0,0.05,0.06,14.0,10.285714285714286,0.0,0.0,0.12222222222222222,0.1,0.1,0.14,7.0,7.6,0.0,0.0,0.08888888888888889,0.1,0.1,0.12,5.0,7.714285714285714,0.0,0.0,0.1111111111111111,0.0,0.05,0.1,18.0,7.555555555555555,0.0,0.0,0.08888888888888889,0.0,0.0,0.06,39.0,6.571428571428571,0.0,0.0,0.1,0.0,0.0,0.12,21.0,5.5,0.0,0.0,0.1,0.1,0.1,0.08,3.0,9.875,0.0,0.0,0.13333333333333333,0.1,0.25,0.18,3.0,7.181818181818182,0.0,0.0,0.14444444444444443,0.2,0.15,0.16,2.0,6.416666666666667,0.0,0.0,0.15555555555555556,0.0,0.15,0.18,10.0,5.769230769230769,0.0,0.0,0.1,0.0,0.05,0.08,14.0,8.375,0.0,0.0,0.1111111111111111,0.1,0.15,0.12,2.0,8.11111111111111,0.0,0.0,0.12222222222222222,0.2,0.15,0.14,0.0,6.4,1.0,1.0,0.13333333333333333,0.1,0.15,0.14,6.0,5.636363636363637,0.0,0.0,0.07777777777777778,0.0,0.1,0.1,13.0,11.833333333333334,0.0,0.0,0.06666666666666667,0.0,0.0,0.06,28.0,11.8,0.0,0.0,0.1,0.2,0.1,0.06,1.0,10.5,0.0,1.0,0.08888888888888889,0.1,0.05,0.1,7.0,10.857142857142858,0.0,0.0,0.12222222222222222,0.1,0.15,0.18,5.0,8.0,0.0,0.0,0.1,0.1,0.1,0.12,8.0,10.0,0.0,0.0,0.08888888888888889,0.2,0.15,0.08,4.0,11.0,0.0,0.0,0.08888888888888889,0.2,0.1,0.12,0.0,9.714285714285714,1.0,1.0,0.07777777777777778,0.0,0.05,0.04,17.0,12.0,0.0,0.0,0.1,0.0,0.0,0.06,21.0,8.5,0.0,0.0,0.08888888888888889,0.0,0.0,0.06,27.0,8.428571428571429,0.0,0.0,0.12222222222222222,0.0,0.1,0.14,10.0,7.6,0.0,0.0,0.08888888888888889,0.3,0.15,0.1,1.0,11.857142857142858,0.0,1.0,0.05555555555555555,0.0,0.0,0.04,37.0,9.5,0.0,0.0,0.1111111111111111,0.1,0.2,0.16,8.0,8.88888888888889,0.0,0.0,0.07777777777777778,0.1,0.2,0.12,4.0,13.833333333333334,0.0,0.0,0.12222222222222222,0.1,0.15,0.1,9.0,7.2,0.0,0.0,0.06666666666666667,0.2,0.15,0.1,3.0,14.8,0.0,0.0,0.08888888888888889,0.0,0.05,0.04,14.0,10.714285714285714,0.0,0.0,0.1,0.1,0.1,0.06,2.0,10.75,0.0,0.0,0.1111111111111111,0.2,0.15,0.08,7.0,9.11111111111111,0.0,0.0,0.08888888888888889,0.1,0.1,0.12,1.0,9.428571428571429,0.0,1.0,0.2111111111111111,0.2,0.15,0.24,5.0,4.388888888888889,0.0,0.0,0.08888888888888889,0.1,0.05,0.08,0.0,8.142857142857142,1.0,1.0,0.08888888888888889,0.2,0.15,0.1,0.0,11.571428571428571,1.0,1.0,0.08888888888888889,0.1,0.05,0.08,5.0,11.857142857142858,0.0,0.0,0.06666666666666667,0.0,0.1,0.06,17.0,12.8,0.0,0.0,0.07777777777777778,0.1,0.1,0.06,6.0,12.0,0.0,0.0,0.1111111111111111,0.2,0.1,0.08,4.0,9.333333333333334,0.0,0.0,0.12222222222222222,0.4,0.2,0.1,1.0,7.9,0.0,1.0,0.14444444444444443,0.2,0.15,0.18,5.0,6.0,0.0,0.0,0.12222222222222222,0.0,0.1,0.06,10.0,7.9,0.0,0.0,0.1,0.1,0.1,0.1,9.0,9.125,0.0,0.0,117.0,2.0,39.0,1.0,2.0,0.0,2.0,90.0,12.0,16.0,2.0,1,0,0,0,0,0,0,0,0,0,0,0,0,1,0,0,0,0,0,0,0,0,0,0,0,0,1,0,0,0,0,0,0,0,1,0,0,0,0,0,0,0,0,0,0,0,0,1
2020-12-23,0.15384615384615385,0.4,0.2,0.16,0.0,6.769230769230769,1.0,1.0,0.08791208791208792,0.0,0.05,0.06,15.0,10.285714285714286,0.0,0.0,0.12087912087912088,0.1,0.05,0.14,8.0,7.6,0.0,0.0,0.08791208791208792,0.1,0.1,0.12,6.0,7.714285714285714,0.0,0.0,0.10989010989010989,0.0,0.05,0.1,19.0,7.555555555555555,0.0,0.0,0.08791208791208792,0.0,0.0,0.06,40.0,6.571428571428571,0.0,0.0,0.0989010989010989,0.0,0.0,0.12,22.0,5.5,0.0,0.0,0.0989010989010989,0.1,0.1,0.08,4.0,9.875,0.0,0.0,0.13186813186813187,0.1,0.25,0.18,4.0,7.181818181818182,0.0,0.0,0.14285714285714285,0.2,0.15,0.14,3.0,6.416666666666667,0.0,0.0,0.15384615384615385,0.0,0.1,0.16,11.0,5.769230769230769,0.0,0.0,0.0989010989010989,0.0,0.05,0.08,15.0,8.375,0.0,0.0,0.10989010989010989,0.1,0.1,0.12,3.0,8.11111111111111,0.0,0.0,0.13186813186813187,0.2,0.2,0.16,0.0,5.909090909090909,1.0,1.0,0.13186813186813187,0.1,0.15,0.14,7.0,5.636363636363637,0.0,0.0,0.07692307692307693,0.0,0.1,0.1,14.0,11.833333333333334,0.0,0.0,0.06593406593406594,0.0,0.0,0.06,29.0,11.8,0.0,0.0,0.0989010989010989,0.2,0.1,0.06,2.0,10.5,0.0,0.0,0.08791208791208792,0.1,0.05,0.08,8.0,10.857142857142858,0.0,0.0,0.12087912087912088,0.1,0.15,0.18,6.0,8.0,0.0,0.0,0.0989010989010989,0.1,0.1,0.12,9.0,10.0,0.0,0.0,0.08791208791208792,0.2,0.15,0.08,5.0,11.0,0.0,0.0,0.08791208791208792,0.2,0.1,0.12,1.0,9.714285714285714,0.0,1.0,0.07692307692307693,0.0,0.05,0.04,18.0,12.0,0.0,0.0,0.0989010989010989,0.0,0.0,0.04,22.0,8.5,0.0,0.0,0.08791208791208792,0.0,0.0,0.06,28.0,8.428571428571429,0.0,0.0,0.13186813186813187,0.1,0.15,0.16,0.0,7.909090909090909,1.0,1.0,0.08791208791208792,0.3,0.15,0.1,2.0,11.857142857142858,0.0,0.0,0.054945054945054944,0.0,0.0,0.02,38.0,9.5,0.0,0.0,0.10989010989010989,0.1,0.2,0.16,9.0,8.88888888888889,0.0,0.0,0.07692307692307693,0.1,0.2,0.12,5.0,13.833333333333334,0.0,0.0,0.12087912087912088,0.0,0.15,0.1,10.0,7.2,0.0,0.0,0.06593406593406594,0.2,0.15,0.1,4.0,14.8,0.0,0.0,0.08791208791208792,0.0,0.05,0.04,15.0,10.714285714285714,0.0,0.0,0.10989010989010989,0.2,0.15,0.08,0.0,9.88888888888889,1.0,1.0,0.10989010989010989,0.2,0.15,0.08,8.0,9.11111111111111,0.0,0.0,0.08791208791208792,0.1,0.1,0.12,2.0,9.428571428571429,0.0,0.0,0.2087912087912088,0.2,0.15,0.24,6.0,4.388888888888889,0.0,0.0,0.08791208791208792,0.1,0.05,0.08,1.0,8.142857142857142,0.0,1.0,0.08791208791208792,0.2,0.1,0.1,1.0,11.571428571428571,0.0,1.0,0.08791208791208792,0.1,0.05,0.08,6.0,11.857142857142858,0.0,0.0,0.06593406593406594,0.0,0.05,0.06,18.0,12.8,0.0,0.0,0.07692307692307693,0.1,0.1,0.06,7.0,12.0,0.0,0.0,0.10989010989010989,0.2,0.1,0.08,5.0,9.333333333333334,0.0,0.0,0.12087912087912088,0.3,0.2,0.1,2.0,7.9,0.0,0.0,0.14285714285714285,0.1,0.15,0.18,6.0,6.0,0.0,0.0,0.12087912087912088,0.0,0.1,0.06,11.0,7.9,0.0,0.0,0.10989010989010989,0.1,0.15,0.12,0.0,9.222222222222221,1.0,1.0,125.0,2.0,47.0,1.0,1.0,2.0,1.0,91.0,12.0,20.0,6.0,0,0,0,1,0,0,1,0,0,1,0,0,1,0,0,0,0,0,0,0,0,0,0,0,0,0,0,0,0,0,0,0,0,0,0,0,0,0,0,0,1,0,0,0,0,0,0,0
2020-12-27,0.15217391304347827,0.4,0.2,0.14,1.0,6.769230769230769,0.0,1.0,0.08695652173913043,0.0,0.05,0.06,16.0,10.285714285714286,0.0,0.0,0.11956521739130435,0.1,0.05,0.14,9.0,7.6,0.0,0.0,0.09782608695652174,0.2,0.15,0.14,0.0,7.625,1.0,1.0,0.10869565217391304,0.0,0.0,0.1,20.0,7.555555555555555,0.0,0.0,0.08695652173913043,0.0,0.0,0.06,41.0,6.571428571428571,0.0,0.0,0.10869565217391304,0.1,0.05,0.14,0.0,7.444444444444445,1.0,1.0,0.09782608695652174,0.1,0.1,0.08,5.0,9.875,0.0,0.0,0.13043478260869565,0.1,0.25,0.18,5.0,7.181818181818182,0.0,0.0,0.15217391304347827,0.3,0.15,0.16,0.0,6.230769230769231,1.0,1.0,0.15217391304347827,0.0,0.1,0.16,12.0,5.769230769230769,0.0,0.0,0.09782608695652174,0.0,0.05,0.06,16.0,8.375,0.0,0.0,0.11956521739130435,0.2,0.15,0.12,0.0,7.7,1.0,1.0,0.13043478260869565,0.2,0.2,0.16,1.0,5.909090909090909,0.0,1.0,0.13043478260869565,0.1,0.15,0.14,8.0,5.636363636363637,0.0,0.0,0.07608695652173914,0.0,0.1,0.1,15.0,11.833333333333334,0.0,0.0,0.06521739130434782,0.0,0.0,0.06,30.0,11.8,0.0,0.0,0.09782608695652174,0.1,0.1,0.06,3.0,10.5,0.0,0.0,0.08695652173913043,0.1,0.05,0.08,9.0,10.857142857142858,0.0,0.0,0.11956521739130435,0.1,0.15,0.18,7.0,8.0,0.0,0.0,0.09782608695652174,0.0,0.1,0.12,10.0,10.0,0.0,0.0,0.08695652173913043,0.2,0.1,0.08,6.0,11.0,0.0,0.0,0.08695652173913043,0.2,0.1,0.12,2.0,9.714285714285714,0.0,0.0,0.07608695652173914,0.0,0.05,0.04,19.0,12.0,0.0,0.0,0.09782608695652174,0.0,0.0,0.04,23.0,8.5,0.0,0.0,0.08695652173913043,0.0,0.0,0.06,29.0,8.428571428571429,0.0,0.0,0.13043478260869565,0.1,0.15,0.16,1.0,7.909090909090909,0.0,1.0,0.08695652173913043,0.3,0.15,0.1,3.0,11.857142857142858,0.0,0.0,0.05434782608695652,0.0,0.0,0.02,39.0,9.5,0.0,0.0,0.10869565217391304,0.0,0.2,0.14,10.0,8.88888888888889,0.0,0.0,0.07608695652173914,0.1,0.2,0.12,6.0,13.833333333333334,0.0,0.0,0.11956521739130435,0.0,0.15,0.1,11.0,7.2,0.0,0.0,0.06521739130434782,0.2,0.1,0.1,5.0,14.8,0.0,0.0,0.08695652173913043,0.0,0.05,0.04,16.0,10.714285714285714,0.0,0.0,0.10869565217391304,0.2,0.1,0.08,1.0,9.88888888888889,0.0,1.0,0.10869565217391304,0.1,0.15,0.08,9.0,9.11111111111111,0.0,0.0,0.08695652173913043,0.1,0.1,0.12,3.0,9.428571428571429,0.0,0.0,0.20652173913043478,0.2,0.15,0.22,7.0,4.388888888888889,0.0,0.0,0.08695652173913043,0.1,0.05,0.08,2.0,8.142857142857142,0.0,0.0,0.08695652173913043,0.2,0.1,0.1,2.0,11.571428571428571,0.0,0.0,0.09782608695652174,0.2,0.1,0.1,0.0,11.25,1.0,1.0,0.06521739130434782,0.0,0.05,0.06,19.0,12.8,0.0,0.0,0.07608695652173914,0.1,0.1,0.06,8.0,12.0,0.0,0.0,0.10869565217391304,0.1,0.1,0.08,6.0,9.333333333333334,0.0,0.0,0.11956521739130435,0.3,0.2,0.1,3.0,7.9,0.0,0.0,0.14130434782608695,0.1,0.15,0.18,7.0,6.0,0.0,0.0,0.11956521739130435,0.0,0.1,0.06,12.0,7.9,0.0,0.0,0.10869565217391304,0.1,0.15,0.12,1.0,9.222222222222221,0.0,1.0,75.0,2.0,37.0,3.0,1.0,0.0,1.0,92.0,12.0,23.0,2.0,0,0,0,0,0,0,0,0,1,0,0,1,0,0,0,0,0,0,0,0,0,0,1,0,0,0,0,0,0,0,0,0,1,0,0,0,0,0,0,0,0,0,0,0,1,0,0,0
2020-12-31,0.15053763440860216,0.4,0.2,0.14,2.0,6.769230769230769,0.0,0.0,0.08602150537634409,0.0,0.05,0.06,17.0,10.285714285714286,0.0,0.0,0.11827956989247312,0.0,0.05,0.14,10.0,7.6,0.0,0.0,0.0967741935483871,0.2,0.15,0.14,1.0,7.625,0.0,1.0,0.10752688172043011,0.0,0.0,0.1,21.0,7.555555555555555,0.0,0.0,0.08602150537634409,0.0,0.0,0.06,42.0,6.571428571428571,0.0,0.0,0.10752688172043011,0.1,0.05,0.14,1.0,7.444444444444445,0.0,1.0,0.0967741935483871,0.1,0.1,0.08,6.0,9.875,0.0,0.0,0.13978494623655913,0.2,0.3,0.2,0.0,7.083333333333333,1.0,1.0,0.15053763440860216,0.3,0.15,0.16,1.0,6.230769230769231,0.0,1.0,0.15053763440860216,0.0,0.1,0.16,13.0,5.769230769230769,0.0,0.0,0.10752688172043011,0.1,0.1,0.08,0.0,9.333333333333334,1.0,1.0,0.11827956989247312,0.2,0.15,0.12,1.0,7.7,0.0,1.0,0.12903225806451613,0.2,0.2,0.16,2.0,5.909090909090909,0.0,0.0,0.12903225806451613,0.1,0.15,0.12,9.0,5.636363636363637,0.0,0.0,0.07526881720430108,0.0,0.1,0.1,16.0,11.833333333333334,0.0,0.0,0.06451612903225806,0.0,0.0,0.06,31.0,11.8,0.0,0.0,0.0967741935483871,0.1,0.1,0.06,4.0,10.5,0.0,0.0,0.08602150537634409,0.0,0.05,0.06,10.0,10.857142857142858,0.0,0.0,0.11827956989247312,0.1,0.1,0.18,8.0,8.0,0.0,0.0,0.0967741935483871,0.0,0.1,0.12,11.0,10.0,0.0,0.0,0.08602150537634409,0.1,0.1,0.08,7.0,11.0,0.0,0.0,0.0967741935483871,0.3,0.15,0.14,0.0,8.875,1.0,1.0,0.07526881720430108,0.0,0.0,0.04,20.0,12.0,0.0,0.0,0.0967741935483871,0.0,0.0,0.04,24.0,8.5,0.0,0.0,0.08602150537634409,0.0,0.0,0.06,30.0,8.428571428571429,0.0,0.0,0.12903225806451613,0.1,0.15,0.14,2.0,7.909090909090909,0.0,0.0,0.08602150537634409,0.3,0.15,0.1,4.0,11.857142857142858,0.0,0.0,0.053763440860215055,0.0,0.0,0.02,40.0,9.5,0.0,0.0,0.10752688172043011,0.0,0.15,0.14,11.0,8.88888888888889,0.0,0.0,0.07526881720430108,0.1,0.2,0.12,7.0,13.833333333333334,0.0,0.0,0.11827956989247312,0.0,0.1,0.1,12.0,7.2,0.0,0.0,0.07526881720430108,0.2,0.15,0.12,0.0,13.333333333333334,1.0,1.0,0.08602150537634409,0.0,0.05,0.04,17.0,10.714285714285714,0.0,0.0,0.10752688172043011,0.2,0.1,0.08,2.0,9.88888888888889,0.0,0.0,0.10752688172043011,0.0,0.15,0.08,10.0,9.11111111111111,0.0,0.0,0.08602150537634409,0.1,0.1,0.12,4.0,9.428571428571429,0.0,0.0,0.20430107526881722,0.2,0.15,0.2,8.0,4.388888888888889,0.0,0.0,0.08602150537634409,0.1,0.05,0.08,3.0,8.142857142857142,0.0,0.0,0.08602150537634409,0.2,0.1,0.1,3.0,11.571428571428571,0.0,0.0,0.0967741935483871,0.2,0.1,0.1,1.0,11.25,0.0,1.0,0.06451612903225806,0.0,0.0,0.06,20.0,12.8,0.0,0.0,0.07526881720430108,0.1,0.1,0.06,9.0,12.0,0.0,0.0,0.10752688172043011,0.1,0.1,0.08,7.0,9.333333333333334,0.0,0.0,0.12903225806451613,0.4,0.25,0.12,0.0,7.545454545454546,1.0,1.0,0.13978494623655913,0.1,0.15,0.16,8.0,6.0,0.0,0.0,0.11827956989247312,0.0,0.1,0.06,13.0,7.9,0.0,0.0,0.10752688172043011,0.1,0.15,0.12,2.0,9.222222222222221,0.0,0.0,122.0,1.0,36.0,2.0,1.0,1.0,1.0,93.0,12.0,27.0,6.0,0,0,0,0,0,0,0,0,1,0,1,0,0,0,0,0,0,0,0,0,0,0,0,0,0,0,0,0,0,0,0,0,0,0,0,0,0,1,1,0,0,0,0,0,0,1,0,0
2021-10-24,0.14893617021276595,0.4,0.2,0.14,3.0,6.769230769230769,0.0,0.0,0.0851063829787234,0.0,0.05,0.06,18.0,10.285714285714286,0.0,0.0,0.11702127659574468,0.0,0.05,0.14,11.0,7.6,0.0,0.0,0.09574468085106383,0.2,0.15,0.12,2.0,7.625,0.0,0.0,0.10638297872340426,0.0,0.0,0.1,22.0,7.555555555555555,0.0,0.0,0.0851063829787234,0.0,0.0,0.06,43.0,6.571428571428571,0.0,0.0,0.10638297872340426,0.1,0.05,0.14,2.0,7.444444444444445,0.0,0.0,0.09574468085106383,0.1,0.05,0.08,7.0,9.875,0.0,0.0,0.14893617021276595,0.3,0.3,0.2,0.0,6.615384615384615,1.0,1.0,0.14893617021276595,0.2,0.15,0.16,2.0,6.230769230769231,0.0,0.0,0.1595744680851064,0.1,0.15,0.18,0.0,6.357142857142857,1.0,1.0,0.10638297872340426,0.1,0.1,0.08,1.0,9.333333333333334,0.0,1.0,0.11702127659574468,0.2,0.15,0.12,2.0,7.7,0.0,0.0,0.1276595744680851,0.2,0.2,0.16,3.0,5.909090909090909,0.0,0.0,0.1276595744680851,0.0,0.15,0.12,10.0,5.636363636363637,0.0,0.0,0.07446808510638298,0.0,0.05,0.1,17.0,11.833333333333334,0.0,0.0,0.06382978723404255,0.0,0.0,0.06,32.0,11.8,0.0,0.0,0.09574468085106383,0.1,0.1,0.06,5.0,10.5,0.0,0.0,0.0851063829787234,0.0,0.05,0.06,11.0,10.857142857142858,0.0,0.0,0.11702127659574468,0.1,0.1,0.18,9.0,8.0,0.0,0.0,0.09574468085106383,0.0,0.1,0.12,12.0,10.0,0.0,0.0,0.0851063829787234,0.1,0.1,0.08,8.0,11.0,0.0,0.0,0.09574468085106383,0.2,0.15,0.14,1.0,8.875,0.0,1.0,0.07446808510638298,0.0,0.0,0.04,21.0,12.0,0.0,0.0,0.09574468085106383,0.0,0.0,0.04,25.0,8.5,0.0,0.0,0.0851063829787234,0.0,0.0,0.06,31.0,8.428571428571429,0.0,0.0,0.1276595744680851,0.1,0.15,0.14,3.0,7.909090909090909,0.0,0.0,0.0851063829787234,0.3,0.15,0.1,5.0,11.857142857142858,0.0,0.0,0.05319148936170213,0.0,0.0,0.02,41.0,9.5,0.0,0.0,0.10638297872340426,0.0,0.15,0.14,12.0,8.88888888888889,0.0,0.0,0.07446808510638298,0.1,0.15,0.12,8.0,13.833333333333334,0.0,0.0,0.11702127659574468,0.0,0.1,0.1,13.0,7.2,0.0,0.0,0.07446808510638298,0.2,0.15,0.1,1.0,13.333333333333334,0.0,1.0,0.0851063829787234,0.0,0.05,0.04,18.0,10.714285714285714,0.0,0.0,0.10638297872340426,0.2,0.1,0.08,3.0,9.88888888888889,0.0,0.0,0.10638297872340426,0.0,0.15,0.08,11.0,9.11111111111111,0.0,0.0,0.0851063829787234,0.1,0.05,0.12,5.0,9.428571428571429,0.0,0.0,0.2127659574468085,0.2,0.2,0.22,0.0,4.631578947368421,1.0,1.0,0.09574468085106383,0.2,0.1,0.1,0.0,7.625,1.0,1.0,0.0851063829787234,0.2,0.1,0.1,4.0,11.571428571428571,0.0,0.0,0.09574468085106383,0.2,0.1,0.1,2.0,11.25,0.0,0.0,0.06382978723404255,0.0,0.0,0.06,21.0,12.8,0.0,0.0,0.07446808510638298,0.0,0.1,0.06,10.0,12.0,0.0,0.0,0.10638297872340426,0.1,0.1,0.08,8.0,9.333333333333334,0.0,0.0,0.1276595744680851,0.4,0.25,0.12,1.0,7.545454545454546,0.0,1.0,0.14893617021276595,0.2,0.2,0.16,0.0,6.230769230769231,1.0,1.0,0.11702127659574468,0.0,0.1,0.06,14.0,7.9,0.0,0.0,0.10638297872340426,0.1,0.15,0.1,3.0,9.222222222222221,0.0,0.0,143.0,2.0,37.0,2.0,0.0,0.0,3.0,94.0,12.0,31.0,3.0,0,0,0,0,0,0,0,1,0,0,0,0,0,0,0,0,0,0,0,1,0,0,0,0,0,0,0,0,0,0,0,0,0,0,0,1,0,0,0,0,0,1,1,0,0,0,0,0
2021-10-27,0.14736842105263157,0.4,0.2,0.14,4.0,6.769230769230769,0.0,0.0,0.08421052631578947,0.0,0.05,0.06,19.0,10.285714285714286,0.0,0.0,0.11578947368421053,0.0,0.05,0.12,12.0,7.6,0.0,0.0,0.09473684210526316,0.1,0.15,0.12,3.0,7.625,0.0,0.0,0.10526315789473684,0.0,0.0,0.1,23.0,7.555555555555555,0.0,0.0,0.08421052631578947,0.0,0.0,0.06,44.0,6.571428571428571,0.0,0.0,0.10526315789473684,0.1,0.05,0.14,3.0,7.444444444444445,0.0,0.0,0.10526315789473684,0.2,0.1,0.1,0.0,9.666666666666666,1.0,1.0,0.14736842105263157,0.3,0.25,0.2,1.0,6.615384615384615,0.0,1.0,0.14736842105263157,0.2,0.15,0.16,3.0,6.230769230769231,0.0,0.0,0.15789473684210525,0.1,0.15,0.18,1.0,6.357142857142857,0.0,1.0,0.10526315789473684,0.1,0.1,0.08,2.0,9.333333333333334,0.0,0.0,0.11578947368421053,0.2,0.15,0.1,3.0,7.7,0.0,0.0,0.12631578947368421,0.2,0.2,0.16,4.0,5.909090909090909,0.0,0.0,0.12631578947368421,0.0,0.1,0.12,11.0,5.636363636363637,0.0,0.0,0.07368421052631578,0.0,0.05,0.1,18.0,11.833333333333334,0.0,0.0,0.06315789473684211,0.0,0.0,0.06,33.0,11.8,0.0,0.0,0.09473684210526316,0.1,0.1,0.06,6.0,10.5,0.0,0.0,0.08421052631578947,0.0,0.05,0.06,12.0,10.857142857142858,0.0,0.0,0.12631578947368421,0.1,0.15,0.18,0.0,8.181818181818182,1.0,1.0,0.09473684210526316,0.0,0.1,0.1,13.0,10.0,0.0,0.0,0.08421052631578947,0.1,0.1,0.08,9.0,11.0,0.0,0.0,0.09473684210526316,0.2,0.15,0.14,2.0,8.875,0.0,0.0,0.07368421052631578,0.0,0.0,0.04,22.0,12.0,0.0,0.0,0.09473684210526316,0.0,0.0,0.04,26.0,8.5,0.0,0.0,0.08421052631578947,0.0,0.0,0.06,32.0,8.428571428571429,0.0,0.0,0.12631578947368421,0.1,0.1,0.14,4.0,7.909090909090909,0.0,0.0,0.08421052631578947,0.3,0.15,0.1,6.0,11.857142857142858,0.0,0.0,0.05263157894736842,0.0,0.0,0.02,42.0,9.5,0.0,0.0,0.10526315789473684,0.0,0.1,0.14,13.0,8.88888888888889,0.0,0.0,0.07368421052631578,0.1,0.15,0.12,9.0,13.833333333333334,0.0,0.0,0.11578947368421053,0.0,0.1,0.1,14.0,7.2,0.0,0.0,0.07368421052631578,0.2,0.15,0.1,2.0,13.333333333333334,0.0,0.0,0.08421052631578947,0.0,0.05,0.04,19.0,10.714285714285714,0.0,0.0,0.10526315789473684,0.2,0.1,0.08,4.0,9.88888888888889,0.0,0.0,0.11578947368421053,0.1,0.2,0.1,0.0,9.4,1.0,1.0,0.08421052631578947,0.1,0.05,0.12,6.0,9.428571428571429,0.0,0.0,0.21052631578947367,0.1,0.2,0.22,1.0,4.631578947368421,0.0,1.0,0.09473684210526316,0.2,0.1,0.1,1.0,7.625,0.0,1.0,0.08421052631578947,0.2,0.1,0.1,5.0,11.571428571428571,0.0,0.0,0.09473684210526316,0.1,0.1,0.1,3.0,11.25,0.0,0.0,0.07368421052631578,0.1,0.05,0.08,0.0,14.333333333333334,1.0,1.0,0.08421052631578947,0.1,0.1,0.08,0.0,11.857142857142858,1.0,1.0,0.10526315789473684,0.1,0.1,0.08,9.0,9.333333333333334,0.0,0.0,0.12631578947368421,0.4,0.25,0.12,2.0,7.545454545454546,0.0,0.0,0.14736842105263157,0.1,0.2,0.14,1.0,6.230769230769231,0.0,1.0,0.11578947368421053,0.0,0.1,0.06,15.0,7.9,0.0,0.0,0.10526315789473684,0.1,0.15,0.1,4.0,9.222222222222221,0.0,0.0,149.0,4.0,35.0,1.0,1.0,1.0,2.0,95.0,10.0,24.0,6.0,0,0,0,0,0,0,1,0,0,0,0,0,0,0,0,0,0,0,0,0,0,0,0,0,0,0,0,0,0,0,0,0,0,0,1,1,0,1,0,0,0,1,0,0,0,0,0,0
2021-10-31,0.14583333333333334,0.4,0.2,0.14,5.0,6.769230769230769,0.0,0.0,0.08333333333333333,0.0,0.0,0.06,20.0,10.285714285714286,0.0,0.0,0.11458333333333333,0.0,0.05,0.12,13.0,7.6,0.0,0.0,0.09375,0.1,0.15,0.12,4.0,7.625,0.0,0.0,0.10416666666666667,0.0,0.0,0.1,24.0,7.555555555555555,0.0,0.0,0.08333333333333333,0.0,0.0,0.06,45.0,6.571428571428571,0.0,0.0,0.11458333333333333,0.2,0.1,0.16,0.0,7.1,1.0,1.0,0.10416666666666667,0.2,0.1,0.1,1.0,9.666666666666666,0.0,1.0,0.14583333333333334,0.3,0.2,0.2,2.0,6.615384615384615,0.0,0.0,0.14583333333333334,0.2,0.15,0.16,4.0,6.230769230769231,0.0,0.0,0.15625,0.1,0.15,0.16,2.0,6.357142857142857,0.0,0.0,0.10416666666666667,0.1,0.05,0.08,3.0,9.333333333333334,0.0,0.0,0.11458333333333333,0.2,0.15,0.1,4.0,7.7,0.0,0.0,0.125,0.2,0.2,0.16,5.0,5.909090909090909,0.0,0.0,0.125,0.0,0.1,0.12,12.0,5.636363636363637,0.0,0.0,0.07291666666666667,0.0,0.05,0.1,19.0,11.833333333333334,0.0,0.0,0.0625,0.0,0.0,0.06,34.0,11.8,0.0,0.0,0.09375,0.1,0.1,0.06,7.0,10.5,0.0,0.0,0.08333333333333333,0.0,0.05,0.06,13.0,10.857142857142858,0.0,0.0,0.125,0.1,0.1,0.18,1.0,8.181818181818182,0.0,1.0,0.09375,0.0,0.1,0.1,14.0,10.0,0.0,0.0,0.08333333333333333,0.0,0.1,0.08,10.0,11.0,0.0,0.0,0.09375,0.2,0.15,0.14,3.0,8.875,0.0,0.0,0.07291666666666667,0.0,0.0,0.04,23.0,12.0,0.0,0.0,0.09375,0.0,0.0,0.04,27.0,8.5,0.0,0.0,0.08333333333333333,0.0,0.0,0.06,33.0,8.428571428571429,0.0,0.0,0.125,0.1,0.1,0.14,5.0,7.909090909090909,0.0,0.0,0.08333333333333333,0.3,0.15,0.1,7.0,11.857142857142858,0.0,0.0,0.052083333333333336,0.0,0.0,0.02,43.0,9.5,0.0,0.0,0.10416666666666667,0.0,0.1,0.14,14.0,8.88888888888889,0.0,0.0,0.07291666666666667,0.0,0.15,0.1,10.0,13.833333333333334,0.0,0.0,0.11458333333333333,0.0,0.1,0.08,15.0,7.2,0.0,0.0,0.07291666666666667,0.2,0.15,0.1,3.0,13.333333333333334,0.0,0.0,0.08333333333333333,0.0,0.0,0.04,20.0,10.714285714285714,0.0,0.0,0.11458333333333333,0.3,0.15,0.1,0.0,9.4,1.0,1.0,0.125,0.2,0.25,0.12,0.0,8.636363636363637,1.0,1.0,0.08333333333333333,0.1,0.05,0.12,7.0,9.428571428571429,0.0,0.0,0.21875,0.2,0.25,0.24,0.0,4.5,1.0,1.0,0.09375,0.2,0.1,0.08,2.0,7.625,0.0,0.0,0.08333333333333333,0.1,0.1,0.1,6.0,11.571428571428571,0.0,0.0,0.09375,0.1,0.1,0.1,4.0,11.25,0.0,0.0,0.08333333333333333,0.2,0.1,0.1,0.0,12.428571428571429,1.0,1.0,0.08333333333333333,0.1,0.1,0.08,1.0,11.857142857142858,0.0,1.0,0.10416666666666667,0.0,0.1,0.08,10.0,9.333333333333334,0.0,0.0,0.125,0.3,0.25,0.12,3.0,7.545454545454546,0.0,0.0,0.14583333333333334,0.1,0.2,0.12,2.0,6.230769230769231,0.0,0.0,0.11458333333333333,0.0,0.1,0.06,16.0,7.9,0.0,0.0,0.10416666666666667,0.1,0.15,0.1,5.0,9.222222222222221,0.0,0.0,158.0,3.0,35.0,1.0,0.0,2.0,2.0,96.0,10.0,27.0,2.0,1,1,0,0,1,0,1,0,0,0,0,0,0,0,0,0,0,0,0,1,0,0,0,0,0,0,0,0,0,0,0,0,0,0,0,0,0,0,0,0,0,0,0,0,0,0,0,0
2021-11-04,0.15463917525773196,0.4,0.25,0.16,0.0,6.714285714285714,1.0,1.0,0.09278350515463918,0.1,0.05,0.08,0.0,11.625,1.0,1.0,0.1134020618556701,0.0,0.05,0.12,14.0,7.6,0.0,0.0,0.09278350515463918,0.1,0.15,0.12,5.0,7.625,0.0,0.0,0.1134020618556701,0.1,0.05,0.12,0.0,9.3,1.0,1.0,0.08247422680412371,0.0,0.0,0.04,46.0,6.571428571428571,0.0,0.0,0.12371134020618557,0.3,0.15,0.18,0.0,6.545454545454546,1.0,1.0,0.10309278350515463,0.1,0.1,0.1,2.0,9.666666666666666,0.0,0.0,0.14432989690721648,0.2,0.2,0.2,3.0,6.615384615384615,0.0,0.0,0.14432989690721648,0.2,0.15,0.14,5.0,6.230769230769231,0.0,0.0,0.15463917525773196,0.1,0.1,0.16,3.0,6.357142857142857,0.0,0.0,0.10309278350515463,0.1,0.05,0.08,4.0,9.333333333333334,0.0,0.0,0.1134020618556701,0.2,0.15,0.1,5.0,7.7,0.0,0.0,0.12371134020618557,0.2,0.15,0.16,6.0,5.909090909090909,0.0,0.0,0.12371134020618557,0.0,0.1,0.12,13.0,5.636363636363637,0.0,0.0,0.07216494845360824,0.0,0.0,0.1,20.0,11.833333333333334,0.0,0.0,0.061855670103092786,0.0,0.0,0.06,35.0,11.8,0.0,0.0,0.09278350515463918,0.1,0.1,0.06,8.0,10.5,0.0,0.0,0.08247422680412371,0.0,0.05,0.06,14.0,10.857142857142858,0.0,0.0,0.13402061855670103,0.2,0.15,0.2,0.0,7.666666666666667,1.0,1.0,0.09278350515463918,0.0,0.05,0.1,15.0,10.0,0.0,0.0,0.08247422680412371,0.0,0.1,0.08,11.0,11.0,0.0,0.0,0.09278350515463918,0.2,0.15,0.14,4.0,8.875,0.0,0.0,0.07216494845360824,0.0,0.0,0.04,24.0,12.0,0.0,0.0,0.09278350515463918,0.0,0.0,0.04,28.0,8.5,0.0,0.0,0.08247422680412371,0.0,0.0,0.06,34.0,8.428571428571429,0.0,0.0,0.12371134020618557,0.1,0.1,0.14,6.0,7.909090909090909,0.0,0.0,0.08247422680412371,0.2,0.15,0.1,8.0,11.857142857142858,0.0,0.0,0.05154639175257732,0.0,0.0,0.02,44.0,9.5,0.0,0.0,0.10309278350515463,0.0,0.1,0.14,15.0,8.88888888888889,0.0,0.0,0.07216494845360824,0.0,0.15,0.1,11.0,13.833333333333334,0.0,0.0,0.1134020618556701,0.0,0.1,0.08,16.0,7.2,0.0,0.0,0.07216494845360824,0.1,0.15,0.1,4.0,13.333333333333334,0.0,0.0,0.08247422680412371,0.0,0.0,0.02,21.0,10.714285714285714,0.0,0.0,0.1134020618556701,0.3,0.15,0.1,1.0,9.4,0.0,1.0,0.12371134020618557,0.2,0.25,0.12,1.0,8.636363636363637,0.0,1.0,0.08247422680412371,0.1,0.05,0.1,8.0,9.428571428571429,0.0,0.0,0.21649484536082475,0.2,0.2,0.22,1.0,4.5,0.0,1.0,0.09278350515463918,0.2,0.1,0.08,3.0,7.625,0.0,0.0,0.08247422680412371,0.1,0.1,0.1,7.0,11.571428571428571,0.0,0.0,0.09278350515463918,0.1,0.1,0.1,5.0,11.25,0.0,0.0,0.08247422680412371,0.2,0.1,0.1,1.0,12.428571428571429,0.0,1.0,0.08247422680412371,0.1,0.1,0.08,2.0,11.857142857142858,0.0,0.0,0.10309278350515463,0.0,0.1,0.08,11.0,9.333333333333334,0.0,0.0,0.12371134020618557,0.3,0.25,0.12,4.0,7.545454545454546,0.0,0.0,0.14432989690721648,0.1,0.2,0.12,3.0,6.230769230769231,0.0,0.0,0.1134020618556701,0.0,0.1,0.06,17.0,7.9,0.0,0.0,0.10309278350515463,0.1,0.15,0.1,6.0,9.222222222222221,0.0,0.0,35.0,2.0,19.0,4.0,1.0,0.0,0.0,97.0,10.0,31.0,6.0,0,0,0,0,0,0,0,0,0,0,0,0,0,0,0,0,0,0,0,1,0,1,0,0,0,0,0,0,0,0,1,0,1,0,0,0,0,0,1,0,0,0,0,0,0,0,0,0
2021-11-07,0.15306122448979592,0.4,0.25,0.16,1.0,6.714285714285714,0.0,1.0,0.09183673469387756,0.1,0.05,0.08,1.0,11.625,0.0,1.0,0.11224489795918367,0.0,0.05,0.12,15.0,7.6,0.0,0.0,0.09183673469387756,0.1,0.1,0.1,6.0,7.625,0.0,0.0,0.11224489795918367,0.1,0.05,0.12,1.0,9.3,0.0,1.0,0.08163265306122448,0.0,0.0,0.04,47.0,6.571428571428571,0.0,0.0,0.12244897959183673,0.3,0.15,0.18,1.0,6.545454545454546,0.0,1.0,0.10204081632653061,0.1,0.1,0.1,3.0,9.666666666666666,0.0,0.0,0.14285714285714285,0.2,0.2,0.18,4.0,6.615384615384615,0.0,0.0,0.14285714285714285,0.1,0.15,0.14,6.0,6.230769230769231,0.0,0.0,0.15306122448979592,0.1,0.1,0.16,4.0,6.357142857142857,0.0,0.0,0.10204081632653061,0.1,0.05,0.08,5.0,9.333333333333334,0.0,0.0,0.11224489795918367,0.1,0.1,0.1,6.0,7.7,0.0,0.0,0.12244897959183673,0.2,0.15,0.14,7.0,5.909090909090909,0.0,0.0,0.12244897959183673,0.0,0.1,0.12,14.0,5.636363636363637,0.0,0.0,0.07142857142857142,0.0,0.0,0.1,21.0,11.833333333333334,0.0,0.0,0.061224489795918366,0.0,0.0,0.06,36.0,11.8,0.0,0.0,0.09183673469387756,0.1,0.1,0.06,9.0,10.5,0.0,0.0,0.08163265306122448,0.0,0.05,0.06,15.0,10.857142857142858,0.0,0.0,0.14285714285714285,0.3,0.2,0.22,0.0,7.153846153846154,1.0,1.0,0.09183673469387756,0.0,0.05,0.1,16.0,10.0,0.0,0.0,0.09183673469387756,0.1,0.15,0.1,0.0,11.125,1.0,1.0,0.09183673469387756,0.2,0.15,0.14,5.0,8.875,0.0,0.0,0.07142857142857142,0.0,0.0,0.02,25.0,12.0,0.0,0.0,0.09183673469387756,0.0,0.0,0.04,29.0,8.5,0.0,0.0,0.08163265306122448,0.0,0.0,0.06,35.0,8.428571428571429,0.0,0.0,0.12244897959183673,0.1,0.1,0.14,7.0,7.909090909090909,0.0,0.0,0.08163265306122448,0.1,0.15,0.1,9.0,11.857142857142858,0.0,0.0,0.05102040816326531,0.0,0.0,0.02,45.0,9.5,0.0,0.0,0.10204081632653061,0.0,0.05,0.14,16.0,8.88888888888889,0.0,0.0,0.08163265306122448,0.1,0.15,0.12,0.0,13.571428571428571,1.0,1.0,0.11224489795918367,0.0,0.1,0.08,17.0,7.2,0.0,0.0,0.08163265306122448,0.2,0.2,0.12,0.0,12.142857142857142,1.0,1.0,0.08163265306122448,0.0,0.0,0.02,22.0,10.714285714285714,0.0,0.0,0.11224489795918367,0.2,0.15,0.1,2.0,9.4,0.0,0.0,0.12244897959183673,0.2,0.25,0.12,2.0,8.636363636363637,0.0,0.0,0.08163265306122448,0.1,0.05,0.08,9.0,9.428571428571429,0.0,0.0,0.21428571428571427,0.2,0.2,0.22,2.0,4.5,0.0,0.0,0.10204081632653061,0.3,0.15,0.1,0.0,7.222222222222222,1.0,1.0,0.08163265306122448,0.1,0.1,0.1,8.0,11.571428571428571,0.0,0.0,0.09183673469387756,0.1,0.1,0.1,6.0,11.25,0.0,0.0,0.08163265306122448,0.2,0.1,0.1,2.0,12.428571428571429,0.0,0.0,0.08163265306122448,0.1,0.1,0.08,3.0,11.857142857142858,0.0,0.0,0.10204081632653061,0.0,0.1,0.08,12.0,9.333333333333334,0.0,0.0,0.12244897959183673,0.2,0.25,0.12,5.0,7.545454545454546,0.0,0.0,0.14285714285714285,0.1,0.2,0.12,4.0,6.230769230769231,0.0,0.0,0.11224489795918367,0.0,0.05,0.06,18.0,7.9,0.0,0.0,0.10204081632653061,0.1,0.15,0.1,7.0,9.222222222222221,0.0,0.0,145.0,2.0,19.0,0.0,2.0,2.0,1.0,98.0,11.0,4.0,3.0,0,0,0,0,0,0,0,0,1,0,0,0,0,1,0,0,0,0,0,0,0,0,0,0,0,1,1,0,0,0,0,0,0,0,1,0,0,0,0,0,0,0,0,0,0,0,0,0
2021-11-10,0.15151515151515152,0.3,0.25,0.16,2.0,6.714285714285714,0.0,0.0,0.09090909090909091,0.1,0.05,0.08,2.0,11.625,0.0,0.0,0.1111111111111111,0.0,0.05,0.12,16.0,7.6,0.0,0.0,0.09090909090909091,0.1,0.1,0.1,7.0,7.625,0.0,0.0,0.1111111111111111,0.1,0.05,0.1,2.0,9.3,0.0,0.0,0.08080808080808081,0.0,0.0,0.02,48.0,6.571428571428571,0.0,0.0,0.12121212121212122,0.3,0.15,0.18,2.0,6.545454545454546,0.0,0.0,0.10101010101010101,0.1,0.1,0.1,4.0,9.666666666666666,0.0,0.0,0.15151515151515152,0.3,0.25,0.2,0.0,6.5,1.0,1.0,0.1414141414141414,0.1,0.15,0.14,7.0,6.230769230769231,0.0,0.0,0.15151515151515152,0.1,0.1,0.16,5.0,6.357142857142857,0.0,0.0,0.10101010101010101,0.1,0.05,0.08,6.0,9.333333333333334,0.0,0.0,0.1111111111111111,0.1,0.1,0.1,7.0,7.7,0.0,0.0,0.13131313131313133,0.3,0.2,0.16,0.0,6.083333333333333,1.0,1.0,0.12121212121212122,0.0,0.05,0.12,15.0,5.636363636363637,0.0,0.0,0.0707070707070707,0.0,0.0,0.08,22.0,11.833333333333334,0.0,0.0,0.06060606060606061,0.0,0.0,0.06,37.0,11.8,0.0,0.0,0.09090909090909091,0.0,0.1,0.06,10.0,10.5,0.0,0.0,0.08080808080808081,0.0,0.05,0.06,16.0,10.857142857142858,0.0,0.0,0.1414141414141414,0.3,0.2,0.22,1.0,7.153846153846154,0.0,1.0,0.09090909090909091,0.0,0.05,0.1,17.0,10.0,0.0,0.0,0.09090909090909091,0.1,0.15,0.1,1.0,11.125,0.0,1.0,0.09090909090909091,0.2,0.15,0.14,6.0,8.875,0.0,0.0,0.0707070707070707,0.0,0.0,0.02,26.0,12.0,0.0,0.0,0.09090909090909091,0.0,0.0,0.04,30.0,8.5,0.0,0.0,0.09090909090909091,0.1,0.05,0.08,0.0,11.875,1.0,1.0,0.13131313131313133,0.2,0.15,0.16,0.0,7.916666666666667,1.0,1.0,0.08080808080808081,0.0,0.15,0.1,10.0,11.857142857142858,0.0,0.0,0.050505050505050504,0.0,0.0,0.02,46.0,9.5,0.0,0.0,0.10101010101010101,0.0,0.05,0.14,17.0,8.88888888888889,0.0,0.0,0.08080808080808081,0.1,0.1,0.1,1.0,13.571428571428571,0.0,1.0,0.1111111111111111,0.0,0.05,0.08,18.0,7.2,0.0,0.0,0.08080808080808081,0.2,0.2,0.12,1.0,12.142857142857142,0.0,1.0,0.08080808080808081,0.0,0.0,0.02,23.0,10.714285714285714,0.0,0.0,0.12121212121212122,0.3,0.2,0.12,0.0,8.818181818181818,1.0,1.0,0.12121212121212122,0.2,0.25,0.12,3.0,8.636363636363637,0.0,0.0,0.08080808080808081,0.0,0.05,0.08,10.0,9.428571428571429,0.0,0.0,0.21212121212121213,0.2,0.2,0.22,3.0,4.5,0.0,0.0,0.10101010101010101,0.3,0.15,0.1,1.0,7.222222222222222,0.0,1.0,0.08080808080808081,0.1,0.1,0.1,9.0,11.571428571428571,0.0,0.0,0.09090909090909091,0.1,0.1,0.1,7.0,11.25,0.0,0.0,0.08080808080808081,0.2,0.1,0.1,3.0,12.428571428571429,0.0,0.0,0.08080808080808081,0.1,0.1,0.08,4.0,11.857142857142858,0.0,0.0,0.10101010101010101,0.0,0.1,0.08,13.0,9.333333333333334,0.0,0.0,0.12121212121212122,0.1,0.25,0.12,6.0,7.545454545454546,0.0,0.0,0.1414141414141414,0.1,0.15,0.12,5.0,6.230769230769231,0.0,0.0,0.1111111111111111,0.0,0.05,0.06,19.0,7.9,0.0,0.0,0.10101010101010101,0.1,0.1,0.08,8.0,9.222222222222221,0.0,0.0,111.0,2.0,26.0,1.0,1.0,3.0,0.0,99.0,11.0,7.0,6.0,0,0,0,0,0,0,0,0,1,0,0,0,0,0,0,0,0,0,0,0,0,0,0,0,0,1,1,0,0,0,0,0,0,0,1,0,0,0,0,0,0,0,0,0,0,1,0,0
2021-11-14,0.15,0.2,0.25,0.16,3.0,6.714285714285714,0.0,0.0,0.09,0.1,0.05,0.08,3.0,11.625,0.0,0.0,0.11,0.0,0.05,0.12,17.0,7.6,0.0,0.0,0.09,0.1,0.1,0.1,8.0,7.625,0.0,0.0,0.11,0.1,0.05,0.1,3.0,9.3,0.0,0.0,0.08,0.0,0.0,0.02,49.0,6.571428571428571,0.0,0.0,0.12,0.3,0.15,0.16,3.0,6.545454545454546,0.0,0.0,0.1,0.1,0.1,0.1,5.0,9.666666666666666,0.0,0.0,0.16,0.4,0.25,0.2,0.0,6.133333333333334,1.0,1.0,0.14,0.1,0.15,0.14,8.0,6.230769230769231,0.0,0.0,0.15,0.1,0.05,0.16,6.0,6.357142857142857,0.0,0.0,0.1,0.1,0.05,0.08,7.0,9.333333333333334,0.0,0.0,0.11,0.1,0.1,0.1,8.0,7.7,0.0,0.0,0.13,0.2,0.2,0.16,1.0,6.083333333333333,0.0,1.0,0.12,0.0,0.05,0.12,16.0,5.636363636363637,0.0,0.0,0.07,0.0,0.0,0.08,23.0,11.833333333333334,0.0,0.0,0.06,0.0,0.0,0.06,38.0,11.8,0.0,0.0,0.09,0.0,0.1,0.06,11.0,10.5,0.0,0.0,0.08,0.0,0.05,0.06,17.0,10.857142857142858,0.0,0.0,0.14,0.3,0.2,0.22,2.0,7.153846153846154,0.0,0.0,0.09,0.0,0.05,0.1,18.0,10.0,0.0,0.0,0.09,0.1,0.15,0.1,2.0,11.125,0.0,0.0,0.09,0.1,0.15,0.14,7.0,8.875,0.0,0.0,0.07,0.0,0.0,0.02,27.0,12.0,0.0,0.0,0.09,0.0,0.0,0.04,31.0,8.5,0.0,0.0,0.1,0.2,0.1,0.1,0.0,10.666666666666666,1.0,1.0,0.14,0.3,0.15,0.18,0.0,7.384615384615385,1.0,1.0,0.08,0.0,0.15,0.1,11.0,11.857142857142858,0.0,0.0,0.05,0.0,0.0,0.02,47.0,9.5,0.0,0.0,0.1,0.0,0.05,0.12,18.0,8.88888888888889,0.0,0.0,0.08,0.1,0.1,0.1,2.0,13.571428571428571,0.0,0.0,0.11,0.0,0.05,0.08,19.0,7.2,0.0,0.0,0.08,0.2,0.2,0.12,2.0,12.142857142857142,0.0,0.0,0.08,0.0,0.0,0.02,24.0,10.714285714285714,0.0,0.0,0.13,0.4,0.25,0.14,0.0,8.166666666666666,1.0,1.0,0.12,0.2,0.2,0.12,4.0,8.636363636363637,0.0,0.0,0.08,0.0,0.05,0.08,11.0,9.428571428571429,0.0,0.0,0.21,0.2,0.2,0.22,4.0,4.5,0.0,0.0,0.1,0.2,0.15,0.08,2.0,7.222222222222222,0.0,0.0,0.08,0.0,0.1,0.1,10.0,11.571428571428571,0.0,0.0,0.09,0.1,0.1,0.1,8.0,11.25,0.0,0.0,0.08,0.2,0.1,0.1,4.0,12.428571428571429,0.0,0.0,0.08,0.1,0.1,0.08,5.0,11.857142857142858,0.0,0.0,0.1,0.0,0.1,0.08,14.0,9.333333333333334,0.0,0.0,0.12,0.1,0.25,0.12,7.0,7.545454545454546,0.0,0.0,0.15,0.2,0.2,0.12,0.0,6.214285714285714,1.0,1.0,0.11,0.0,0.0,0.06,20.0,7.9,0.0,0.0,0.1,0.1,0.1,0.08,9.0,9.222222222222221,0.0,0.0,143.0,2.0,37.0,1.0,0.0,3.0,1.0,100.0,11.0,10.0,2.0,1,1,0,0,0,0,0,0,0,0,0,0,0,0,0,0,0,0,0,0,0,0,0,0,0,0,0,0,1,0,0,0,0,0,0,0,0,0,0,0,1,0,0,0,1,0,0,0
2021-11-17,0.15841584158415842,0.2,0.3,0.18,0.0,6.533333333333333,1.0,1.0,0.09900990099009901,0.2,0.1,0.1,0.0,10.777777777777779,1.0,1.0,0.10891089108910891,0.0,0.05,0.1,18.0,7.6,0.0,0.0,0.0891089108910891,0.1,0.1,0.1,9.0,7.625,0.0,0.0,0.10891089108910891,0.1,0.05,0.1,4.0,9.3,0.0,0.0,0.07920792079207921,0.0,0.0,0.0,50.0,6.571428571428571,0.0,0.0,0.1188118811881188,0.3,0.15,0.16,4.0,6.545454545454546,0.0,0.0,0.09900990099009901,0.1,0.1,0.1,6.0,9.666666666666666,0.0,0.0,0.15841584158415842,0.4,0.25,0.2,1.0,6.133333333333334,0.0,1.0,0.13861386138613863,0.1,0.15,0.14,9.0,6.230769230769231,0.0,0.0,0.1485148514851485,0.1,0.05,0.16,7.0,6.357142857142857,0.0,0.0,0.09900990099009901,0.1,0.05,0.06,8.0,9.333333333333334,0.0,0.0,0.10891089108910891,0.1,0.1,0.1,9.0,7.7,0.0,0.0,0.12871287128712872,0.1,0.15,0.16,2.0,6.083333333333333,0.0,0.0,0.1188118811881188,0.0,0.05,0.12,17.0,5.636363636363637,0.0,0.0,0.06930693069306931,0.0,0.0,0.06,24.0,11.833333333333334,0.0,0.0,0.0594059405940594,0.0,0.0,0.06,39.0,11.8,0.0,0.0,0.0891089108910891,0.0,0.1,0.06,12.0,10.5,0.0,0.0,0.07920792079207921,0.0,0.05,0.06,18.0,10.857142857142858,0.0,0.0,0.13861386138613863,0.3,0.2,0.22,3.0,7.153846153846154,0.0,0.0,0.0891089108910891,0.0,0.05,0.1,19.0,10.0,0.0,0.0,0.0891089108910891,0.1,0.15,0.1,3.0,11.125,0.0,0.0,0.0891089108910891,0.1,0.15,0.14,8.0,8.875,0.0,0.0,0.06930693069306931,0.0,0.0,0.02,28.0,12.0,0.0,0.0,0.0891089108910891,0.0,0.0,0.04,32.0,8.5,0.0,0.0,0.09900990099009901,0.2,0.1,0.1,1.0,10.666666666666666,0.0,1.0,0.13861386138613863,0.2,0.15,0.18,1.0,7.384615384615385,0.0,1.0,0.07920792079207921,0.0,0.15,0.1,12.0,11.857142857142858,0.0,0.0,0.0594059405940594,0.1,0.05,0.04,0.0,17.2,1.0,1.0,0.09900990099009901,0.0,0.05,0.12,19.0,8.88888888888889,0.0,0.0,0.07920792079207921,0.1,0.1,0.1,3.0,13.571428571428571,0.0,0.0,0.10891089108910891,0.0,0.0,0.08,20.0,7.2,0.0,0.0,0.07920792079207921,0.2,0.2,0.12,3.0,12.142857142857142,0.0,0.0,0.07920792079207921,0.0,0.0,0.02,25.0,10.714285714285714,0.0,0.0,0.12871287128712872,0.3,0.25,0.14,1.0,8.166666666666666,0.0,1.0,0.1188118811881188,0.2,0.2,0.12,5.0,8.636363636363637,0.0,0.0,0.07920792079207921,0.0,0.05,0.08,12.0,9.428571428571429,0.0,0.0,0.2079207920792079,0.2,0.2,0.2,5.0,4.5,0.0,0.0,0.09900990099009901,0.2,0.15,0.08,3.0,7.222222222222222,0.0,0.0,0.07920792079207921,0.0,0.1,0.1,11.0,11.571428571428571,0.0,0.0,0.09900990099009901,0.2,0.15,0.12,0.0,11.0,1.0,1.0,0.07920792079207921,0.2,0.1,0.1,5.0,12.428571428571429,0.0,0.0,0.07920792079207921,0.1,0.1,0.08,6.0,11.857142857142858,0.0,0.0,0.09900990099009901,0.0,0.1,0.08,15.0,9.333333333333334,0.0,0.0,0.12871287128712872,0.2,0.25,0.14,0.0,7.583333333333333,1.0,1.0,0.1485148514851485,0.2,0.15,0.12,1.0,6.214285714285714,0.0,1.0,0.10891089108910891,0.0,0.0,0.06,21.0,7.9,0.0,0.0,0.09900990099009901,0.0,0.05,0.08,10.0,9.222222222222221,0.0,0.0,118.0,1.0,44.0,2.0,0.0,1.0,2.0,101.0,11.0,14.0,6.0,0,0,0,0,0,0,0,0,0,1,1,0,0,0,0,0,0,1,0,0,0,0,0,0,0,1,0,0,0,0,0,0,0,0,0,0,0,0,0,0,0,0,1,0,0,0,0,0
2021-11-21,0.1568627450980392,0.2,0.3,0.18,1.0,6.533333333333333,0.0,1.0,0.09803921568627451,0.2,0.1,0.1,1.0,10.777777777777779,0.0,1.0,0.10784313725490197,0.0,0.05,0.1,19.0,7.6,0.0,0.0,0.08823529411764706,0.0,0.1,0.1,10.0,7.625,0.0,0.0,0.10784313725490197,0.1,0.05,0.1,5.0,9.3,0.0,0.0,0.0784313725490196,0.0,0.0,0.0,51.0,6.571428571428571,0.0,0.0,0.11764705882352941,0.2,0.15,0.16,5.0,6.545454545454546,0.0,0.0,0.09803921568627451,0.1,0.1,0.1,7.0,9.666666666666666,0.0,0.0,0.1568627450980392,0.4,0.25,0.2,2.0,6.133333333333334,0.0,0.0,0.14705882352941177,0.1,0.2,0.16,0.0,6.5,1.0,1.0,0.1568627450980392,0.2,0.1,0.18,0.0,6.466666666666667,1.0,1.0,0.09803921568627451,0.1,0.05,0.06,9.0,9.333333333333334,0.0,0.0,0.10784313725490197,0.0,0.1,0.1,10.0,7.7,0.0,0.0,0.12745098039215685,0.1,0.15,0.16,3.0,6.083333333333333,0.0,0.0,0.11764705882352941,0.0,0.05,0.12,18.0,5.636363636363637,0.0,0.0,0.06862745098039216,0.0,0.0,0.06,25.0,11.833333333333334,0.0,0.0,0.058823529411764705,0.0,0.0,0.06,40.0,11.8,0.0,0.0,0.09803921568627451,0.1,0.1,0.08,0.0,10.777777777777779,1.0,1.0,0.0784313725490196,0.0,0.05,0.06,19.0,10.857142857142858,0.0,0.0,0.13725490196078433,0.3,0.2,0.22,4.0,7.153846153846154,0.0,0.0,0.08823529411764706,0.0,0.0,0.1,20.0,10.0,0.0,0.0,0.08823529411764706,0.1,0.15,0.1,4.0,11.125,0.0,0.0,0.08823529411764706,0.1,0.15,0.14,9.0,8.875,0.0,0.0,0.06862745098039216,0.0,0.0,0.02,29.0,12.0,0.0,0.0,0.08823529411764706,0.0,0.0,0.04,33.0,8.5,0.0,0.0,0.10784313725490197,0.3,0.15,0.12,0.0,9.8,1.0,1.0,0.13725490196078433,0.2,0.15,0.18,2.0,7.384615384615385,0.0,0.0,0.0784313725490196,0.0,0.15,0.08,13.0,11.857142857142858,0.0,0.0,0.058823529411764705,0.1,0.05,0.04,1.0,17.2,0.0,1.0,0.09803921568627451,0.0,0.0,0.12,20.0,8.88888888888889,0.0,0.0,0.0784313725490196,0.1,0.1,0.1,4.0,13.571428571428571,0.0,0.0,0.10784313725490197,0.0,0.0,0.08,21.0,7.2,0.0,0.0,0.0784313725490196,0.2,0.2,0.1,4.0,12.142857142857142,0.0,0.0,0.0784313725490196,0.0,0.0,0.02,26.0,10.714285714285714,0.0,0.0,0.12745098039215685,0.3,0.25,0.14,2.0,8.166666666666666,0.0,0.0,0.11764705882352941,0.2,0.15,0.12,6.0,8.636363636363637,0.0,0.0,0.0784313725490196,0.0,0.05,0.08,13.0,9.428571428571429,0.0,0.0,0.20588235294117646,0.2,0.2,0.2,6.0,4.5,0.0,0.0,0.09803921568627451,0.2,0.15,0.08,4.0,7.222222222222222,0.0,0.0,0.0784313725490196,0.0,0.1,0.1,12.0,11.571428571428571,0.0,0.0,0.09803921568627451,0.1,0.15,0.1,1.0,11.0,0.0,1.0,0.0784313725490196,0.2,0.1,0.1,6.0,12.428571428571429,0.0,0.0,0.08823529411764706,0.2,0.15,0.1,0.0,11.25,1.0,1.0,0.09803921568627451,0.0,0.05,0.06,16.0,9.333333333333334,0.0,0.0,0.12745098039215685,0.2,0.25,0.14,1.0,7.583333333333333,0.0,1.0,0.14705882352941177,0.2,0.15,0.12,2.0,6.214285714285714,0.0,0.0,0.10784313725490197,0.0,0.0,0.04,22.0,7.9,0.0,0.0,0.09803921568627451,0.0,0.05,0.08,11.0,9.222222222222221,0.0,0.0,108.0,3.0,33.0,2.0,1.0,1.0,1.0,102.0,11.0,17.0,2.0,0,0,0,0,0,0,0,0,0,0,0,0,0,0,0,0,0,0,1,0,0,0,0,0,0,0,0,0,0,0,0,0,1,0,0,0,1,0,0,1,0,1,0,0,0,0,0,0
2021-11-24,0.1553398058252427,0.2,0.3,0.18,2.0,6.533333333333333,0.0,0.0,0.0970873786407767,0.2,0.1,0.1,2.0,10.777777777777779,0.0,0.0,0.10679611650485436,0.0,0.0,0.1,20.0,7.6,0.0,0.0,0.08737864077669903,0.0,0.1,0.1,11.0,7.625,0.0,0.0,0.10679611650485436,0.1,0.05,0.1,6.0,9.3,0.0,0.0,0.07766990291262135,0.0,0.0,0.0,52.0,6.571428571428571,0.0,0.0,0.11650485436893204,0.2,0.15,0.16,6.0,6.545454545454546,0.0,0.0,0.0970873786407767,0.1,0.1,0.1,8.0,9.666666666666666,0.0,0.0,0.1553398058252427,0.3,0.25,0.2,3.0,6.133333333333334,0.0,0.0,0.14563106796116504,0.1,0.2,0.14,1.0,6.5,0.0,1.0,0.1553398058252427,0.2,0.1,0.16,1.0,6.466666666666667,0.0,1.0,0.0970873786407767,0.0,0.05,0.06,10.0,9.333333333333334,0.0,0.0,0.10679611650485436,0.0,0.1,0.1,11.0,7.7,0.0,0.0,0.1262135922330097,0.1,0.15,0.16,4.0,6.083333333333333,0.0,0.0,0.11650485436893204,0.0,0.05,0.12,19.0,5.636363636363637,0.0,0.0,0.06796116504854369,0.0,0.0,0.06,26.0,11.833333333333334,0.0,0.0,0.05825242718446602,0.0,0.0,0.06,41.0,11.8,0.0,0.0,0.0970873786407767,0.1,0.1,0.08,1.0,10.777777777777779,0.0,1.0,0.08737864077669903,0.1,0.05,0.08,0.0,12.0,1.0,1.0,0.13592233009708737,0.3,0.2,0.2,5.0,7.153846153846154,0.0,0.0,0.08737864077669903,0.0,0.0,0.1,21.0,10.0,0.0,0.0,0.08737864077669903,0.1,0.1,0.1,5.0,11.125,0.0,0.0,0.08737864077669903,0.0,0.15,0.14,10.0,8.875,0.0,0.0,0.06796116504854369,0.0,0.0,0.02,30.0,12.0,0.0,0.0,0.08737864077669903,0.0,0.0,0.04,34.0,8.5,0.0,0.0,0.10679611650485436,0.3,0.15,0.12,1.0,9.8,0.0,1.0,0.13592233009708737,0.2,0.15,0.18,3.0,7.384615384615385,0.0,0.0,0.07766990291262135,0.0,0.15,0.08,14.0,11.857142857142858,0.0,0.0,0.05825242718446602,0.1,0.05,0.02,2.0,17.2,0.0,0.0,0.0970873786407767,0.0,0.0,0.12,21.0,8.88888888888889,0.0,0.0,0.07766990291262135,0.1,0.1,0.1,5.0,13.571428571428571,0.0,0.0,0.10679611650485436,0.0,0.0,0.08,22.0,7.2,0.0,0.0,0.08737864077669903,0.2,0.2,0.12,0.0,11.25,1.0,1.0,0.07766990291262135,0.0,0.0,0.02,27.0,10.714285714285714,0.0,0.0,0.1262135922330097,0.3,0.25,0.14,3.0,8.166666666666666,0.0,0.0,0.11650485436893204,0.2,0.1,0.1,7.0,8.636363636363637,0.0,0.0,0.08737864077669903,0.1,0.1,0.1,0.0,10.0,1.0,1.0,0.20388349514563106,0.2,0.2,0.2,7.0,4.5,0.0,0.0,0.0970873786407767,0.2,0.15,0.08,5.0,7.222222222222222,0.0,0.0,0.08737864077669903,0.1,0.15,0.12,0.0,11.75,1.0,1.0,0.0970873786407767,0.1,0.15,0.1,2.0,11.0,0.0,0.0,0.08737864077669903,0.3,0.15,0.12,0.0,11.75,1.0,1.0,0.08737864077669903,0.2,0.15,0.1,1.0,11.25,0.0,1.0,0.0970873786407767,0.0,0.05,0.06,17.0,9.333333333333334,0.0,0.0,0.1262135922330097,0.1,0.25,0.14,2.0,7.583333333333333,0.0,0.0,0.14563106796116504,0.2,0.15,0.12,3.0,6.214285714285714,0.0,0.0,0.10679611650485436,0.0,0.0,0.04,23.0,7.9,0.0,0.0,0.0970873786407767,0.0,0.05,0.08,12.0,9.222222222222221,0.0,0.0,171.0,2.0,23.0,0.0,1.0,1.0,3.0,103.0,11.0,21.0,6.0,0,0,1,0,0,0,0,0,0,0,0,0,0,0,0,0,0,0,0,0,0,0,1,0,0,1,0,0,0,0,1,0,0,0,0,1,0,0,0,0,0,0,0,0,0,0,0,0
2021-11-29,0.15384615384615385,0.2,0.3,0.18,3.0,6.533333333333333,0.0,0.0,0.09615384615384616,0.2,0.1,0.1,3.0,10.777777777777779,0.0,0.0,0.11538461538461539,0.1,0.05,0.1,0.0,8.818181818181818,1.0,1.0,0.08653846153846154,0.0,0.1,0.1,12.0,7.625,0.0,0.0,0.10576923076923077,0.1,0.05,0.1,7.0,9.3,0.0,0.0,0.07692307692307693,0.0,0.0,0.0,53.0,6.571428571428571,0.0,0.0,0.11538461538461539,0.2,0.15,0.14,7.0,6.545454545454546,0.0,0.0,0.09615384615384616,0.1,0.1,0.1,9.0,9.666666666666666,0.0,0.0,0.15384615384615385,0.2,0.25,0.2,4.0,6.133333333333334,0.0,0.0,0.14423076923076922,0.1,0.15,0.14,2.0,6.5,0.0,0.0,0.15384615384615385,0.1,0.1,0.16,2.0,6.466666666666667,0.0,0.0,0.09615384615384616,0.0,0.05,0.06,11.0,9.333333333333334,0.0,0.0,0.10576923076923077,0.0,0.1,0.1,12.0,7.7,0.0,0.0,0.125,0.1,0.15,0.16,5.0,6.083333333333333,0.0,0.0,0.11538461538461539,0.0,0.0,0.12,20.0,5.636363636363637,0.0,0.0,0.0673076923076923,0.0,0.0,0.06,27.0,11.833333333333334,0.0,0.0,0.057692307692307696,0.0,0.0,0.06,42.0,11.8,0.0,0.0,0.09615384615384616,0.1,0.1,0.08,2.0,10.777777777777779,0.0,0.0,0.08653846153846154,0.1,0.05,0.08,1.0,12.0,0.0,1.0,0.1346153846153846,0.3,0.2,0.2,6.0,7.153846153846154,0.0,0.0,0.08653846153846154,0.0,0.0,0.1,22.0,10.0,0.0,0.0,0.08653846153846154,0.1,0.1,0.08,6.0,11.125,0.0,0.0,0.09615384615384616,0.1,0.15,0.16,0.0,9.11111111111111,1.0,1.0,0.0673076923076923,0.0,0.0,0.02,31.0,12.0,0.0,0.0,0.08653846153846154,0.0,0.0,0.04,35.0,8.5,0.0,0.0,0.11538461538461539,0.4,0.2,0.12,0.0,9.090909090909092,1.0,1.0,0.1346153846153846,0.2,0.15,0.18,4.0,7.384615384615385,0.0,0.0,0.07692307692307693,0.0,0.15,0.08,15.0,11.857142857142858,0.0,0.0,0.057692307692307696,0.1,0.05,0.02,3.0,17.2,0.0,0.0,0.09615384615384616,0.0,0.0,0.1,22.0,8.88888888888889,0.0,0.0,0.08653846153846154,0.2,0.15,0.12,0.0,12.625,1.0,1.0,0.10576923076923077,0.0,0.0,0.08,23.0,7.2,0.0,0.0,0.08653846153846154,0.2,0.2,0.12,1.0,11.25,0.0,1.0,0.07692307692307693,0.0,0.0,0.02,28.0,10.714285714285714,0.0,0.0,0.125,0.3,0.25,0.14,4.0,8.166666666666666,0.0,0.0,0.125,0.3,0.15,0.12,0.0,8.583333333333334,1.0,1.0,0.08653846153846154,0.1,0.1,0.1,1.0,10.0,0.0,1.0,0.20192307692307693,0.1,0.15,0.2,8.0,4.5,0.0,0.0,0.09615384615384616,0.1,0.15,0.08,6.0,7.222222222222222,0.0,0.0,0.08653846153846154,0.1,0.15,0.12,1.0,11.75,0.0,1.0,0.09615384615384616,0.1,0.15,0.1,3.0,11.0,0.0,0.0,0.08653846153846154,0.3,0.15,0.12,1.0,11.75,0.0,1.0,0.08653846153846154,0.2,0.1,0.1,2.0,11.25,0.0,0.0,0.09615384615384616,0.0,0.05,0.06,18.0,9.333333333333334,0.0,0.0,0.125,0.1,0.25,0.14,3.0,7.583333333333333,0.0,0.0,0.14423076923076922,0.1,0.15,0.12,4.0,6.214285714285714,0.0,0.0,0.10576923076923077,0.0,0.0,0.04,24.0,7.9,0.0,0.0,0.09615384615384616,0.0,0.05,0.08,13.0,9.222222222222221,0.0,0.0,119.0,2.0,33.0,1.0,1.0,3.0,0.0,104.0,11.0,24.0,2.0,0,0,0,0,0,0,0,0,0,0,0,0,0,0,0,0,1,0,0,0,0,0,0,0,0,0,1,1,0,0,0,0,0,1,0,0,0,0,0,0,0,0,0,0,0,1,0,0
2021-12-02,0.1523809523809524,0.2,0.3,0.18,4.0,6.533333333333333,0.0,0.0,0.09523809523809523,0.2,0.1,0.1,4.0,10.777777777777779,0.0,0.0,0.11428571428571428,0.1,0.05,0.1,1.0,8.818181818181818,0.0,1.0,0.08571428571428572,0.0,0.05,0.08,13.0,7.625,0.0,0.0,0.10476190476190476,0.1,0.05,0.1,8.0,9.3,0.0,0.0,0.0761904761904762,0.0,0.0,0.0,54.0,6.571428571428571,0.0,0.0,0.11428571428571428,0.2,0.15,0.14,8.0,6.545454545454546,0.0,0.0,0.09523809523809523,0.0,0.1,0.1,10.0,9.666666666666666,0.0,0.0,0.1523809523809524,0.2,0.25,0.2,5.0,6.133333333333334,0.0,0.0,0.14285714285714285,0.1,0.15,0.14,3.0,6.5,0.0,0.0,0.1523809523809524,0.1,0.1,0.16,3.0,6.466666666666667,0.0,0.0,0.09523809523809523,0.0,0.05,0.06,12.0,9.333333333333334,0.0,0.0,0.10476190476190476,0.0,0.1,0.1,13.0,7.7,0.0,0.0,0.12380952380952381,0.1,0.15,0.14,6.0,6.083333333333333,0.0,0.0,0.11428571428571428,0.0,0.0,0.12,21.0,5.636363636363637,0.0,0.0,0.06666666666666667,0.0,0.0,0.06,28.0,11.833333333333334,0.0,0.0,0.06666666666666667,0.1,0.05,0.06,0.0,17.0,1.0,1.0,0.09523809523809523,0.1,0.1,0.08,3.0,10.777777777777779,0.0,0.0,0.08571428571428572,0.1,0.05,0.08,2.0,12.0,0.0,0.0,0.13333333333333333,0.2,0.15,0.18,7.0,7.153846153846154,0.0,0.0,0.08571428571428572,0.0,0.0,0.1,23.0,10.0,0.0,0.0,0.08571428571428572,0.1,0.1,0.08,7.0,11.125,0.0,0.0,0.09523809523809523,0.1,0.15,0.14,1.0,9.11111111111111,0.0,1.0,0.06666666666666667,0.0,0.0,0.02,32.0,12.0,0.0,0.0,0.08571428571428572,0.0,0.0,0.04,36.0,8.5,0.0,0.0,0.11428571428571428,0.4,0.2,0.12,1.0,9.090909090909092,0.0,1.0,0.14285714285714285,0.3,0.2,0.2,0.0,7.214285714285714,1.0,1.0,0.08571428571428572,0.1,0.2,0.1,0.0,12.375,1.0,1.0,0.05714285714285714,0.1,0.05,0.02,4.0,17.2,0.0,0.0,0.09523809523809523,0.0,0.0,0.1,23.0,8.88888888888889,0.0,0.0,0.08571428571428572,0.2,0.15,0.12,1.0,12.625,0.0,1.0,0.10476190476190476,0.0,0.0,0.08,24.0,7.2,0.0,0.0,0.08571428571428572,0.2,0.2,0.12,2.0,11.25,0.0,0.0,0.08571428571428572,0.1,0.05,0.04,0.0,13.0,1.0,1.0,0.12380952380952381,0.3,0.25,0.14,5.0,8.166666666666666,0.0,0.0,0.12380952380952381,0.2,0.15,0.12,1.0,8.583333333333334,0.0,1.0,0.08571428571428572,0.1,0.1,0.1,2.0,10.0,0.0,0.0,0.2,0.1,0.1,0.2,9.0,4.5,0.0,0.0,0.09523809523809523,0.1,0.15,0.08,7.0,7.222222222222222,0.0,0.0,0.08571428571428572,0.1,0.15,0.12,2.0,11.75,0.0,0.0,0.09523809523809523,0.1,0.1,0.1,4.0,11.0,0.0,0.0,0.08571428571428572,0.2,0.15,0.12,2.0,11.75,0.0,0.0,0.08571428571428572,0.1,0.1,0.1,3.0,11.25,0.0,0.0,0.09523809523809523,0.0,0.05,0.06,19.0,9.333333333333334,0.0,0.0,0.12380952380952381,0.1,0.25,0.14,4.0,7.583333333333333,0.0,0.0,0.1523809523809524,0.2,0.15,0.14,0.0,6.133333333333334,1.0,1.0,0.10476190476190476,0.0,0.0,0.04,25.0,7.9,0.0,0.0,0.09523809523809523,0.0,0.05,0.08,14.0,9.222222222222221,0.0,0.0,152.0,3.0,29.0,0.0,1.0,3.0,1.0,105.0,11.0,29.0,0.0,1,0,0,0,1,0,0,0,0,0,0,0,0,0,0,0,1,0,0,0,0,0,0,1,0,0,0,0,0,0,1,0,0,0,0,0,0,0,0,0,0,0,0,0,0,0,0,0
2021-12-05,0.16037735849056603,0.3,0.35,0.2,0.0,6.4375,1.0,1.0,0.09433962264150944,0.2,0.1,0.1,5.0,10.777777777777779,0.0,0.0,0.11320754716981132,0.1,0.05,0.1,2.0,8.818181818181818,0.0,0.0,0.08490566037735849,0.0,0.05,0.08,14.0,7.625,0.0,0.0,0.11320754716981132,0.2,0.1,0.12,0.0,9.272727272727273,1.0,1.0,0.07547169811320754,0.0,0.0,0.0,55.0,6.571428571428571,0.0,0.0,0.11320754716981132,0.1,0.15,0.12,9.0,6.545454545454546,0.0,0.0,0.09433962264150944,0.0,0.1,0.1,11.0,9.666666666666666,0.0,0.0,0.1509433962264151,0.2,0.25,0.2,6.0,6.133333333333334,0.0,0.0,0.14150943396226415,0.1,0.15,0.14,4.0,6.5,0.0,0.0,0.1509433962264151,0.1,0.1,0.16,4.0,6.466666666666667,0.0,0.0,0.09433962264150944,0.0,0.05,0.06,13.0,9.333333333333334,0.0,0.0,0.10377358490566038,0.0,0.1,0.1,14.0,7.7,0.0,0.0,0.12264150943396226,0.1,0.15,0.14,7.0,6.083333333333333,0.0,0.0,0.11320754716981132,0.0,0.0,0.12,22.0,5.636363636363637,0.0,0.0,0.0660377358490566,0.0,0.0,0.06,29.0,11.833333333333334,0.0,0.0,0.07547169811320754,0.2,0.1,0.08,0.0,14.714285714285714,1.0,1.0,0.09433962264150944,0.1,0.1,0.06,4.0,10.777777777777779,0.0,0.0,0.08490566037735849,0.1,0.05,0.08,3.0,12.0,0.0,0.0,0.1320754716981132,0.2,0.15,0.16,8.0,7.153846153846154,0.0,0.0,0.08490566037735849,0.0,0.0,0.08,24.0,10.0,0.0,0.0,0.08490566037735849,0.1,0.05,0.08,8.0,11.125,0.0,0.0,0.09433962264150944,0.1,0.15,0.14,2.0,9.11111111111111,0.0,0.0,0.07547169811320754,0.1,0.05,0.04,0.0,15.0,1.0,1.0,0.08490566037735849,0.0,0.0,0.04,37.0,8.5,0.0,0.0,0.11320754716981132,0.4,0.2,0.12,2.0,9.090909090909092,0.0,0.0,0.14150943396226415,0.3,0.2,0.18,1.0,7.214285714285714,0.0,1.0,0.08490566037735849,0.1,0.2,0.1,1.0,12.375,0.0,1.0,0.05660377358490566,0.1,0.05,0.02,5.0,17.2,0.0,0.0,0.09433962264150944,0.0,0.0,0.1,24.0,8.88888888888889,0.0,0.0,0.09433962264150944,0.3,0.15,0.14,0.0,11.444444444444445,1.0,1.0,0.10377358490566038,0.0,0.0,0.08,25.0,7.2,0.0,0.0,0.08490566037735849,0.2,0.2,0.12,3.0,11.25,0.0,0.0,0.08490566037735849,0.1,0.05,0.04,1.0,13.0,0.0,1.0,0.12264150943396226,0.2,0.25,0.14,6.0,8.166666666666666,0.0,0.0,0.12264150943396226,0.1,0.15,0.12,2.0,8.583333333333334,0.0,0.0,0.08490566037735849,0.1,0.1,0.1,3.0,10.0,0.0,0.0,0.19811320754716982,0.0,0.1,0.2,10.0,4.5,0.0,0.0,0.09433962264150944,0.1,0.15,0.08,8.0,7.222222222222222,0.0,0.0,0.08490566037735849,0.1,0.1,0.12,3.0,11.75,0.0,0.0,0.09433962264150944,0.1,0.1,0.1,5.0,11.0,0.0,0.0,0.08490566037735849,0.1,0.15,0.12,3.0,11.75,0.0,0.0,0.08490566037735849,0.1,0.1,0.1,4.0,11.25,0.0,0.0,0.09433962264150944,0.0,0.0,0.06,20.0,9.333333333333334,0.0,0.0,0.12264150943396226,0.1,0.2,0.14,5.0,7.583333333333333,0.0,0.0,0.1509433962264151,0.2,0.15,0.14,1.0,6.133333333333334,0.0,1.0,0.10377358490566038,0.0,0.0,0.04,26.0,7.9,0.0,0.0,0.09433962264150944,0.0,0.05,0.08,15.0,9.222222222222221,0.0,0.0,78.0,1.0,30.0,2.0,2.0,1.0,0.0,106.0,12.0,2.0,3.0,0,0,0,0,1,0,0,1,0,0,0,0,0,0,0,0,0,0,1,0,0,0,0,0,0,0,0,0,0,0,1,1,0,0,0,0,0,0,0,0,0,0,0,0,0,0,0,0
2021-12-08,0.1588785046728972,0.2,0.3,0.18,1.0,6.4375,0.0,1.0,0.09345794392523364,0.1,0.1,0.1,6.0,10.777777777777779,0.0,0.0,0.11214953271028037,0.1,0.05,0.1,3.0,8.818181818181818,0.0,0.0,0.08411214953271028,0.0,0.05,0.08,15.0,7.625,0.0,0.0,0.12149532710280374,0.2,0.15,0.12,0.0,8.583333333333334,1.0,1.0,0.07476635514018691,0.0,0.0,0.0,56.0,6.571428571428571,0.0,0.0,0.11214953271028037,0.0,0.15,0.12,10.0,6.545454545454546,0.0,0.0,0.102803738317757,0.1,0.1,0.12,0.0,9.9,1.0,1.0,0.14953271028037382,0.2,0.2,0.2,7.0,6.133333333333334,0.0,0.0,0.14018691588785046,0.1,0.15,0.14,5.0,6.5,0.0,0.0,0.14953271028037382,0.1,0.1,0.16,5.0,6.466666666666667,0.0,0.0,0.09345794392523364,0.0,0.05,0.06,14.0,9.333333333333334,0.0,0.0,0.102803738317757,0.0,0.1,0.1,15.0,7.7,0.0,0.0,0.12149532710280374,0.1,0.15,0.14,8.0,6.083333333333333,0.0,0.0,0.11214953271028037,0.0,0.0,0.1,23.0,5.636363636363637,0.0,0.0,0.06542056074766354,0.0,0.0,0.06,30.0,11.833333333333334,0.0,0.0,0.07476635514018691,0.2,0.1,0.08,1.0,14.714285714285714,0.0,1.0,0.09345794392523364,0.1,0.1,0.06,5.0,10.777777777777779,0.0,0.0,0.09345794392523364,0.2,0.1,0.1,0.0,11.11111111111111,1.0,1.0,0.1308411214953271,0.1,0.15,0.16,9.0,7.153846153846154,0.0,0.0,0.08411214953271028,0.0,0.0,0.08,25.0,10.0,0.0,0.0,0.08411214953271028,0.1,0.05,0.08,9.0,11.125,0.0,0.0,0.09345794392523364,0.1,0.15,0.14,3.0,9.11111111111111,0.0,0.0,0.07476635514018691,0.1,0.05,0.04,1.0,15.0,0.0,1.0,0.08411214953271028,0.0,0.0,0.04,38.0,8.5,0.0,0.0,0.11214953271028037,0.4,0.2,0.12,3.0,9.090909090909092,0.0,0.0,0.14018691588785046,0.3,0.2,0.18,2.0,7.214285714285714,0.0,0.0,0.08411214953271028,0.1,0.15,0.1,2.0,12.375,0.0,0.0,0.056074766355140186,0.1,0.05,0.02,6.0,17.2,0.0,0.0,0.09345794392523364,0.0,0.0,0.1,25.0,8.88888888888889,0.0,0.0,0.102803738317757,0.4,0.2,0.16,0.0,10.4,1.0,1.0,0.11214953271028037,0.1,0.05,0.1,0.0,8.909090909090908,1.0,1.0,0.08411214953271028,0.2,0.15,0.12,4.0,11.25,0.0,0.0,0.08411214953271028,0.1,0.05,0.04,2.0,13.0,0.0,0.0,0.12149532710280374,0.2,0.25,0.14,7.0,8.166666666666666,0.0,0.0,0.12149532710280374,0.1,0.15,0.12,3.0,8.583333333333334,0.0,0.0,0.08411214953271028,0.1,0.1,0.1,4.0,10.0,0.0,0.0,0.19626168224299065,0.0,0.1,0.18,11.0,4.5,0.0,0.0,0.09345794392523364,0.1,0.15,0.08,9.0,7.222222222222222,0.0,0.0,0.08411214953271028,0.1,0.1,0.1,4.0,11.75,0.0,0.0,0.09345794392523364,0.1,0.1,0.1,6.0,11.0,0.0,0.0,0.08411214953271028,0.1,0.15,0.12,4.0,11.75,0.0,0.0,0.08411214953271028,0.1,0.1,0.1,5.0,11.25,0.0,0.0,0.09345794392523364,0.0,0.0,0.06,21.0,9.333333333333334,0.0,0.0,0.12149532710280374,0.1,0.2,0.14,6.0,7.583333333333333,0.0,0.0,0.14953271028037382,0.2,0.15,0.14,2.0,6.133333333333334,0.0,0.0,0.102803738317757,0.0,0.0,0.04,27.0,7.9,0.0,0.0,0.09345794392523364,0.0,0.05,0.08,16.0,9.222222222222221,0.0,0.0,95.0,2.0,27.0,2.0,1.0,2.0,0.0,107.0,12.0,5.0,6.0,0,0,0,0,0,0,0,1,0,0,1,0,1,0,0,0,0,0,1,0,0,0,0,0,0,0,0,0,0,0,0,0,0,0,1,0,0,0,0,0,0,0,0,0,0,0,0,0
2021-12-12,0.1574074074074074,0.2,0.3,0.18,2.0,6.4375,0.0,0.0,0.09259259259259259,0.1,0.1,0.1,7.0,10.777777777777779,0.0,0.0,0.1111111111111111,0.1,0.05,0.1,4.0,8.818181818181818,0.0,0.0,0.08333333333333333,0.0,0.05,0.08,16.0,7.625,0.0,0.0,0.12037037037037036,0.2,0.15,0.12,1.0,8.583333333333334,0.0,1.0,0.07407407407407407,0.0,0.0,0.0,57.0,6.571428571428571,0.0,0.0,0.1111111111111111,0.0,0.15,0.12,11.0,6.545454545454546,0.0,0.0,0.1111111111111111,0.2,0.15,0.12,0.0,9.090909090909092,1.0,1.0,0.14814814814814814,0.2,0.2,0.18,8.0,6.133333333333334,0.0,0.0,0.1388888888888889,0.1,0.1,0.14,6.0,6.5,0.0,0.0,0.1574074074074074,0.2,0.15,0.18,0.0,6.4375,1.0,1.0,0.09259259259259259,0.0,0.05,0.06,15.0,9.333333333333334,0.0,0.0,0.1111111111111111,0.1,0.1,0.12,0.0,8.454545454545455,1.0,1.0,0.12037037037037036,0.1,0.15,0.14,9.0,6.083333333333333,0.0,0.0,0.1111111111111111,0.0,0.0,0.1,24.0,5.636363636363637,0.0,0.0,0.06481481481481481,0.0,0.0,0.06,31.0,11.833333333333334,0.0,0.0,0.07407407407407407,0.2,0.1,0.06,2.0,14.714285714285714,0.0,0.0,0.09259259259259259,0.1,0.1,0.06,6.0,10.777777777777779,0.0,0.0,0.10185185185185185,0.3,0.15,0.12,0.0,10.1,1.0,1.0,0.12962962962962962,0.0,0.15,0.16,10.0,7.153846153846154,0.0,0.0,0.08333333333333333,0.0,0.0,0.08,26.0,10.0,0.0,0.0,0.08333333333333333,0.0,0.05,0.08,10.0,11.125,0.0,0.0,0.09259259259259259,0.1,0.15,0.14,4.0,9.11111111111111,0.0,0.0,0.07407407407407407,0.1,0.05,0.04,2.0,15.0,0.0,0.0,0.08333333333333333,0.0,0.0,0.04,39.0,8.5,0.0,0.0,0.1111111111111111,0.4,0.2,0.1,4.0,9.090909090909092,0.0,0.0,0.1388888888888889,0.3,0.2,0.16,3.0,7.214285714285714,0.0,0.0,0.08333333333333333,0.1,0.1,0.1,3.0,12.375,0.0,0.0,0.05555555555555555,0.1,0.05,0.02,7.0,17.2,0.0,0.0,0.09259259259259259,0.0,0.0,0.1,26.0,8.88888888888889,0.0,0.0,0.10185185185185185,0.3,0.2,0.16,1.0,10.4,0.0,1.0,0.1111111111111111,0.1,0.05,0.1,1.0,8.909090909090908,0.0,1.0,0.08333333333333333,0.1,0.15,0.12,5.0,11.25,0.0,0.0,0.08333333333333333,0.1,0.05,0.04,3.0,13.0,0.0,0.0,0.12962962962962962,0.3,0.25,0.16,0.0,8.153846153846153,1.0,1.0,0.12037037037037036,0.1,0.15,0.12,4.0,8.583333333333334,0.0,0.0,0.08333333333333333,0.1,0.1,0.1,5.0,10.0,0.0,0.0,0.19444444444444445,0.0,0.1,0.18,12.0,4.5,0.0,0.0,0.09259259259259259,0.0,0.15,0.08,10.0,7.222222222222222,0.0,0.0,0.08333333333333333,0.1,0.1,0.1,5.0,11.75,0.0,0.0,0.09259259259259259,0.1,0.1,0.1,7.0,11.0,0.0,0.0,0.08333333333333333,0.1,0.15,0.12,5.0,11.75,0.0,0.0,0.08333333333333333,0.1,0.1,0.1,6.0,11.25,0.0,0.0,0.09259259259259259,0.0,0.0,0.06,22.0,9.333333333333334,0.0,0.0,0.12037037037037036,0.1,0.15,0.14,7.0,7.583333333333333,0.0,0.0,0.14814814814814814,0.2,0.15,0.14,3.0,6.133333333333334,0.0,0.0,0.10185185185185185,0.0,0.0,0.04,28.0,7.9,0.0,0.0,0.09259259259259259,0.0,0.05,0.08,17.0,9.222222222222221,0.0,0.0,86.0,1.0,27.0,2.0,2.0,1.0,0.0,108.0,12.0,8.0,2.0,1,0,0,0,0,0,0,0,0,0,0,0,0,0,0,0,0,1,0,0,0,0,0,0,1,0,0,0,0,0,0,0,0,0,0,0,0,0,0,0,0,1,0,0,0,0,0,1
2021-12-15,0.1651376146788991,0.3,0.3,0.2,0.0,6.235294117647059,1.0,1.0,0.09174311926605505,0.1,0.1,0.1,8.0,10.777777777777779,0.0,0.0,0.11009174311926606,0.1,0.05,0.1,5.0,8.818181818181818,0.0,0.0,0.08256880733944955,0.0,0.05,0.08,17.0,7.625,0.0,0.0,0.11926605504587157,0.2,0.15,0.1,2.0,8.583333333333334,0.0,0.0,0.07339449541284404,0.0,0.0,0.0,58.0,6.571428571428571,0.0,0.0,0.11009174311926606,0.0,0.15,0.1,12.0,6.545454545454546,0.0,0.0,0.11009174311926606,0.2,0.15,0.12,1.0,9.090909090909092,0.0,1.0,0.14678899082568808,0.1,0.2,0.18,9.0,6.133333333333334,0.0,0.0,0.13761467889908258,0.1,0.1,0.14,7.0,6.5,0.0,0.0,0.1559633027522936,0.2,0.15,0.16,1.0,6.4375,0.0,1.0,0.09174311926605505,0.0,0.05,0.06,16.0,9.333333333333334,0.0,0.0,0.11009174311926606,0.1,0.1,0.12,1.0,8.454545454545455,0.0,1.0,0.11926605504587157,0.0,0.15,0.12,10.0,6.083333333333333,0.0,0.0,0.11009174311926606,0.0,0.0,0.1,25.0,5.636363636363637,0.0,0.0,0.06422018348623854,0.0,0.0,0.06,32.0,11.833333333333334,0.0,0.0,0.07339449541284404,0.2,0.1,0.06,3.0,14.714285714285714,0.0,0.0,0.10091743119266056,0.2,0.1,0.08,0.0,10.4,1.0,1.0,0.10091743119266056,0.3,0.15,0.12,1.0,10.1,0.0,1.0,0.12844036697247707,0.0,0.15,0.16,11.0,7.153846153846154,0.0,0.0,0.08256880733944955,0.0,0.0,0.08,27.0,10.0,0.0,0.0,0.08256880733944955,0.0,0.05,0.08,11.0,11.125,0.0,0.0,0.09174311926605505,0.1,0.15,0.14,5.0,9.11111111111111,0.0,0.0,0.07339449541284404,0.1,0.05,0.04,3.0,15.0,0.0,0.0,0.09174311926605505,0.1,0.05,0.06,0.0,12.0,1.0,1.0,0.11009174311926606,0.3,0.2,0.1,5.0,9.090909090909092,0.0,0.0,0.13761467889908258,0.2,0.2,0.16,4.0,7.214285714285714,0.0,0.0,0.08256880733944955,0.1,0.05,0.1,4.0,12.375,0.0,0.0,0.05504587155963303,0.1,0.05,0.02,8.0,17.2,0.0,0.0,0.09174311926605505,0.0,0.0,0.1,27.0,8.88888888888889,0.0,0.0,0.10091743119266056,0.3,0.2,0.16,2.0,10.4,0.0,0.0,0.11009174311926606,0.1,0.05,0.1,2.0,8.909090909090908,0.0,0.0,0.08256880733944955,0.1,0.15,0.12,6.0,11.25,0.0,0.0,0.08256880733944955,0.1,0.05,0.04,4.0,13.0,0.0,0.0,0.12844036697247707,0.2,0.25,0.16,1.0,8.153846153846153,0.0,1.0,0.11926605504587157,0.1,0.15,0.12,5.0,8.583333333333334,0.0,0.0,0.08256880733944955,0.1,0.05,0.1,6.0,10.0,0.0,0.0,0.1926605504587156,0.0,0.1,0.18,13.0,4.5,0.0,0.0,0.09174311926605505,0.0,0.15,0.08,11.0,7.222222222222222,0.0,0.0,0.08256880733944955,0.1,0.1,0.1,6.0,11.75,0.0,0.0,0.09174311926605505,0.1,0.1,0.1,8.0,11.0,0.0,0.0,0.09174311926605505,0.2,0.2,0.14,0.0,11.11111111111111,1.0,1.0,0.08256880733944955,0.1,0.1,0.08,7.0,11.25,0.0,0.0,0.09174311926605505,0.0,0.0,0.06,23.0,9.333333333333334,0.0,0.0,0.11926605504587157,0.1,0.1,0.14,8.0,7.583333333333333,0.0,0.0,0.14678899082568808,0.2,0.15,0.14,4.0,6.133333333333334,0.0,0.0,0.10091743119266056,0.0,0.0,0.04,29.0,7.9,0.0,0.0,0.10091743119266056,0.1,0.1,0.1,0.0,10.1,1.0,1.0,134.0,3.0,47.0,1.0,1.0,1.0,2.0,109.0,12.0,12.0,6.0,0,0,0,0,0,0,0,0,0,0,0,0,0,0,0,0,0,0,1,0,0,0,0,0,0,0,0,1,0,0,0,1,0,0,0,0,0,0,0,0,1,1,0,0,0,0,0,0
2021-12-19,0.16363636363636364,0.3,0.25,0.2,1.0,6.235294117647059,0.0,1.0,0.09090909090909091,0.1,0.1,0.08,9.0,10.777777777777779,0.0,0.0,0.10909090909090909,0.1,0.05,0.1,6.0,8.818181818181818,0.0,0.0,0.08181818181818182,0.0,0.05,0.08,18.0,7.625,0.0,0.0,0.11818181818181818,0.2,0.15,0.1,3.0,8.583333333333334,0.0,0.0,0.07272727272727272,0.0,0.0,0.0,59.0,6.571428571428571,0.0,0.0,0.10909090909090909,0.0,0.15,0.1,13.0,6.545454545454546,0.0,0.0,0.10909090909090909,0.2,0.15,0.1,2.0,9.090909090909092,0.0,0.0,0.14545454545454545,0.0,0.2,0.18,10.0,6.133333333333334,0.0,0.0,0.13636363636363635,0.1,0.1,0.14,8.0,6.5,0.0,0.0,0.15454545454545454,0.2,0.15,0.16,2.0,6.4375,0.0,0.0,0.09090909090909091,0.0,0.05,0.06,17.0,9.333333333333334,0.0,0.0,0.10909090909090909,0.1,0.1,0.12,2.0,8.454545454545455,0.0,0.0,0.11818181818181818,0.0,0.1,0.12,11.0,6.083333333333333,0.0,0.0,0.10909090909090909,0.0,0.0,0.1,26.0,5.636363636363637,0.0,0.0,0.06363636363636363,0.0,0.0,0.06,33.0,11.833333333333334,0.0,0.0,0.07272727272727272,0.2,0.1,0.06,4.0,14.714285714285714,0.0,0.0,0.1,0.2,0.1,0.08,1.0,10.4,0.0,1.0,0.10909090909090909,0.4,0.2,0.12,0.0,9.363636363636363,1.0,1.0,0.12727272727272726,0.0,0.15,0.16,12.0,7.153846153846154,0.0,0.0,0.08181818181818182,0.0,0.0,0.08,28.0,10.0,0.0,0.0,0.08181818181818182,0.0,0.05,0.08,12.0,11.125,0.0,0.0,0.09090909090909091,0.1,0.1,0.14,6.0,9.11111111111111,0.0,0.0,0.07272727272727272,0.1,0.05,0.04,4.0,15.0,0.0,0.0,0.09090909090909091,0.1,0.05,0.06,1.0,12.0,0.0,1.0,0.10909090909090909,0.2,0.2,0.1,6.0,9.090909090909092,0.0,0.0,0.13636363636363635,0.1,0.2,0.16,5.0,7.214285714285714,0.0,0.0,0.09090909090909091,0.2,0.1,0.12,0.0,11.555555555555555,1.0,1.0,0.05454545454545454,0.1,0.05,0.02,9.0,17.2,0.0,0.0,0.09090909090909091,0.0,0.0,0.1,28.0,8.88888888888889,0.0,0.0,0.1,0.3,0.2,0.16,3.0,10.4,0.0,0.0,0.11818181818181818,0.2,0.1,0.12,0.0,8.416666666666666,1.0,1.0,0.08181818181818182,0.1,0.15,0.12,7.0,11.25,0.0,0.0,0.08181818181818182,0.1,0.05,0.04,5.0,13.0,0.0,0.0,0.12727272727272726,0.1,0.25,0.16,2.0,8.153846153846153,0.0,0.0,0.11818181818181818,0.1,0.15,0.12,6.0,8.583333333333334,0.0,0.0,0.08181818181818182,0.1,0.05,0.1,7.0,10.0,0.0,0.0,0.19090909090909092,0.0,0.1,0.18,14.0,4.5,0.0,0.0,0.09090909090909091,0.0,0.1,0.06,12.0,7.222222222222222,0.0,0.0,0.08181818181818182,0.1,0.05,0.1,7.0,11.75,0.0,0.0,0.1,0.2,0.15,0.12,0.0,10.8,1.0,1.0,0.1,0.3,0.25,0.16,0.0,10.1,1.0,1.0,0.08181818181818182,0.1,0.1,0.08,8.0,11.25,0.0,0.0,0.09090909090909091,0.0,0.0,0.06,24.0,9.333333333333334,0.0,0.0,0.11818181818181818,0.1,0.1,0.14,9.0,7.583333333333333,0.0,0.0,0.14545454545454545,0.1,0.15,0.12,5.0,6.133333333333334,0.0,0.0,0.1,0.0,0.0,0.04,30.0,7.9,0.0,0.0,0.1,0.1,0.1,0.1,1.0,10.1,0.0,1.0,162.0,3.0,23.0,0.0,1.0,2.0,2.0,110.0,12.0,15.0,2.0,0,1,0,1,0,1,0,0,0,0,0,0,0,0,0,0,0,0,0,1,0,0,0,0,0,0,0,0,0,0,0,0,0,0,0,0,0,0,0,0,1,0,0,0,0,0,0,0
2021-12-22,0.16216216216216217,0.2,0.2,0.2,2.0,6.235294117647059,0.0,0.0,0.0990990990990991,0.1,0.15,0.1,0.0,10.7,1.0,1.0,0.10810810810810811,0.1,0.05,0.1,7.0,8.818181818181818,0.0,0.0,0.09009009009009009,0.1,0.1,0.1,0.0,8.88888888888889,1.0,1.0,0.11711711711711711,0.2,0.15,0.08,4.0,8.583333333333334,0.0,0.0,0.08108108108108109,0.1,0.05,0.02,0.0,13.25,1.0,1.0,0.10810810810810811,0.0,0.15,0.1,14.0,6.545454545454546,0.0,0.0,0.10810810810810811,0.2,0.15,0.1,3.0,9.090909090909092,0.0,0.0,0.14414414414414414,0.0,0.2,0.18,11.0,6.133333333333334,0.0,0.0,0.13513513513513514,0.1,0.1,0.14,9.0,6.5,0.0,0.0,0.15315315315315314,0.2,0.15,0.14,3.0,6.4375,0.0,0.0,0.09009009009009009,0.0,0.05,0.06,18.0,9.333333333333334,0.0,0.0,0.10810810810810811,0.1,0.1,0.12,3.0,8.454545454545455,0.0,0.0,0.11711711711711711,0.0,0.05,0.12,12.0,6.083333333333333,0.0,0.0,0.10810810810810811,0.0,0.0,0.1,27.0,5.636363636363637,0.0,0.0,0.06306306306306306,0.0,0.0,0.06,34.0,11.833333333333334,0.0,0.0,0.07207207207207207,0.2,0.1,0.06,5.0,14.714285714285714,0.0,0.0,0.0990990990990991,0.2,0.1,0.08,2.0,10.4,0.0,0.0,0.10810810810810811,0.4,0.2,0.12,1.0,9.363636363636363,0.0,1.0,0.13513513513513514,0.1,0.2,0.18,0.0,7.571428571428571,1.0,1.0,0.08108108108108109,0.0,0.0,0.08,29.0,10.0,0.0,0.0,0.08108108108108109,0.0,0.05,0.08,13.0,11.125,0.0,0.0,0.09009009009009009,0.1,0.1,0.14,7.0,9.11111111111111,0.0,0.0,0.07207207207207207,0.1,0.05,0.04,5.0,15.0,0.0,0.0,0.09009009009009009,0.1,0.05,0.06,2.0,12.0,0.0,0.0,0.10810810810810811,0.2,0.2,0.1,7.0,9.090909090909092,0.0,0.0,0.13513513513513514,0.1,0.15,0.16,6.0,7.214285714285714,0.0,0.0,0.09009009009009009,0.2,0.1,0.12,1.0,11.555555555555555,0.0,1.0,0.05405405405405406,0.0,0.05,0.02,10.0,17.2,0.0,0.0,0.09009009009009009,0.0,0.0,0.1,29.0,8.88888888888889,0.0,0.0,0.0990990990990991,0.3,0.2,0.16,4.0,10.4,0.0,0.0,0.11711711711711711,0.2,0.1,0.12,1.0,8.416666666666666,0.0,1.0,0.08108108108108109,0.1,0.15,0.12,8.0,11.25,0.0,0.0,0.08108108108108109,0.1,0.05,0.04,6.0,13.0,0.0,0.0,0.12612612612612611,0.1,0.2,0.16,3.0,8.153846153846153,0.0,0.0,0.11711711711711711,0.1,0.15,0.12,7.0,8.583333333333334,0.0,0.0,0.08108108108108109,0.1,0.05,0.08,8.0,10.0,0.0,0.0,0.1891891891891892,0.0,0.1,0.18,15.0,4.5,0.0,0.0,0.09009009009009009,0.0,0.1,0.06,13.0,7.222222222222222,0.0,0.0,0.08108108108108109,0.1,0.05,0.1,8.0,11.75,0.0,0.0,0.10810810810810811,0.2,0.2,0.14,0.0,9.909090909090908,1.0,1.0,0.0990990990990991,0.3,0.25,0.16,1.0,10.1,0.0,1.0,0.08108108108108109,0.1,0.1,0.08,9.0,11.25,0.0,0.0,0.09009009009009009,0.0,0.0,0.06,25.0,9.333333333333334,0.0,0.0,0.11711711711711711,0.0,0.1,0.12,10.0,7.583333333333333,0.0,0.0,0.14414414414414414,0.1,0.15,0.12,6.0,6.133333333333334,0.0,0.0,0.0990990990990991,0.0,0.0,0.04,31.0,7.9,0.0,0.0,0.0990990990990991,0.1,0.05,0.08,2.0,10.1,0.0,0.0,73.0,4.0,39.0,3.0,1.0,0.0,1.0,111.0,12.0,19.0,6.0,0,0,0,0,0,0,0,0,0,0,0,1,0,0,0,0,0,1,0,0,0,0,0,0,0,0,0,0,0,0,0,0,0,0,1,0,0,1,0,0,0,0,0,0,0,0,0,1
2021-12-27,0.16071428571428573,0.2,0.2,0.2,3.0,6.235294117647059,0.0,0.0,0.09821428571428571,0.1,0.15,0.1,1.0,10.7,0.0,1.0,0.10714285714285714,0.1,0.05,0.1,8.0,8.818181818181818,0.0,0.0,0.08928571428571429,0.1,0.05,0.1,1.0,8.88888888888889,0.0,1.0,0.11607142857142858,0.2,0.15,0.08,5.0,8.583333333333334,0.0,0.0,0.08035714285714286,0.1,0.05,0.02,1.0,13.25,0.0,1.0,0.10714285714285714,0.0,0.1,0.1,15.0,6.545454545454546,0.0,0.0,0.10714285714285714,0.2,0.15,0.1,4.0,9.090909090909092,0.0,0.0,0.14285714285714285,0.0,0.2,0.18,12.0,6.133333333333334,0.0,0.0,0.13392857142857142,0.0,0.05,0.14,10.0,6.5,0.0,0.0,0.15178571428571427,0.1,0.15,0.14,4.0,6.4375,0.0,0.0,0.09821428571428571,0.1,0.1,0.08,0.0,10.3,1.0,1.0,0.10714285714285714,0.1,0.05,0.12,4.0,8.454545454545455,0.0,0.0,0.11607142857142858,0.0,0.05,0.12,13.0,6.083333333333333,0.0,0.0,0.10714285714285714,0.0,0.0,0.08,28.0,5.636363636363637,0.0,0.0,0.0625,0.0,0.0,0.06,35.0,11.833333333333334,0.0,0.0,0.07142857142857142,0.2,0.1,0.04,6.0,14.714285714285714,0.0,0.0,0.10714285714285714,0.2,0.15,0.1,0.0,9.727272727272727,1.0,1.0,0.10714285714285714,0.4,0.2,0.12,2.0,9.363636363636363,0.0,0.0,0.13392857142857142,0.1,0.2,0.18,1.0,7.571428571428571,0.0,1.0,0.08035714285714286,0.0,0.0,0.08,30.0,10.0,0.0,0.0,0.08035714285714286,0.0,0.05,0.08,14.0,11.125,0.0,0.0,0.08928571428571429,0.1,0.1,0.12,8.0,9.11111111111111,0.0,0.0,0.07142857142857142,0.1,0.05,0.04,6.0,15.0,0.0,0.0,0.08928571428571429,0.1,0.05,0.06,3.0,12.0,0.0,0.0,0.10714285714285714,0.1,0.2,0.1,8.0,9.090909090909092,0.0,0.0,0.13392857142857142,0.1,0.15,0.14,7.0,7.214285714285714,0.0,0.0,0.08928571428571429,0.2,0.1,0.12,2.0,11.555555555555555,0.0,0.0,0.05357142857142857,0.0,0.05,0.02,11.0,17.2,0.0,0.0,0.08928571428571429,0.0,0.0,0.1,30.0,8.88888888888889,0.0,0.0,0.09821428571428571,0.3,0.2,0.16,5.0,10.4,0.0,0.0,0.11607142857142858,0.2,0.1,0.12,2.0,8.416666666666666,0.0,0.0,0.08035714285714286,0.1,0.15,0.12,9.0,11.25,0.0,0.0,0.08035714285714286,0.1,0.05,0.04,7.0,13.0,0.0,0.0,0.13392857142857142,0.2,0.25,0.18,0.0,7.857142857142857,1.0,1.0,0.11607142857142858,0.1,0.15,0.12,8.0,8.583333333333334,0.0,0.0,0.08035714285714286,0.1,0.05,0.08,9.0,10.0,0.0,0.0,0.19642857142857142,0.1,0.15,0.2,0.0,5.0476190476190474,1.0,1.0,0.08928571428571429,0.0,0.1,0.06,14.0,7.222222222222222,0.0,0.0,0.08035714285714286,0.1,0.05,0.08,9.0,11.75,0.0,0.0,0.10714285714285714,0.2,0.15,0.14,1.0,9.909090909090908,0.0,1.0,0.09821428571428571,0.3,0.25,0.16,2.0,10.1,0.0,0.0,0.08035714285714286,0.0,0.1,0.08,10.0,11.25,0.0,0.0,0.08928571428571429,0.0,0.0,0.06,26.0,9.333333333333334,0.0,0.0,0.11607142857142858,0.0,0.1,0.12,11.0,7.583333333333333,0.0,0.0,0.14285714285714285,0.1,0.15,0.12,7.0,6.133333333333334,0.0,0.0,0.09821428571428571,0.0,0.0,0.04,32.0,7.9,0.0,0.0,0.10714285714285714,0.2,0.1,0.1,0.0,9.454545454545455,1.0,1.0,151.0,4.0,36.0,1.0,1.0,1.0,2.0,112.0,12.0,22.0,2.0,0,0,0,0,0,0,0,0,0,0,0,1,0,0,0,0,0,0,0,0,0,0,0,0,0,0,0,0,1,0,0,1,0,0,0,0,0,1,0,0,0,0,0,0,0,0,0,1
2021-12-30,0.1592920353982301,0.2,0.2,0.2,4.0,6.235294117647059,0.0,0.0,0.09734513274336283,0.1,0.15,0.1,2.0,10.7,0.0,0.0,0.10619469026548672,0.1,0.05,0.1,9.0,8.818181818181818,0.0,0.0,0.08849557522123894,0.1,0.05,0.08,2.0,8.88888888888889,0.0,0.0,0.11504424778761062,0.2,0.15,0.08,6.0,8.583333333333334,0.0,0.0,0.07964601769911504,0.1,0.05,0.02,2.0,13.25,0.0,0.0,0.10619469026548672,0.0,0.1,0.1,16.0,6.545454545454546,0.0,0.0,0.10619469026548672,0.2,0.15,0.1,5.0,9.090909090909092,0.0,0.0,0.1415929203539823,0.0,0.15,0.18,13.0,6.133333333333334,0.0,0.0,0.13274336283185842,0.0,0.05,0.14,11.0,6.5,0.0,0.0,0.1504424778761062,0.1,0.15,0.14,5.0,6.4375,0.0,0.0,0.10619469026548672,0.2,0.1,0.1,0.0,9.454545454545455,1.0,1.0,0.10619469026548672,0.1,0.05,0.12,5.0,8.454545454545455,0.0,0.0,0.11504424778761062,0.0,0.05,0.12,14.0,6.083333333333333,0.0,0.0,0.10619469026548672,0.0,0.0,0.08,29.0,5.636363636363637,0.0,0.0,0.061946902654867256,0.0,0.0,0.04,36.0,11.833333333333334,0.0,0.0,0.07079646017699115,0.2,0.1,0.04,7.0,14.714285714285714,0.0,0.0,0.10619469026548672,0.2,0.15,0.1,1.0,9.727272727272727,0.0,1.0,0.10619469026548672,0.3,0.2,0.12,3.0,9.363636363636363,0.0,0.0,0.13274336283185842,0.1,0.2,0.18,2.0,7.571428571428571,0.0,0.0,0.07964601769911504,0.0,0.0,0.08,31.0,10.0,0.0,0.0,0.07964601769911504,0.0,0.05,0.08,15.0,11.125,0.0,0.0,0.08849557522123894,0.1,0.05,0.12,9.0,9.11111111111111,0.0,0.0,0.07079646017699115,0.1,0.05,0.04,7.0,15.0,0.0,0.0,0.08849557522123894,0.1,0.05,0.06,4.0,12.0,0.0,0.0,0.10619469026548672,0.1,0.2,0.08,9.0,9.090909090909092,0.0,0.0,0.13274336283185842,0.1,0.15,0.14,8.0,7.214285714285714,0.0,0.0,0.08849557522123894,0.2,0.1,0.12,3.0,11.555555555555555,0.0,0.0,0.061946902654867256,0.1,0.1,0.04,0.0,16.333333333333332,1.0,1.0,0.08849557522123894,0.0,0.0,0.1,31.0,8.88888888888889,0.0,0.0,0.09734513274336283,0.3,0.2,0.16,6.0,10.4,0.0,0.0,0.12389380530973451,0.3,0.15,0.14,0.0,8.0,1.0,1.0,0.07964601769911504,0.0,0.1,0.12,10.0,11.25,0.0,0.0,0.07964601769911504,0.1,0.05,0.04,8.0,13.0,0.0,0.0,0.13274336283185842,0.2,0.25,0.16,1.0,7.857142857142857,0.0,1.0,0.11504424778761062,0.1,0.15,0.12,9.0,8.583333333333334,0.0,0.0,0.07964601769911504,0.0,0.05,0.06,10.0,10.0,0.0,0.0,0.20353982300884957,0.2,0.2,0.22,0.0,4.863636363636363,1.0,1.0,0.08849557522123894,0.0,0.1,0.06,15.0,7.222222222222222,0.0,0.0,0.07964601769911504,0.0,0.05,0.08,10.0,11.75,0.0,0.0,0.10619469026548672,0.2,0.15,0.14,2.0,9.909090909090908,0.0,0.0,0.09734513274336283,0.2,0.25,0.16,3.0,10.1,0.0,0.0,0.07964601769911504,0.0,0.1,0.08,11.0,11.25,0.0,0.0,0.08849557522123894,0.0,0.0,0.06,27.0,9.333333333333334,0.0,0.0,0.11504424778761062,0.0,0.05,0.12,12.0,7.583333333333333,0.0,0.0,0.1415929203539823,0.1,0.15,0.12,8.0,6.133333333333334,0.0,0.0,0.09734513274336283,0.0,0.0,0.04,33.0,7.9,0.0,0.0,0.11504424778761062,0.3,0.15,0.12,0.0,8.75,1.0,1.0,159.0,4.0,36.0,1.0,0.0,2.0,2.0,113.0,12.0,27.0,0.0,1,0,0,0,1,0,0,0,0,0,0,0,0,0,0,0,1,1,0,0,0,0,0,0,0,0,0,0,1,0,0,0,0,0,0,0,0,0,0,0,0,0,0,0,0,0,0,0
2022-10-17,0.16666666666666666,0.3,0.25,0.22,0.0,6.166666666666667,1.0,1.0,0.09649122807017543,0.1,0.15,0.08,3.0,10.7,0.0,0.0,0.10526315789473684,0.0,0.05,0.1,10.0,8.818181818181818,0.0,0.0,0.08771929824561403,0.1,0.05,0.08,3.0,8.88888888888889,0.0,0.0,0.12280701754385964,0.3,0.2,0.1,0.0,8.461538461538462,1.0,1.0,0.07894736842105263,0.1,0.05,0.02,3.0,13.25,0.0,0.0,0.10526315789473684,0.0,0.1,0.08,17.0,6.545454545454546,0.0,0.0,0.10526315789473684,0.2,0.15,0.1,6.0,9.090909090909092,0.0,0.0,0.14035087719298245,0.0,0.1,0.18,14.0,6.133333333333334,0.0,0.0,0.13157894736842105,0.0,0.05,0.12,12.0,6.5,0.0,0.0,0.14912280701754385,0.1,0.1,0.14,6.0,6.4375,0.0,0.0,0.10526315789473684,0.2,0.1,0.1,1.0,9.454545454545455,0.0,1.0,0.10526315789473684,0.1,0.05,0.12,6.0,8.454545454545455,0.0,0.0,0.11403508771929824,0.0,0.05,0.1,15.0,6.083333333333333,0.0,0.0,0.10526315789473684,0.0,0.0,0.08,30.0,5.636363636363637,0.0,0.0,0.06140350877192982,0.0,0.0,0.04,37.0,11.833333333333334,0.0,0.0,0.07894736842105263,0.3,0.15,0.06,0.0,13.875,1.0,1.0,0.11403508771929824,0.3,0.2,0.12,0.0,9.083333333333334,1.0,1.0,0.10526315789473684,0.3,0.2,0.12,4.0,9.363636363636363,0.0,0.0,0.13157894736842105,0.1,0.2,0.18,3.0,7.571428571428571,0.0,0.0,0.07894736842105263,0.0,0.0,0.08,32.0,10.0,0.0,0.0,0.07894736842105263,0.0,0.05,0.08,16.0,11.125,0.0,0.0,0.08771929824561403,0.0,0.05,0.12,10.0,9.11111111111111,0.0,0.0,0.07017543859649122,0.1,0.05,0.04,8.0,15.0,0.0,0.0,0.08771929824561403,0.1,0.05,0.06,5.0,12.0,0.0,0.0,0.10526315789473684,0.0,0.2,0.08,10.0,9.090909090909092,0.0,0.0,0.13157894736842105,0.1,0.15,0.14,9.0,7.214285714285714,0.0,0.0,0.08771929824561403,0.2,0.1,0.12,4.0,11.555555555555555,0.0,0.0,0.07017543859649122,0.2,0.15,0.06,0.0,14.142857142857142,1.0,1.0,0.08771929824561403,0.0,0.0,0.1,32.0,8.88888888888889,0.0,0.0,0.09649122807017543,0.2,0.2,0.16,7.0,10.4,0.0,0.0,0.12280701754385964,0.3,0.15,0.12,1.0,8.0,0.0,1.0,0.07894736842105263,0.0,0.1,0.12,11.0,11.25,0.0,0.0,0.07894736842105263,0.1,0.05,0.04,9.0,13.0,0.0,0.0,0.13157894736842105,0.2,0.25,0.16,2.0,7.857142857142857,0.0,0.0,0.11403508771929824,0.0,0.15,0.12,10.0,8.583333333333334,0.0,0.0,0.07894736842105263,0.0,0.05,0.06,11.0,10.0,0.0,0.0,0.20175438596491227,0.2,0.15,0.22,1.0,4.863636363636363,0.0,1.0,0.08771929824561403,0.0,0.05,0.06,16.0,7.222222222222222,0.0,0.0,0.07894736842105263,0.0,0.05,0.08,11.0,11.75,0.0,0.0,0.10526315789473684,0.2,0.15,0.14,3.0,9.909090909090908,0.0,0.0,0.09649122807017543,0.2,0.25,0.16,4.0,10.1,0.0,0.0,0.07894736842105263,0.0,0.1,0.08,12.0,11.25,0.0,0.0,0.08771929824561403,0.0,0.0,0.06,28.0,9.333333333333334,0.0,0.0,0.11403508771929824,0.0,0.05,0.12,13.0,7.583333333333333,0.0,0.0,0.14035087719298245,0.1,0.1,0.12,9.0,6.133333333333334,0.0,0.0,0.09649122807017543,0.0,0.0,0.04,34.0,7.9,0.0,0.0,0.11403508771929824,0.3,0.15,0.12,1.0,8.75,0.0,1.0,70.0,1.0,28.0,2.0,2.0,1.0,0.0,114.0,12.0,30.0,3.0,0,0,0,0,0,0,0,0,0,0,0,0,0,0,0,0,0,0,0,1,0,0,0,0,1,0,0,0,0,0,0,1,0,0,0,0,0,0,0,0,0,1,0,0,0,0,1,0
2022-10-20,0.16521739130434782,0.3,0.25,0.2,1.0,6.166666666666667,0.0,1.0,0.09565217391304348,0.1,0.15,0.08,4.0,10.7,0.0,0.0,0.10434782608695652,0.0,0.05,0.1,11.0,8.818181818181818,0.0,0.0,0.08695652173913043,0.1,0.05,0.08,4.0,8.88888888888889,0.0,0.0,0.12173913043478261,0.3,0.2,0.1,1.0,8.461538461538462,0.0,1.0,0.0782608695652174,0.1,0.05,0.02,4.0,13.25,0.0,0.0,0.10434782608695652,0.0,0.1,0.08,18.0,6.545454545454546,0.0,0.0,0.10434782608695652,0.2,0.1,0.1,7.0,9.090909090909092,0.0,0.0,0.1391304347826087,0.0,0.1,0.18,15.0,6.133333333333334,0.0,0.0,0.13043478260869565,0.0,0.05,0.12,13.0,6.5,0.0,0.0,0.14782608695652175,0.1,0.1,0.14,7.0,6.4375,0.0,0.0,0.10434782608695652,0.2,0.1,0.08,2.0,9.454545454545455,0.0,0.0,0.10434782608695652,0.1,0.05,0.12,7.0,8.454545454545455,0.0,0.0,0.11304347826086956,0.0,0.05,0.1,16.0,6.083333333333333,0.0,0.0,0.10434782608695652,0.0,0.0,0.08,31.0,5.636363636363637,0.0,0.0,0.06086956521739131,0.0,0.0,0.04,38.0,11.833333333333334,0.0,0.0,0.0782608695652174,0.2,0.15,0.06,1.0,13.875,0.0,1.0,0.11304347826086956,0.3,0.2,0.12,1.0,9.083333333333334,0.0,1.0,0.10434782608695652,0.3,0.2,0.12,5.0,9.363636363636363,0.0,0.0,0.1391304347826087,0.2,0.2,0.18,0.0,7.333333333333333,1.0,1.0,0.0782608695652174,0.0,0.0,0.08,33.0,10.0,0.0,0.0,0.0782608695652174,0.0,0.05,0.08,17.0,11.125,0.0,0.0,0.08695652173913043,0.0,0.05,0.12,11.0,9.11111111111111,0.0,0.0,0.06956521739130435,0.1,0.05,0.04,9.0,15.0,0.0,0.0,0.09565217391304348,0.2,0.1,0.08,0.0,11.4,1.0,1.0,0.10434782608695652,0.0,0.2,0.08,11.0,9.090909090909092,0.0,0.0,0.13043478260869565,0.0,0.15,0.14,10.0,7.214285714285714,0.0,0.0,0.08695652173913043,0.1,0.1,0.1,5.0,11.555555555555555,0.0,0.0,0.06956521739130435,0.2,0.15,0.06,1.0,14.142857142857142,0.0,1.0,0.08695652173913043,0.0,0.0,0.1,33.0,8.88888888888889,0.0,0.0,0.09565217391304348,0.2,0.2,0.16,8.0,10.4,0.0,0.0,0.13043478260869565,0.4,0.2,0.14,0.0,7.571428571428571,1.0,1.0,0.0782608695652174,0.0,0.1,0.12,12.0,11.25,0.0,0.0,0.0782608695652174,0.0,0.05,0.04,10.0,13.0,0.0,0.0,0.13043478260869565,0.2,0.25,0.16,3.0,7.857142857142857,0.0,0.0,0.11304347826086956,0.0,0.1,0.12,11.0,8.583333333333334,0.0,0.0,0.0782608695652174,0.0,0.05,0.06,12.0,10.0,0.0,0.0,0.2,0.2,0.15,0.2,2.0,4.863636363636363,0.0,0.0,0.08695652173913043,0.0,0.05,0.06,17.0,7.222222222222222,0.0,0.0,0.0782608695652174,0.0,0.05,0.08,12.0,11.75,0.0,0.0,0.10434782608695652,0.2,0.15,0.14,4.0,9.909090909090908,0.0,0.0,0.10434782608695652,0.3,0.25,0.18,0.0,9.636363636363637,1.0,1.0,0.0782608695652174,0.0,0.05,0.08,13.0,11.25,0.0,0.0,0.08695652173913043,0.0,0.0,0.06,29.0,9.333333333333334,0.0,0.0,0.11304347826086956,0.0,0.05,0.12,14.0,7.583333333333333,0.0,0.0,0.1391304347826087,0.0,0.1,0.12,10.0,6.133333333333334,0.0,0.0,0.10434782608695652,0.1,0.05,0.06,0.0,10.363636363636363,1.0,1.0,0.11304347826086956,0.3,0.15,0.12,2.0,8.75,0.0,0.0,166.0,3.0,27.0,0.0,1.0,2.0,2.0,115.0,10.0,17.0,0.0,1,0,0,0,0,0,0,0,0,0,0,0,0,0,0,1,0,0,1,0,0,0,0,0,1,0,0,0,0,0,0,0,0,1,0,0,0,0,0,0,0,0,0,0,0,0,0,0
2022-10-23,0.1724137931034483,0.3,0.3,0.22,0.0,5.947368421052632,1.0,1.0,0.09482758620689655,0.1,0.15,0.08,5.0,10.7,0.0,0.0,0.10344827586206896,0.0,0.05,0.1,12.0,8.818181818181818,0.0,0.0,0.08620689655172414,0.1,0.05,0.08,5.0,8.88888888888889,0.0,0.0,0.1206896551724138,0.2,0.2,0.1,2.0,8.461538461538462,0.0,0.0,0.07758620689655173,0.1,0.05,0.02,5.0,13.25,0.0,0.0,0.10344827586206896,0.0,0.05,0.08,19.0,6.545454545454546,0.0,0.0,0.10344827586206896,0.2,0.1,0.1,8.0,9.090909090909092,0.0,0.0,0.13793103448275862,0.0,0.1,0.18,16.0,6.133333333333334,0.0,0.0,0.12931034482758622,0.0,0.05,0.12,14.0,6.5,0.0,0.0,0.14655172413793102,0.1,0.1,0.14,8.0,6.4375,0.0,0.0,0.10344827586206896,0.2,0.1,0.08,3.0,9.454545454545455,0.0,0.0,0.10344827586206896,0.1,0.05,0.12,8.0,8.454545454545455,0.0,0.0,0.11206896551724138,0.0,0.05,0.1,17.0,6.083333333333333,0.0,0.0,0.10344827586206896,0.0,0.0,0.08,32.0,5.636363636363637,0.0,0.0,0.06896551724137931,0.1,0.05,0.06,0.0,15.714285714285714,1.0,1.0,0.07758620689655173,0.1,0.15,0.06,2.0,13.875,0.0,0.0,0.11206896551724138,0.3,0.2,0.12,2.0,9.083333333333334,0.0,0.0,0.11206896551724138,0.4,0.25,0.14,0.0,9.083333333333334,1.0,1.0,0.13793103448275862,0.2,0.2,0.16,1.0,7.333333333333333,0.0,1.0,0.07758620689655173,0.0,0.0,0.06,34.0,10.0,0.0,0.0,0.07758620689655173,0.0,0.05,0.08,18.0,11.125,0.0,0.0,0.08620689655172414,0.0,0.05,0.12,12.0,9.11111111111111,0.0,0.0,0.06896551724137931,0.0,0.05,0.04,10.0,15.0,0.0,0.0,0.10344827586206896,0.3,0.15,0.08,0.0,10.454545454545455,1.0,1.0,0.10344827586206896,0.0,0.2,0.08,12.0,9.090909090909092,0.0,0.0,0.12931034482758622,0.0,0.15,0.12,11.0,7.214285714285714,0.0,0.0,0.08620689655172414,0.1,0.1,0.1,6.0,11.555555555555555,0.0,0.0,0.06896551724137931,0.2,0.15,0.06,2.0,14.142857142857142,0.0,0.0,0.08620689655172414,0.0,0.0,0.08,34.0,8.88888888888889,0.0,0.0,0.09482758620689655,0.1,0.2,0.16,9.0,10.4,0.0,0.0,0.12931034482758622,0.4,0.2,0.14,1.0,7.571428571428571,0.0,1.0,0.07758620689655173,0.0,0.1,0.12,13.0,11.25,0.0,0.0,0.08620689655172414,0.1,0.1,0.06,0.0,12.777777777777779,1.0,1.0,0.12931034482758622,0.2,0.2,0.16,4.0,7.857142857142857,0.0,0.0,0.11206896551724138,0.0,0.05,0.12,12.0,8.583333333333334,0.0,0.0,0.07758620689655173,0.0,0.05,0.06,13.0,10.0,0.0,0.0,0.19827586206896552,0.2,0.1,0.2,3.0,4.863636363636363,0.0,0.0,0.08620689655172414,0.0,0.05,0.06,18.0,7.222222222222222,0.0,0.0,0.07758620689655173,0.0,0.05,0.08,13.0,11.75,0.0,0.0,0.10344827586206896,0.2,0.15,0.14,5.0,9.909090909090908,0.0,0.0,0.10344827586206896,0.3,0.2,0.18,1.0,9.636363636363637,0.0,1.0,0.07758620689655173,0.0,0.05,0.08,14.0,11.25,0.0,0.0,0.08620689655172414,0.0,0.0,0.06,30.0,9.333333333333334,0.0,0.0,0.11206896551724138,0.0,0.05,0.12,15.0,7.583333333333333,0.0,0.0,0.13793103448275862,0.0,0.1,0.12,11.0,6.133333333333334,0.0,0.0,0.10344827586206896,0.1,0.05,0.06,1.0,10.363636363636363,0.0,1.0,0.11206896551724138,0.3,0.15,0.12,3.0,8.75,0.0,0.0,95.0,2.0,33.0,1.0,2.0,2.0,0.0,116.0,10.0,20.0,3.0,0,0,0,0,0,0,0,0,1,0,0,0,0,0,0,0,0,0,0,0,0,0,0,0,0,0,0,0,0,0,0,0,0,1,0,0,1,0,0,0,0,0,0,0,1,0,0,1
2022-10-26,0.17094017094017094,0.3,0.25,0.22,1.0,5.947368421052632,0.0,1.0,0.09401709401709402,0.1,0.1,0.08,6.0,10.7,0.0,0.0,0.10256410256410256,0.0,0.05,0.08,13.0,8.818181818181818,0.0,0.0,0.08547008547008547,0.1,0.05,0.08,6.0,8.88888888888889,0.0,0.0,0.11965811965811966,0.1,0.15,0.1,3.0,8.461538461538462,0.0,0.0,0.07692307692307693,0.1,0.05,0.02,6.0,13.25,0.0,0.0,0.10256410256410256,0.0,0.0,0.08,20.0,6.545454545454546,0.0,0.0,0.10256410256410256,0.1,0.1,0.1,9.0,9.090909090909092,0.0,0.0,0.1452991452991453,0.1,0.15,0.2,0.0,6.8125,1.0,1.0,0.1282051282051282,0.0,0.05,0.12,15.0,6.5,0.0,0.0,0.1452991452991453,0.1,0.1,0.14,9.0,6.4375,0.0,0.0,0.10256410256410256,0.2,0.1,0.08,4.0,9.454545454545455,0.0,0.0,0.10256410256410256,0.1,0.05,0.12,9.0,8.454545454545455,0.0,0.0,0.1111111111111111,0.0,0.05,0.1,18.0,6.083333333333333,0.0,0.0,0.10256410256410256,0.0,0.0,0.08,33.0,5.636363636363637,0.0,0.0,0.06837606837606838,0.1,0.05,0.06,1.0,15.714285714285714,0.0,1.0,0.07692307692307693,0.1,0.15,0.06,3.0,13.875,0.0,0.0,0.1111111111111111,0.3,0.2,0.12,3.0,9.083333333333334,0.0,0.0,0.1111111111111111,0.3,0.25,0.12,1.0,9.083333333333334,0.0,1.0,0.13675213675213677,0.2,0.15,0.16,2.0,7.333333333333333,0.0,0.0,0.07692307692307693,0.0,0.0,0.06,35.0,10.0,0.0,0.0,0.07692307692307693,0.0,0.05,0.08,19.0,11.125,0.0,0.0,0.08547008547008547,0.0,0.05,0.12,13.0,9.11111111111111,0.0,0.0,0.06837606837606838,0.0,0.05,0.04,11.0,15.0,0.0,0.0,0.10256410256410256,0.3,0.15,0.08,1.0,10.454545454545455,0.0,1.0,0.10256410256410256,0.0,0.2,0.08,13.0,9.090909090909092,0.0,0.0,0.1282051282051282,0.0,0.15,0.12,12.0,7.214285714285714,0.0,0.0,0.08547008547008547,0.1,0.1,0.1,7.0,11.555555555555555,0.0,0.0,0.06837606837606838,0.2,0.15,0.06,3.0,14.142857142857142,0.0,0.0,0.08547008547008547,0.0,0.0,0.08,35.0,8.88888888888889,0.0,0.0,0.09401709401709402,0.0,0.2,0.16,10.0,10.4,0.0,0.0,0.1282051282051282,0.3,0.2,0.14,2.0,7.571428571428571,0.0,0.0,0.07692307692307693,0.0,0.1,0.12,14.0,11.25,0.0,0.0,0.09401709401709402,0.2,0.15,0.08,0.0,11.6,1.0,1.0,0.1282051282051282,0.2,0.2,0.16,5.0,7.857142857142857,0.0,0.0,0.1111111111111111,0.0,0.05,0.12,13.0,8.583333333333334,0.0,0.0,0.08547008547008547,0.1,0.1,0.08,0.0,10.444444444444445,1.0,1.0,0.19658119658119658,0.2,0.1,0.18,4.0,4.863636363636363,0.0,0.0,0.08547008547008547,0.0,0.05,0.06,19.0,7.222222222222222,0.0,0.0,0.07692307692307693,0.0,0.05,0.08,14.0,11.75,0.0,0.0,0.10256410256410256,0.2,0.15,0.12,6.0,9.909090909090908,0.0,0.0,0.10256410256410256,0.3,0.2,0.16,2.0,9.636363636363637,0.0,0.0,0.07692307692307693,0.0,0.05,0.08,15.0,11.25,0.0,0.0,0.08547008547008547,0.0,0.0,0.06,31.0,9.333333333333334,0.0,0.0,0.11965811965811966,0.1,0.1,0.14,0.0,8.23076923076923,1.0,1.0,0.13675213675213677,0.0,0.1,0.12,12.0,6.133333333333334,0.0,0.0,0.10256410256410256,0.1,0.05,0.06,2.0,10.363636363636363,0.0,0.0,0.11965811965811966,0.4,0.2,0.14,0.0,8.384615384615385,1.0,1.0,173.0,2.0,39.0,1.0,0.0,1.0,3.0,117.0,10.0,23.0,6.0,0,0,0,0,0,0,0,0,0,0,0,0,0,0,1,0,0,0,0,0,1,0,0,0,0,0,0,0,0,0,0,0,0,1,0,0,0,1,0,0,0,0,0,0,0,1,0,0
2022-10-30,0.1694915254237288,0.3,0.25,0.2,2.0,5.947368421052632,0.0,0.0,0.09322033898305085,0.1,0.1,0.08,7.0,10.7,0.0,0.0,0.1016949152542373,0.0,0.05,0.08,14.0,8.818181818181818,0.0,0.0,0.0847457627118644,0.1,0.05,0.08,7.0,8.88888888888889,0.0,0.0,0.11864406779661017,0.1,0.15,0.1,4.0,8.461538461538462,0.0,0.0,0.07627118644067797,0.1,0.05,0.02,7.0,13.25,0.0,0.0,0.1016949152542373,0.0,0.0,0.08,21.0,6.545454545454546,0.0,0.0,0.1016949152542373,0.0,0.1,0.1,10.0,9.090909090909092,0.0,0.0,0.1440677966101695,0.1,0.15,0.2,1.0,6.8125,0.0,1.0,0.1271186440677966,0.0,0.05,0.12,16.0,6.5,0.0,0.0,0.1440677966101695,0.0,0.1,0.14,10.0,6.4375,0.0,0.0,0.1016949152542373,0.2,0.1,0.08,5.0,9.454545454545455,0.0,0.0,0.1016949152542373,0.0,0.05,0.1,10.0,8.454545454545455,0.0,0.0,0.11016949152542373,0.0,0.05,0.1,19.0,6.083333333333333,0.0,0.0,0.11016949152542373,0.1,0.05,0.1,0.0,8.0,1.0,1.0,0.06779661016949153,0.1,0.05,0.06,2.0,15.714285714285714,0.0,0.0,0.07627118644067797,0.1,0.15,0.06,4.0,13.875,0.0,0.0,0.11016949152542373,0.3,0.2,0.12,4.0,9.083333333333334,0.0,0.0,0.11016949152542373,0.2,0.25,0.12,2.0,9.083333333333334,0.0,0.0,0.13559322033898305,0.2,0.1,0.16,3.0,7.333333333333333,0.0,0.0,0.0847457627118644,0.1,0.05,0.06,0.0,12.88888888888889,1.0,1.0,0.07627118644067797,0.0,0.0,0.08,20.0,11.125,0.0,0.0,0.0847457627118644,0.0,0.05,0.1,14.0,9.11111111111111,0.0,0.0,0.06779661016949153,0.0,0.05,0.04,12.0,15.0,0.0,0.0,0.1016949152542373,0.3,0.15,0.08,2.0,10.454545454545455,0.0,0.0,0.1016949152542373,0.0,0.2,0.08,14.0,9.090909090909092,0.0,0.0,0.1271186440677966,0.0,0.15,0.12,13.0,7.214285714285714,0.0,0.0,0.0847457627118644,0.1,0.1,0.1,8.0,11.555555555555555,0.0,0.0,0.06779661016949153,0.2,0.15,0.06,4.0,14.142857142857142,0.0,0.0,0.0847457627118644,0.0,0.0,0.08,36.0,8.88888888888889,0.0,0.0,0.09322033898305085,0.0,0.15,0.16,11.0,10.4,0.0,0.0,0.1271186440677966,0.3,0.2,0.14,3.0,7.571428571428571,0.0,0.0,0.07627118644067797,0.0,0.05,0.12,15.0,11.25,0.0,0.0,0.1016949152542373,0.3,0.2,0.1,0.0,10.636363636363637,1.0,1.0,0.1271186440677966,0.1,0.2,0.16,6.0,7.857142857142857,0.0,0.0,0.11016949152542373,0.0,0.05,0.12,14.0,8.583333333333334,0.0,0.0,0.0847457627118644,0.1,0.1,0.08,1.0,10.444444444444445,0.0,1.0,0.2033898305084746,0.3,0.15,0.18,0.0,4.869565217391305,1.0,1.0,0.0847457627118644,0.0,0.0,0.06,20.0,7.222222222222222,0.0,0.0,0.07627118644067797,0.0,0.05,0.08,15.0,11.75,0.0,0.0,0.1016949152542373,0.2,0.15,0.12,7.0,9.909090909090908,0.0,0.0,0.1016949152542373,0.3,0.2,0.16,3.0,9.636363636363637,0.0,0.0,0.07627118644067797,0.0,0.05,0.08,16.0,11.25,0.0,0.0,0.0847457627118644,0.0,0.0,0.06,32.0,9.333333333333334,0.0,0.0,0.11864406779661017,0.1,0.1,0.14,1.0,8.23076923076923,0.0,1.0,0.1440677966101695,0.1,0.15,0.14,0.0,6.5625,1.0,1.0,0.1016949152542373,0.1,0.05,0.06,3.0,10.363636363636363,0.0,0.0,0.11864406779661017,0.4,0.2,0.14,1.0,8.384615384615385,0.0,1.0,154.0,3.0,31.0,0.0,2.0,1.0,2.0,118.0,10.0,26.0,2.0,0,1,0,0,0,0,1,0,1,0,0,0,0,0,0,0,0,0,0,0,0,0,0,0,0,0,0,0,0,0,0,0,0,1,0,0,0,0,0,0,0,0,0,0,0,0,1,0
2022-11-03,0.16806722689075632,0.2,0.25,0.2,3.0,5.947368421052632,0.0,0.0,0.10084033613445378,0.2,0.15,0.1,0.0,10.454545454545455,1.0,1.0,0.10084033613445378,0.0,0.05,0.06,15.0,8.818181818181818,0.0,0.0,0.08403361344537816,0.1,0.05,0.08,8.0,8.88888888888889,0.0,0.0,0.11764705882352941,0.1,0.15,0.1,5.0,8.461538461538462,0.0,0.0,0.07563025210084033,0.1,0.05,0.02,8.0,13.25,0.0,0.0,0.1092436974789916,0.1,0.05,0.08,0.0,7.833333333333333,1.0,1.0,0.10084033613445378,0.0,0.1,0.1,11.0,9.090909090909092,0.0,0.0,0.15126050420168066,0.2,0.15,0.22,0.0,6.529411764705882,1.0,1.0,0.12605042016806722,0.0,0.05,0.12,17.0,6.5,0.0,0.0,0.14285714285714285,0.0,0.1,0.14,11.0,6.4375,0.0,0.0,0.10084033613445378,0.2,0.1,0.08,6.0,9.454545454545455,0.0,0.0,0.10084033613445378,0.0,0.05,0.1,11.0,8.454545454545455,0.0,0.0,0.1092436974789916,0.0,0.0,0.1,20.0,6.083333333333333,0.0,0.0,0.1092436974789916,0.1,0.05,0.1,1.0,8.0,0.0,1.0,0.06722689075630252,0.1,0.05,0.06,3.0,15.714285714285714,0.0,0.0,0.07563025210084033,0.1,0.15,0.06,5.0,13.875,0.0,0.0,0.1092436974789916,0.2,0.2,0.12,5.0,9.083333333333334,0.0,0.0,0.1092436974789916,0.2,0.25,0.12,3.0,9.083333333333334,0.0,0.0,0.13445378151260504,0.2,0.1,0.16,4.0,7.333333333333333,0.0,0.0,0.08403361344537816,0.1,0.05,0.06,1.0,12.88888888888889,0.0,1.0,0.07563025210084033,0.0,0.0,0.08,21.0,11.125,0.0,0.0,0.08403361344537816,0.0,0.05,0.08,15.0,9.11111111111111,0.0,0.0,0.06722689075630252,0.0,0.05,0.04,13.0,15.0,0.0,0.0,0.10084033613445378,0.2,0.15,0.06,3.0,10.454545454545455,0.0,0.0,0.10084033613445378,0.0,0.15,0.08,15.0,9.090909090909092,0.0,0.0,0.12605042016806722,0.0,0.1,0.12,14.0,7.214285714285714,0.0,0.0,0.08403361344537816,0.1,0.1,0.1,9.0,11.555555555555555,0.0,0.0,0.06722689075630252,0.2,0.15,0.06,5.0,14.142857142857142,0.0,0.0,0.08403361344537816,0.0,0.0,0.08,37.0,8.88888888888889,0.0,0.0,0.09243697478991597,0.0,0.15,0.16,12.0,10.4,0.0,0.0,0.12605042016806722,0.3,0.2,0.14,4.0,7.571428571428571,0.0,0.0,0.07563025210084033,0.0,0.05,0.12,16.0,11.25,0.0,0.0,0.1092436974789916,0.4,0.25,0.12,0.0,9.833333333333334,1.0,1.0,0.12605042016806722,0.1,0.15,0.16,7.0,7.857142857142857,0.0,0.0,0.1092436974789916,0.0,0.05,0.12,15.0,8.583333333333334,0.0,0.0,0.08403361344537816,0.1,0.1,0.08,2.0,10.444444444444445,0.0,0.0,0.20168067226890757,0.3,0.15,0.16,1.0,4.869565217391305,0.0,1.0,0.08403361344537816,0.0,0.0,0.06,21.0,7.222222222222222,0.0,0.0,0.07563025210084033,0.0,0.05,0.08,16.0,11.75,0.0,0.0,0.10084033613445378,0.2,0.15,0.12,8.0,9.909090909090908,0.0,0.0,0.10084033613445378,0.2,0.2,0.16,4.0,9.636363636363637,0.0,0.0,0.07563025210084033,0.0,0.05,0.08,17.0,11.25,0.0,0.0,0.08403361344537816,0.0,0.0,0.06,33.0,9.333333333333334,0.0,0.0,0.11764705882352941,0.1,0.1,0.14,2.0,8.23076923076923,0.0,0.0,0.14285714285714285,0.1,0.15,0.14,1.0,6.5625,0.0,1.0,0.1092436974789916,0.2,0.1,0.08,0.0,9.833333333333334,1.0,1.0,0.11764705882352941,0.3,0.2,0.14,2.0,8.384615384615385,0.0,0.0,99.0,2.0,45.0,3.0,0.0,1.0,1.0,119.0,10.0,30.0,6.0,0,0,0,0,0,0,0,0,0,0,0,0,0,0,0,0,0,0,0,0,0,0,0,0,0,0,0,1,0,1,0,0,0,1,0,0,1,0,0,0,0,0,0,1,0,0,0,0
2022-11-06,0.16666666666666666,0.2,0.25,0.2,4.0,5.947368421052632,0.0,0.0,0.1,0.2,0.15,0.1,1.0,10.454545454545455,0.0,1.0,0.1,0.0,0.05,0.06,16.0,8.818181818181818,0.0,0.0,0.08333333333333333,0.1,0.05,0.08,9.0,8.88888888888889,0.0,0.0,0.11666666666666667,0.1,0.15,0.1,6.0,8.461538461538462,0.0,0.0,0.075,0.1,0.05,0.02,9.0,13.25,0.0,0.0,0.10833333333333334,0.1,0.05,0.08,1.0,7.833333333333333,0.0,1.0,0.1,0.0,0.1,0.1,12.0,9.090909090909092,0.0,0.0,0.15,0.2,0.1,0.22,1.0,6.529411764705882,0.0,1.0,0.125,0.0,0.05,0.1,18.0,6.5,0.0,0.0,0.14166666666666666,0.0,0.1,0.12,12.0,6.4375,0.0,0.0,0.1,0.2,0.1,0.08,7.0,9.454545454545455,0.0,0.0,0.1,0.0,0.05,0.1,12.0,8.454545454545455,0.0,0.0,0.10833333333333334,0.0,0.0,0.1,21.0,6.083333333333333,0.0,0.0,0.10833333333333334,0.1,0.05,0.08,2.0,8.0,0.0,0.0,0.06666666666666667,0.1,0.05,0.06,4.0,15.714285714285714,0.0,0.0,0.075,0.1,0.15,0.06,6.0,13.875,0.0,0.0,0.10833333333333334,0.2,0.2,0.12,6.0,9.083333333333334,0.0,0.0,0.10833333333333334,0.1,0.25,0.12,4.0,9.083333333333334,0.0,0.0,0.13333333333333333,0.2,0.1,0.16,5.0,7.333333333333333,0.0,0.0,0.08333333333333333,0.1,0.05,0.06,2.0,12.88888888888889,0.0,0.0,0.075,0.0,0.0,0.08,22.0,11.125,0.0,0.0,0.08333333333333333,0.0,0.05,0.08,16.0,9.11111111111111,0.0,0.0,0.06666666666666667,0.0,0.05,0.04,14.0,15.0,0.0,0.0,0.1,0.2,0.15,0.06,4.0,10.454545454545455,0.0,0.0,0.1,0.0,0.1,0.08,16.0,9.090909090909092,0.0,0.0,0.125,0.0,0.05,0.12,15.0,7.214285714285714,0.0,0.0,0.09166666666666666,0.1,0.15,0.12,0.0,11.4,1.0,1.0,0.06666666666666667,0.2,0.15,0.06,6.0,14.142857142857142,0.0,0.0,0.09166666666666666,0.1,0.05,0.1,0.0,11.8,1.0,1.0,0.09166666666666666,0.0,0.15,0.16,13.0,10.4,0.0,0.0,0.125,0.2,0.2,0.14,5.0,7.571428571428571,0.0,0.0,0.075,0.0,0.05,0.12,17.0,11.25,0.0,0.0,0.11666666666666667,0.5,0.3,0.14,0.0,9.153846153846153,1.0,1.0,0.125,0.1,0.1,0.16,8.0,7.857142857142857,0.0,0.0,0.10833333333333334,0.0,0.05,0.12,16.0,8.583333333333334,0.0,0.0,0.09166666666666666,0.2,0.15,0.1,0.0,9.7,1.0,1.0,0.2,0.3,0.15,0.16,2.0,4.869565217391305,0.0,0.0,0.08333333333333333,0.0,0.0,0.06,22.0,7.222222222222222,0.0,0.0,0.075,0.0,0.05,0.08,17.0,11.75,0.0,0.0,0.1,0.1,0.15,0.1,9.0,9.909090909090908,0.0,0.0,0.1,0.1,0.2,0.16,5.0,9.636363636363637,0.0,0.0,0.075,0.0,0.05,0.08,18.0,11.25,0.0,0.0,0.09166666666666666,0.1,0.05,0.06,0.0,11.8,1.0,1.0,0.11666666666666667,0.1,0.1,0.14,3.0,8.23076923076923,0.0,0.0,0.14166666666666666,0.1,0.1,0.14,2.0,6.5625,0.0,0.0,0.10833333333333334,0.2,0.1,0.08,1.0,9.833333333333334,0.0,1.0,0.11666666666666667,0.3,0.2,0.14,3.0,8.384615384615385,0.0,0.0,173.0,4.0,16.0,0.0,0.0,3.0,2.0,120.0,11.0,3.0,3.0,0,0,0,0,1,0,0,0,0,0,0,0,0,0,0,0,0,1,0,0,0,0,0,0,0,1,0,0,0,0,0,0,0,0,0,0,0,0,0,0,0,0,0,1,0,1,0,0
2022-11-09,0.1652892561983471,0.2,0.2,0.2,5.0,5.947368421052632,0.0,0.0,0.09917355371900827,0.1,0.1,0.1,2.0,10.454545454545455,0.0,0.0,0.09917355371900827,0.0,0.05,0.04,17.0,8.818181818181818,0.0,0.0,0.08264462809917356,0.0,0.05,0.08,10.0,8.88888888888889,0.0,0.0,0.12396694214876033,0.2,0.2,0.12,0.0,8.357142857142858,1.0,1.0,0.0743801652892562,0.0,0.05,0.02,10.0,13.25,0.0,0.0,0.10743801652892562,0.1,0.05,0.08,2.0,7.833333333333333,0.0,0.0,0.09917355371900827,0.0,0.1,0.1,13.0,9.090909090909092,0.0,0.0,0.1487603305785124,0.2,0.1,0.22,2.0,6.529411764705882,0.0,0.0,0.12396694214876033,0.0,0.05,0.1,19.0,6.5,0.0,0.0,0.14049586776859505,0.0,0.1,0.1,13.0,6.4375,0.0,0.0,0.09917355371900827,0.2,0.1,0.08,8.0,9.454545454545455,0.0,0.0,0.09917355371900827,0.0,0.05,0.08,13.0,8.454545454545455,0.0,0.0,0.10743801652892562,0.0,0.0,0.1,22.0,6.083333333333333,0.0,0.0,0.10743801652892562,0.1,0.05,0.08,3.0,8.0,0.0,0.0,0.06611570247933884,0.1,0.05,0.06,5.0,15.714285714285714,0.0,0.0,0.0743801652892562,0.1,0.15,0.06,7.0,13.875,0.0,0.0,0.11570247933884298,0.3,0.25,0.14,0.0,8.923076923076923,1.0,1.0,0.10743801652892562,0.1,0.25,0.12,5.0,9.083333333333334,0.0,0.0,0.1322314049586777,0.1,0.1,0.16,6.0,7.333333333333333,0.0,0.0,0.08264462809917356,0.1,0.05,0.06,3.0,12.88888888888889,0.0,0.0,0.0743801652892562,0.0,0.0,0.08,23.0,11.125,0.0,0.0,0.08264462809917356,0.0,0.05,0.08,17.0,9.11111111111111,0.0,0.0,0.06611570247933884,0.0,0.05,0.04,15.0,15.0,0.0,0.0,0.09917355371900827,0.2,0.15,0.06,5.0,10.454545454545455,0.0,0.0,0.10743801652892562,0.1,0.15,0.1,0.0,9.75,1.0,1.0,0.12396694214876033,0.0,0.05,0.12,16.0,7.214285714285714,0.0,0.0,0.09090909090909091,0.1,0.15,0.12,1.0,11.4,0.0,1.0,0.06611570247933884,0.2,0.1,0.06,7.0,14.142857142857142,0.0,0.0,0.09090909090909091,0.1,0.05,0.1,1.0,11.8,0.0,1.0,0.09090909090909091,0.0,0.15,0.16,14.0,10.4,0.0,0.0,0.12396694214876033,0.2,0.2,0.14,6.0,7.571428571428571,0.0,0.0,0.0743801652892562,0.0,0.05,0.12,18.0,11.25,0.0,0.0,0.11570247933884298,0.5,0.3,0.14,1.0,9.153846153846153,0.0,1.0,0.12396694214876033,0.1,0.1,0.16,9.0,7.857142857142857,0.0,0.0,0.10743801652892562,0.0,0.05,0.12,17.0,8.583333333333334,0.0,0.0,0.09090909090909091,0.2,0.15,0.1,1.0,9.7,0.0,1.0,0.19834710743801653,0.3,0.15,0.16,3.0,4.869565217391305,0.0,0.0,0.08264462809917356,0.0,0.0,0.06,23.0,7.222222222222222,0.0,0.0,0.0743801652892562,0.0,0.05,0.06,18.0,11.75,0.0,0.0,0.09917355371900827,0.0,0.1,0.1,10.0,9.909090909090908,0.0,0.0,0.09917355371900827,0.1,0.2,0.14,6.0,9.636363636363637,0.0,0.0,0.0743801652892562,0.0,0.05,0.08,19.0,11.25,0.0,0.0,0.09917355371900827,0.2,0.1,0.08,0.0,10.818181818181818,1.0,1.0,0.11570247933884298,0.1,0.05,0.14,4.0,8.23076923076923,0.0,0.0,0.1487603305785124,0.2,0.15,0.16,0.0,6.352941176470588,1.0,1.0,0.10743801652892562,0.2,0.1,0.08,2.0,9.833333333333334,0.0,0.0,0.11570247933884298,0.3,0.2,0.14,4.0,8.384615384615385,0.0,0.0,139.0,4.0,41.0,1.0,1.0,1.0,2.0,121.0,11.0,6.0,6.0,0,0,0,0,0,0,0,0,1,1,0,0,0,0,0,0,0,0,0,0,0,0,0,0,0,0,0,0,0,0,0,0,0,1,0,1,0,0,0,0,1,0,0,0,0,0,0,0
2022-11-13,0.16393442622950818,0.2,0.2,0.2,6.0,5.947368421052632,0.0,0.0,0.09836065573770492,0.1,0.1,0.1,3.0,10.454545454545455,0.0,0.0,0.09836065573770492,0.0,0.05,0.04,18.0,8.818181818181818,0.0,0.0,0.08196721311475409,0.0,0.05,0.08,11.0,8.88888888888889,0.0,0.0,0.12295081967213115,0.2,0.2,0.1,1.0,8.357142857142858,0.0,1.0,0.07377049180327869,0.0,0.05,0.02,11.0,13.25,0.0,0.0,0.10655737704918032,0.1,0.05,0.08,3.0,7.833333333333333,0.0,0.0,0.09836065573770492,0.0,0.1,0.1,14.0,9.090909090909092,0.0,0.0,0.1557377049180328,0.3,0.15,0.24,0.0,6.333333333333333,1.0,1.0,0.13114754098360656,0.1,0.05,0.1,0.0,7.4,1.0,1.0,0.13934426229508196,0.0,0.05,0.1,14.0,6.4375,0.0,0.0,0.09836065573770492,0.1,0.1,0.08,9.0,9.454545454545455,0.0,0.0,0.09836065573770492,0.0,0.05,0.08,14.0,8.454545454545455,0.0,0.0,0.10655737704918032,0.0,0.0,0.1,23.0,6.083333333333333,0.0,0.0,0.10655737704918032,0.1,0.05,0.08,4.0,8.0,0.0,0.0,0.06557377049180328,0.1,0.05,0.06,6.0,15.714285714285714,0.0,0.0,0.07377049180327869,0.1,0.15,0.06,8.0,13.875,0.0,0.0,0.11475409836065574,0.2,0.2,0.14,1.0,8.923076923076923,0.0,1.0,0.10655737704918032,0.1,0.25,0.12,6.0,9.083333333333334,0.0,0.0,0.13114754098360656,0.1,0.1,0.16,7.0,7.333333333333333,0.0,0.0,0.08196721311475409,0.1,0.05,0.06,4.0,12.88888888888889,0.0,0.0,0.07377049180327869,0.0,0.0,0.06,24.0,11.125,0.0,0.0,0.08196721311475409,0.0,0.05,0.08,18.0,9.11111111111111,0.0,0.0,0.06557377049180328,0.0,0.05,0.04,16.0,15.0,0.0,0.0,0.09836065573770492,0.2,0.15,0.06,6.0,10.454545454545455,0.0,0.0,0.10655737704918032,0.1,0.1,0.1,1.0,9.75,0.0,1.0,0.12295081967213115,0.0,0.05,0.12,17.0,7.214285714285714,0.0,0.0,0.09016393442622951,0.1,0.15,0.12,2.0,11.4,0.0,0.0,0.06557377049180328,0.2,0.1,0.06,8.0,14.142857142857142,0.0,0.0,0.09016393442622951,0.1,0.05,0.1,2.0,11.8,0.0,0.0,0.09016393442622951,0.0,0.15,0.16,15.0,10.4,0.0,0.0,0.12295081967213115,0.2,0.2,0.14,7.0,7.571428571428571,0.0,0.0,0.07377049180327869,0.0,0.05,0.1,19.0,11.25,0.0,0.0,0.12295081967213115,0.6,0.35,0.16,0.0,8.642857142857142,1.0,1.0,0.12295081967213115,0.0,0.1,0.14,10.0,7.857142857142857,0.0,0.0,0.11475409836065574,0.1,0.1,0.14,0.0,9.307692307692308,1.0,1.0,0.09016393442622951,0.2,0.15,0.1,2.0,9.7,0.0,0.0,0.19672131147540983,0.2,0.15,0.16,4.0,4.869565217391305,0.0,0.0,0.08196721311475409,0.0,0.0,0.06,24.0,7.222222222222222,0.0,0.0,0.07377049180327869,0.0,0.05,0.06,19.0,11.75,0.0,0.0,0.10655737704918032,0.1,0.15,0.12,0.0,10.0,1.0,1.0,0.09836065573770492,0.1,0.2,0.14,7.0,9.636363636363637,0.0,0.0,0.07377049180327869,0.0,0.0,0.08,20.0,11.25,0.0,0.0,0.09836065573770492,0.2,0.1,0.08,1.0,10.818181818181818,0.0,1.0,0.11475409836065574,0.1,0.05,0.14,5.0,8.23076923076923,0.0,0.0,0.14754098360655737,0.2,0.15,0.16,1.0,6.352941176470588,0.0,1.0,0.10655737704918032,0.2,0.1,0.08,3.0,9.833333333333334,0.0,0.0,0.11475409836065574,0.2,0.2,0.14,5.0,8.384615384615385,0.0,0.0,130.0,3.0,32.0,2.0,0.0,2.0,1.0,122.0,11.0,9.0,2.0,0,0,0,0,0,0,1,0,0,0,0,0,0,0,1,0,0,0,0,0,0,0,0,0,0,0,0,0,0,0,0,0,0,0,0,0,0,1,0,0,0,1,0,0,0,0,1,0
2022-11-16,0.16260162601626016,0.2,0.2,0.2,7.0,5.947368421052632,0.0,0.0,0.0975609756097561,0.1,0.1,0.1,4.0,10.454545454545455,0.0,0.0,0.0975609756097561,0.0,0.05,0.04,19.0,8.818181818181818,0.0,0.0,0.08130081300813008,0.0,0.05,0.08,12.0,8.88888888888889,0.0,0.0,0.12195121951219512,0.2,0.2,0.1,2.0,8.357142857142858,0.0,0.0,0.07317073170731707,0.0,0.05,0.02,12.0,13.25,0.0,0.0,0.11382113821138211,0.2,0.1,0.1,0.0,7.538461538461538,1.0,1.0,0.0975609756097561,0.0,0.1,0.1,15.0,9.090909090909092,0.0,0.0,0.15447154471544716,0.3,0.15,0.24,1.0,6.333333333333333,0.0,1.0,0.13008130081300814,0.1,0.05,0.1,1.0,7.4,0.0,1.0,0.13821138211382114,0.0,0.05,0.1,15.0,6.4375,0.0,0.0,0.0975609756097561,0.0,0.1,0.08,10.0,9.454545454545455,0.0,0.0,0.0975609756097561,0.0,0.05,0.08,15.0,8.454545454545455,0.0,0.0,0.10569105691056911,0.0,0.0,0.1,24.0,6.083333333333333,0.0,0.0,0.11382113821138211,0.2,0.1,0.1,0.0,7.769230769230769,1.0,1.0,0.06504065040650407,0.1,0.05,0.06,7.0,15.714285714285714,0.0,0.0,0.07317073170731707,0.1,0.15,0.06,9.0,13.875,0.0,0.0,0.11382113821138211,0.2,0.2,0.14,2.0,8.923076923076923,0.0,0.0,0.10569105691056911,0.1,0.2,0.12,7.0,9.083333333333334,0.0,0.0,0.13008130081300814,0.1,0.1,0.14,8.0,7.333333333333333,0.0,0.0,0.08130081300813008,0.1,0.05,0.06,5.0,12.88888888888889,0.0,0.0,0.07317073170731707,0.0,0.0,0.06,25.0,11.125,0.0,0.0,0.08130081300813008,0.0,0.05,0.08,19.0,9.11111111111111,0.0,0.0,0.06504065040650407,0.0,0.05,0.02,17.0,15.0,0.0,0.0,0.0975609756097561,0.2,0.15,0.06,7.0,10.454545454545455,0.0,0.0,0.10569105691056911,0.1,0.1,0.1,2.0,9.75,0.0,0.0,0.12195121951219512,0.0,0.05,0.12,18.0,7.214285714285714,0.0,0.0,0.08943089430894309,0.1,0.15,0.12,3.0,11.4,0.0,0.0,0.06504065040650407,0.1,0.1,0.06,9.0,14.142857142857142,0.0,0.0,0.08943089430894309,0.1,0.05,0.08,3.0,11.8,0.0,0.0,0.08943089430894309,0.0,0.15,0.16,16.0,10.4,0.0,0.0,0.12195121951219512,0.1,0.2,0.12,8.0,7.571428571428571,0.0,0.0,0.07317073170731707,0.0,0.0,0.1,20.0,11.25,0.0,0.0,0.12195121951219512,0.6,0.35,0.16,1.0,8.642857142857142,0.0,1.0,0.12195121951219512,0.0,0.1,0.14,11.0,7.857142857142857,0.0,0.0,0.11382113821138211,0.1,0.1,0.14,1.0,9.307692307692308,0.0,1.0,0.08943089430894309,0.2,0.1,0.1,3.0,9.7,0.0,0.0,0.2032520325203252,0.2,0.2,0.18,0.0,4.875,1.0,1.0,0.08130081300813008,0.0,0.0,0.06,25.0,7.222222222222222,0.0,0.0,0.07317073170731707,0.0,0.0,0.06,20.0,11.75,0.0,0.0,0.10569105691056911,0.1,0.15,0.12,1.0,10.0,0.0,1.0,0.10569105691056911,0.2,0.2,0.14,0.0,9.5,1.0,1.0,0.07317073170731707,0.0,0.0,0.08,21.0,11.25,0.0,0.0,0.0975609756097561,0.2,0.1,0.08,2.0,10.818181818181818,0.0,0.0,0.11382113821138211,0.1,0.05,0.14,6.0,8.23076923076923,0.0,0.0,0.14634146341463414,0.2,0.15,0.16,2.0,6.352941176470588,0.0,0.0,0.11382113821138211,0.3,0.15,0.1,0.0,9.384615384615385,1.0,1.0,0.11382113821138211,0.1,0.2,0.14,6.0,8.384615384615385,0.0,0.0,149.0,2.0,40.0,1.0,1.0,0.0,3.0,123.0,11.0,13.0,6.0,0,0,0,0,0,1,0,1,0,0,0,0,0,0,0,0,0,0,0,0,0,0,0,0,0,0,1,0,0,0,1,0,0,0,0,0,0,0,1,0,0,0,0,0,0,0,0,0
2022-11-20,0.16129032258064516,0.1,0.2,0.2,8.0,5.947368421052632,0.0,0.0,0.0967741935483871,0.1,0.1,0.1,5.0,10.454545454545455,0.0,0.0,0.0967741935483871,0.0,0.0,0.04,20.0,8.818181818181818,0.0,0.0,0.08064516129032258,0.0,0.05,0.08,13.0,8.88888888888889,0.0,0.0,0.12096774193548387,0.1,0.2,0.1,3.0,8.357142857142858,0.0,0.0,0.08064516129032258,0.1,0.1,0.04,0.0,13.222222222222221,1.0,1.0,0.11290322580645161,0.2,0.1,0.1,1.0,7.538461538461538,0.0,1.0,0.10483870967741936,0.1,0.15,0.1,0.0,9.666666666666666,1.0,1.0,0.1532258064516129,0.3,0.15,0.22,2.0,6.333333333333333,0.0,0.0,0.12903225806451613,0.1,0.05,0.1,2.0,7.4,0.0,0.0,0.13709677419354838,0.0,0.05,0.1,16.0,6.4375,0.0,0.0,0.0967741935483871,0.0,0.1,0.08,11.0,9.454545454545455,0.0,0.0,0.0967741935483871,0.0,0.05,0.08,16.0,8.454545454545455,0.0,0.0,0.10483870967741936,0.0,0.0,0.1,25.0,6.083333333333333,0.0,0.0,0.11290322580645161,0.2,0.1,0.1,1.0,7.769230769230769,0.0,1.0,0.06451612903225806,0.1,0.05,0.04,8.0,15.714285714285714,0.0,0.0,0.07258064516129033,0.0,0.15,0.06,10.0,13.875,0.0,0.0,0.11290322580645161,0.1,0.2,0.14,3.0,8.923076923076923,0.0,0.0,0.10483870967741936,0.1,0.2,0.12,8.0,9.083333333333334,0.0,0.0,0.12903225806451613,0.1,0.1,0.14,9.0,7.333333333333333,0.0,0.0,0.08064516129032258,0.1,0.05,0.06,6.0,12.88888888888889,0.0,0.0,0.07258064516129033,0.0,0.0,0.06,26.0,11.125,0.0,0.0,0.08064516129032258,0.0,0.0,0.08,20.0,9.11111111111111,0.0,0.0,0.06451612903225806,0.0,0.05,0.02,18.0,15.0,0.0,0.0,0.0967741935483871,0.2,0.15,0.06,8.0,10.454545454545455,0.0,0.0,0.10483870967741936,0.1,0.05,0.1,3.0,9.75,0.0,0.0,0.12903225806451613,0.1,0.1,0.14,0.0,8.0,1.0,1.0,0.08870967741935484,0.1,0.15,0.12,4.0,11.4,0.0,0.0,0.06451612903225806,0.0,0.1,0.06,10.0,14.142857142857142,0.0,0.0,0.08870967741935484,0.1,0.05,0.08,4.0,11.8,0.0,0.0,0.0967741935483871,0.1,0.15,0.16,0.0,11.0,1.0,1.0,0.12096774193548387,0.1,0.2,0.12,9.0,7.571428571428571,0.0,0.0,0.07258064516129033,0.0,0.0,0.1,21.0,11.25,0.0,0.0,0.12096774193548387,0.6,0.35,0.16,2.0,8.642857142857142,0.0,0.0,0.12096774193548387,0.0,0.1,0.14,12.0,7.857142857142857,0.0,0.0,0.11290322580645161,0.1,0.05,0.14,2.0,9.307692307692308,0.0,0.0,0.08870967741935484,0.2,0.1,0.08,4.0,9.7,0.0,0.0,0.20161290322580644,0.2,0.2,0.18,1.0,4.875,0.0,1.0,0.08870967741935484,0.1,0.05,0.08,0.0,9.1,1.0,1.0,0.07258064516129033,0.0,0.0,0.06,21.0,11.75,0.0,0.0,0.10483870967741936,0.1,0.15,0.12,2.0,10.0,0.0,0.0,0.10483870967741936,0.2,0.2,0.14,1.0,9.5,0.0,1.0,0.07258064516129033,0.0,0.0,0.08,22.0,11.25,0.0,0.0,0.0967741935483871,0.2,0.1,0.08,3.0,10.818181818181818,0.0,0.0,0.11290322580645161,0.1,0.05,0.14,7.0,8.23076923076923,0.0,0.0,0.14516129032258066,0.2,0.15,0.16,3.0,6.352941176470588,0.0,0.0,0.11290322580645161,0.3,0.15,0.1,1.0,9.384615384615385,0.0,1.0,0.11290322580645161,0.1,0.2,0.14,7.0,8.384615384615385,0.0,0.0,111.0,2.0,33.0,2.0,0.0,2.0,1.0,124.0,11.0,16.0,2.0,0,0,0,0,0,0,0,0,0,0,0,0,0,0,0,0,1,0,0,0,0,0,0,0,0,0,0,0,0,0,1,1,0,0,0,0,1,0,0,0,0,1,0,0,0,0,0,0
2022-11-23,0.16,0.1,0.2,0.2,9.0,5.947368421052632,0.0,0.0,0.096,0.1,0.1,0.1,6.0,10.454545454545455,0.0,0.0,0.096,0.0,0.0,0.04,21.0,8.818181818181818,0.0,0.0,0.08,0.0,0.05,0.08,14.0,8.88888888888889,0.0,0.0,0.12,0.1,0.2,0.1,4.0,8.357142857142858,0.0,0.0,0.08,0.1,0.1,0.04,1.0,13.222222222222221,0.0,1.0,0.112,0.2,0.1,0.1,2.0,7.538461538461538,0.0,0.0,0.104,0.1,0.15,0.1,1.0,9.666666666666666,0.0,1.0,0.152,0.3,0.15,0.2,3.0,6.333333333333333,0.0,0.0,0.128,0.1,0.05,0.1,3.0,7.4,0.0,0.0,0.136,0.0,0.05,0.1,17.0,6.4375,0.0,0.0,0.096,0.0,0.1,0.08,12.0,9.454545454545455,0.0,0.0,0.096,0.0,0.05,0.08,17.0,8.454545454545455,0.0,0.0,0.104,0.0,0.0,0.1,26.0,6.083333333333333,0.0,0.0,0.112,0.2,0.1,0.08,2.0,7.769230769230769,0.0,0.0,0.064,0.1,0.05,0.04,9.0,15.714285714285714,0.0,0.0,0.08,0.1,0.15,0.08,0.0,13.555555555555555,1.0,1.0,0.112,0.1,0.2,0.14,4.0,8.923076923076923,0.0,0.0,0.104,0.1,0.2,0.12,9.0,9.083333333333334,0.0,0.0,0.128,0.0,0.1,0.14,10.0,7.333333333333333,0.0,0.0,0.08,0.1,0.05,0.06,7.0,12.88888888888889,0.0,0.0,0.072,0.0,0.0,0.06,27.0,11.125,0.0,0.0,0.08,0.0,0.0,0.08,21.0,9.11111111111111,0.0,0.0,0.064,0.0,0.05,0.02,19.0,15.0,0.0,0.0,0.096,0.1,0.15,0.06,9.0,10.454545454545455,0.0,0.0,0.104,0.1,0.05,0.1,4.0,9.75,0.0,0.0,0.128,0.1,0.05,0.12,1.0,8.0,0.0,1.0,0.088,0.1,0.1,0.12,5.0,11.4,0.0,0.0,0.064,0.0,0.1,0.06,11.0,14.142857142857142,0.0,0.0,0.088,0.1,0.05,0.06,5.0,11.8,0.0,0.0,0.104,0.2,0.2,0.18,0.0,10.166666666666666,1.0,1.0,0.128,0.1,0.25,0.14,0.0,7.733333333333333,1.0,1.0,0.072,0.0,0.0,0.1,22.0,11.25,0.0,0.0,0.12,0.6,0.3,0.16,3.0,8.642857142857142,0.0,0.0,0.12,0.0,0.1,0.14,13.0,7.857142857142857,0.0,0.0,0.112,0.1,0.05,0.14,3.0,9.307692307692308,0.0,0.0,0.096,0.3,0.15,0.1,0.0,9.272727272727273,1.0,1.0,0.2,0.2,0.2,0.18,2.0,4.875,0.0,0.0,0.088,0.1,0.05,0.08,1.0,9.1,0.0,1.0,0.072,0.0,0.0,0.06,22.0,11.75,0.0,0.0,0.104,0.1,0.15,0.12,3.0,10.0,0.0,0.0,0.112,0.2,0.25,0.16,0.0,8.923076923076923,1.0,1.0,0.072,0.0,0.0,0.06,23.0,11.25,0.0,0.0,0.096,0.2,0.1,0.08,4.0,10.818181818181818,0.0,0.0,0.112,0.1,0.05,0.14,8.0,8.23076923076923,0.0,0.0,0.144,0.2,0.1,0.16,4.0,6.352941176470588,0.0,0.0,0.112,0.2,0.15,0.1,2.0,9.384615384615385,0.0,0.0,0.112,0.1,0.2,0.14,8.0,8.384615384615385,0.0,0.0,159.0,2.0,25.0,0.0,1.0,2.0,2.0,125.0,11.0,20.0,6.0,0,1,0,0,0,0,0,0,0,0,0,0,0,0,0,0,1,0,0,0,0,1,0,0,0,1,1,0,0,0,0,0,0,0,0,0,0,0,0,0,0,0,0,0,0,0,0,0
2022-11-27,0.15873015873015872,0.0,0.15,0.2,10.0,5.947368421052632,0.0,0.0,0.10317460317460317,0.2,0.15,0.1,0.0,10.166666666666666,1.0,1.0,0.09523809523809523,0.0,0.0,0.04,22.0,8.818181818181818,0.0,0.0,0.07936507936507936,0.0,0.05,0.08,15.0,8.88888888888889,0.0,0.0,0.11904761904761904,0.1,0.15,0.1,5.0,8.357142857142858,0.0,0.0,0.07936507936507936,0.1,0.1,0.04,2.0,13.222222222222221,0.0,0.0,0.1111111111111111,0.2,0.1,0.1,3.0,7.538461538461538,0.0,0.0,0.10317460317460317,0.1,0.15,0.1,2.0,9.666666666666666,0.0,0.0,0.15079365079365079,0.3,0.15,0.18,4.0,6.333333333333333,0.0,0.0,0.12698412698412698,0.1,0.05,0.1,4.0,7.4,0.0,0.0,0.1349206349206349,0.0,0.05,0.1,18.0,6.4375,0.0,0.0,0.09523809523809523,0.0,0.1,0.06,13.0,9.454545454545455,0.0,0.0,0.09523809523809523,0.0,0.05,0.08,18.0,8.454545454545455,0.0,0.0,0.10317460317460317,0.0,0.0,0.1,27.0,6.083333333333333,0.0,0.0,0.1111111111111111,0.2,0.1,0.08,3.0,7.769230769230769,0.0,0.0,0.06349206349206349,0.0,0.05,0.04,10.0,15.714285714285714,0.0,0.0,0.0873015873015873,0.2,0.15,0.1,0.0,12.3,1.0,1.0,0.1111111111111111,0.1,0.2,0.14,5.0,8.923076923076923,0.0,0.0,0.10317460317460317,0.0,0.2,0.12,10.0,9.083333333333334,0.0,0.0,0.12698412698412698,0.0,0.1,0.12,11.0,7.333333333333333,0.0,0.0,0.07936507936507936,0.1,0.05,0.06,8.0,12.88888888888889,0.0,0.0,0.07936507936507936,0.1,0.05,0.08,0.0,13.0,1.0,1.0,0.07936507936507936,0.0,0.0,0.08,22.0,9.11111111111111,0.0,0.0,0.06349206349206349,0.0,0.0,0.02,20.0,15.0,0.0,0.0,0.09523809523809523,0.0,0.15,0.06,10.0,10.454545454545455,0.0,0.0,0.1111111111111111,0.2,0.1,0.12,0.0,9.384615384615385,1.0,1.0,0.1349206349206349,0.2,0.1,0.14,0.0,7.625,1.0,1.0,0.0873015873015873,0.1,0.1,0.12,6.0,11.4,0.0,0.0,0.06349206349206349,0.0,0.1,0.06,12.0,14.142857142857142,0.0,0.0,0.0873015873015873,0.1,0.05,0.06,6.0,11.8,0.0,0.0,0.10317460317460317,0.2,0.15,0.18,1.0,10.166666666666666,0.0,1.0,0.12698412698412698,0.1,0.25,0.14,1.0,7.733333333333333,0.0,1.0,0.07142857142857142,0.0,0.0,0.1,23.0,11.25,0.0,0.0,0.11904761904761904,0.5,0.3,0.14,4.0,8.642857142857142,0.0,0.0,0.11904761904761904,0.0,0.1,0.14,14.0,7.857142857142857,0.0,0.0,0.1111111111111111,0.1,0.05,0.14,4.0,9.307692307692308,0.0,0.0,0.09523809523809523,0.3,0.15,0.1,1.0,9.272727272727273,0.0,1.0,0.1984126984126984,0.2,0.2,0.18,3.0,4.875,0.0,0.0,0.0873015873015873,0.1,0.05,0.08,2.0,9.1,0.0,0.0,0.07142857142857142,0.0,0.0,0.06,23.0,11.75,0.0,0.0,0.10317460317460317,0.1,0.15,0.12,4.0,10.0,0.0,0.0,0.1111111111111111,0.2,0.25,0.16,1.0,8.923076923076923,0.0,1.0,0.07142857142857142,0.0,0.0,0.06,24.0,11.25,0.0,0.0,0.09523809523809523,0.2,0.1,0.08,5.0,10.818181818181818,0.0,0.0,0.1111111111111111,0.1,0.05,0.14,9.0,8.23076923076923,0.0,0.0,0.14285714285714285,0.2,0.1,0.16,5.0,6.352941176470588,0.0,0.0,0.1111111111111111,0.2,0.15,0.1,3.0,9.384615384615385,0.0,0.0,0.1111111111111111,0.1,0.2,0.14,9.0,8.384615384615385,0.0,0.0,94.0,3.0,25.0,1.0,2.0,2.0,0.0,126.0,11.0,23.0,2.0,0,0,0,0,0,0,0,0,1,0,0,1,0,0,0,0,0,0,0,0,1,0,0,0,0,0,0,0,0,0,0,1,0,0,0,0,0,0,0,0,1,0,0,0,0,0,0,0
2022-11-30,0.15748031496062992,0.0,0.15,0.2,11.0,5.947368421052632,0.0,0.0,0.10236220472440945,0.2,0.15,0.1,1.0,10.166666666666666,0.0,1.0,0.09448818897637795,0.0,0.0,0.04,23.0,8.818181818181818,0.0,0.0,0.07874015748031496,0.0,0.05,0.08,16.0,8.88888888888889,0.0,0.0,0.11811023622047244,0.1,0.1,0.1,6.0,8.357142857142858,0.0,0.0,0.07874015748031496,0.1,0.1,0.04,3.0,13.222222222222221,0.0,0.0,0.11023622047244094,0.2,0.1,0.1,4.0,7.538461538461538,0.0,0.0,0.10236220472440945,0.1,0.1,0.1,3.0,9.666666666666666,0.0,0.0,0.15748031496062992,0.3,0.2,0.2,0.0,6.2631578947368425,1.0,1.0,0.12598425196850394,0.1,0.05,0.1,5.0,7.4,0.0,0.0,0.13385826771653545,0.0,0.05,0.08,19.0,6.4375,0.0,0.0,0.10236220472440945,0.1,0.15,0.08,0.0,9.833333333333334,1.0,1.0,0.09448818897637795,0.0,0.05,0.08,19.0,8.454545454545455,0.0,0.0,0.10236220472440945,0.0,0.0,0.08,28.0,6.083333333333333,0.0,0.0,0.11023622047244094,0.2,0.1,0.08,4.0,7.769230769230769,0.0,0.0,0.06299212598425197,0.0,0.05,0.02,11.0,15.714285714285714,0.0,0.0,0.08661417322834646,0.2,0.15,0.1,1.0,12.3,0.0,1.0,0.11023622047244094,0.1,0.2,0.14,6.0,8.923076923076923,0.0,0.0,0.10236220472440945,0.0,0.15,0.12,11.0,9.083333333333334,0.0,0.0,0.12598425196850394,0.0,0.1,0.12,12.0,7.333333333333333,0.0,0.0,0.08661417322834646,0.2,0.1,0.06,0.0,12.5,1.0,1.0,0.07874015748031496,0.1,0.05,0.08,1.0,13.0,0.0,1.0,0.07874015748031496,0.0,0.0,0.08,23.0,9.11111111111111,0.0,0.0,0.06299212598425197,0.0,0.0,0.02,21.0,15.0,0.0,0.0,0.09448818897637795,0.0,0.15,0.06,11.0,10.454545454545455,0.0,0.0,0.11023622047244094,0.2,0.1,0.12,1.0,9.384615384615385,0.0,1.0,0.13385826771653545,0.2,0.1,0.14,1.0,7.625,0.0,1.0,0.08661417322834646,0.1,0.1,0.12,7.0,11.4,0.0,0.0,0.06299212598425197,0.0,0.1,0.06,13.0,14.142857142857142,0.0,0.0,0.08661417322834646,0.1,0.05,0.06,7.0,11.8,0.0,0.0,0.10236220472440945,0.2,0.1,0.18,2.0,10.166666666666666,0.0,0.0,0.13385826771653545,0.2,0.25,0.16,0.0,7.375,1.0,1.0,0.07086614173228346,0.0,0.0,0.1,24.0,11.25,0.0,0.0,0.11811023622047244,0.4,0.3,0.14,5.0,8.642857142857142,0.0,0.0,0.11811023622047244,0.0,0.1,0.14,15.0,7.857142857142857,0.0,0.0,0.11023622047244094,0.1,0.05,0.14,5.0,9.307692307692308,0.0,0.0,0.09448818897637795,0.2,0.15,0.1,2.0,9.272727272727273,0.0,0.0,0.1968503937007874,0.2,0.2,0.16,4.0,4.875,0.0,0.0,0.08661417322834646,0.1,0.05,0.08,3.0,9.1,0.0,0.0,0.07086614173228346,0.0,0.0,0.06,24.0,11.75,0.0,0.0,0.11023622047244094,0.2,0.2,0.14,0.0,9.615384615384615,1.0,1.0,0.11023622047244094,0.2,0.25,0.16,2.0,8.923076923076923,0.0,0.0,0.07086614173228346,0.0,0.0,0.06,25.0,11.25,0.0,0.0,0.09448818897637795,0.2,0.1,0.08,6.0,10.818181818181818,0.0,0.0,0.11023622047244094,0.0,0.05,0.14,10.0,8.23076923076923,0.0,0.0,0.14173228346456693,0.2,0.1,0.16,6.0,6.352941176470588,0.0,0.0,0.11023622047244094,0.2,0.15,0.1,4.0,9.384615384615385,0.0,0.0,0.11023622047244094,0.0,0.2,0.14,10.0,8.384615384615385,0.0,0.0,115.0,2.0,32.0,2.0,1.0,1.0,1.0,127.0,11.0,27.0,6.0,1,0,0,0,0,0,0,0,0,1,0,0,1,0,0,0,0,0,0,0,0,0,0,0,0,1,0,0,0,0,0,0,0,0,0,0,0,0,0,0,0,0,0,0,0,0,1,0
2022-12-04,0.1640625,0.1,0.2,0.22,0.0,6.25,1.0,1.0,0.1015625,0.2,0.15,0.1,2.0,10.166666666666666,0.0,0.0,0.09375,0.0,0.0,0.04,24.0,8.818181818181818,0.0,0.0,0.078125,0.0,0.05,0.06,17.0,8.88888888888889,0.0,0.0,0.1171875,0.1,0.1,0.1,7.0,8.357142857142858,0.0,0.0,0.078125,0.1,0.1,0.04,4.0,13.222222222222221,0.0,0.0,0.109375,0.2,0.1,0.1,5.0,7.538461538461538,0.0,0.0,0.1015625,0.1,0.05,0.1,4.0,9.666666666666666,0.0,0.0,0.15625,0.3,0.2,0.2,1.0,6.2631578947368425,0.0,1.0,0.1328125,0.2,0.1,0.12,0.0,7.3125,1.0,1.0,0.1328125,0.0,0.0,0.08,20.0,6.4375,0.0,0.0,0.1015625,0.1,0.15,0.08,1.0,9.833333333333334,0.0,1.0,0.1015625,0.1,0.05,0.08,0.0,9.416666666666666,1.0,1.0,0.1015625,0.0,0.0,0.08,29.0,6.083333333333333,0.0,0.0,0.109375,0.1,0.1,0.08,5.0,7.769230769230769,0.0,0.0,0.0625,0.0,0.05,0.02,12.0,15.714285714285714,0.0,0.0,0.0859375,0.2,0.15,0.1,2.0,12.3,0.0,0.0,0.109375,0.1,0.2,0.14,7.0,8.923076923076923,0.0,0.0,0.1015625,0.0,0.1,0.12,12.0,9.083333333333334,0.0,0.0,0.125,0.0,0.1,0.12,13.0,7.333333333333333,0.0,0.0,0.0859375,0.1,0.1,0.06,1.0,12.5,0.0,1.0,0.078125,0.1,0.05,0.08,2.0,13.0,0.0,0.0,0.078125,0.0,0.0,0.08,24.0,9.11111111111111,0.0,0.0,0.0625,0.0,0.0,0.02,22.0,15.0,0.0,0.0,0.09375,0.0,0.15,0.06,12.0,10.454545454545455,0.0,0.0,0.1171875,0.3,0.15,0.14,0.0,8.857142857142858,1.0,1.0,0.1328125,0.2,0.1,0.14,2.0,7.625,0.0,0.0,0.0859375,0.1,0.1,0.12,8.0,11.4,0.0,0.0,0.0625,0.0,0.1,0.06,14.0,14.142857142857142,0.0,0.0,0.0859375,0.1,0.05,0.04,8.0,11.8,0.0,0.0,0.1015625,0.2,0.1,0.16,3.0,10.166666666666666,0.0,0.0,0.1328125,0.2,0.25,0.16,1.0,7.375,0.0,1.0,0.0703125,0.0,0.0,0.1,25.0,11.25,0.0,0.0,0.1171875,0.3,0.3,0.14,6.0,8.642857142857142,0.0,0.0,0.1171875,0.0,0.05,0.14,16.0,7.857142857142857,0.0,0.0,0.109375,0.1,0.05,0.14,6.0,9.307692307692308,0.0,0.0,0.09375,0.2,0.15,0.1,3.0,9.272727272727273,0.0,0.0,0.1953125,0.1,0.2,0.16,5.0,4.875,0.0,0.0,0.0859375,0.1,0.05,0.08,4.0,9.1,0.0,0.0,0.0703125,0.0,0.0,0.06,25.0,11.75,0.0,0.0,0.109375,0.2,0.2,0.14,1.0,9.615384615384615,0.0,1.0,0.109375,0.2,0.25,0.16,3.0,8.923076923076923,0.0,0.0,0.0703125,0.0,0.0,0.06,26.0,11.25,0.0,0.0,0.09375,0.2,0.1,0.08,7.0,10.818181818181818,0.0,0.0,0.109375,0.0,0.05,0.14,11.0,8.23076923076923,0.0,0.0,0.140625,0.1,0.1,0.16,7.0,6.352941176470588,0.0,0.0,0.1171875,0.3,0.2,0.1,0.0,9.071428571428571,1.0,1.0,0.109375,0.0,0.2,0.14,11.0,8.384615384615385,0.0,0.0,97.0,2.0,46.0,2.0,1.0,1.0,1.0,128.0,11.0,30.0,2.0,0,0,0,0,1,0,0,0,0,0,0,1,0,0,0,0,0,0,0,0,0,0,0,0,0,0,0,0,0,0,0,0,1,0,0,0,0,0,0,0,0,0,0,1,0,0,1,0
2022-12-07,0.16279069767441862,0.1,0.15,0.22,1.0,6.25,0.0,1.0,0.10077519379844961,0.1,0.15,0.1,3.0,10.166666666666666,0.0,0.0,0.09302325581395349,0.0,0.0,0.04,25.0,8.818181818181818,0.0,0.0,0.07751937984496124,0.0,0.05,0.06,18.0,8.88888888888889,0.0,0.0,0.12403100775193798,0.2,0.15,0.12,0.0,8.333333333333334,1.0,1.0,0.07751937984496124,0.1,0.1,0.04,5.0,13.222222222222221,0.0,0.0,0.10852713178294573,0.1,0.1,0.1,6.0,7.538461538461538,0.0,0.0,0.10077519379844961,0.1,0.05,0.1,5.0,9.666666666666666,0.0,0.0,0.15503875968992248,0.2,0.2,0.2,2.0,6.2631578947368425,0.0,0.0,0.13178294573643412,0.2,0.1,0.12,1.0,7.3125,0.0,1.0,0.13178294573643412,0.0,0.0,0.08,21.0,6.4375,0.0,0.0,0.10852713178294573,0.2,0.2,0.1,0.0,9.23076923076923,1.0,1.0,0.10077519379844961,0.1,0.05,0.08,1.0,9.416666666666666,0.0,1.0,0.10077519379844961,0.0,0.0,0.08,30.0,6.083333333333333,0.0,0.0,0.10852713178294573,0.1,0.1,0.06,6.0,7.769230769230769,0.0,0.0,0.06201550387596899,0.0,0.05,0.02,13.0,15.714285714285714,0.0,0.0,0.08527131782945736,0.2,0.15,0.1,3.0,12.3,0.0,0.0,0.10852713178294573,0.1,0.15,0.14,8.0,8.923076923076923,0.0,0.0,0.10077519379844961,0.0,0.1,0.12,13.0,9.083333333333334,0.0,0.0,0.12403100775193798,0.0,0.1,0.12,14.0,7.333333333333333,0.0,0.0,0.08527131782945736,0.1,0.1,0.06,2.0,12.5,0.0,0.0,0.07751937984496124,0.1,0.05,0.08,3.0,13.0,0.0,0.0,0.07751937984496124,0.0,0.0,0.08,25.0,9.11111111111111,0.0,0.0,0.06201550387596899,0.0,0.0,0.02,23.0,15.0,0.0,0.0,0.09302325581395349,0.0,0.1,0.06,13.0,10.454545454545455,0.0,0.0,0.11627906976744186,0.3,0.15,0.14,1.0,8.857142857142858,0.0,1.0,0.13178294573643412,0.2,0.1,0.14,3.0,7.625,0.0,0.0,0.08527131782945736,0.1,0.1,0.12,9.0,11.4,0.0,0.0,0.06201550387596899,0.0,0.1,0.06,15.0,14.142857142857142,0.0,0.0,0.08527131782945736,0.1,0.05,0.04,9.0,11.8,0.0,0.0,0.10077519379844961,0.2,0.1,0.14,4.0,10.166666666666666,0.0,0.0,0.13178294573643412,0.2,0.25,0.14,2.0,7.375,0.0,0.0,0.07751937984496124,0.1,0.05,0.12,0.0,12.88888888888889,1.0,1.0,0.11627906976744186,0.2,0.3,0.14,7.0,8.642857142857142,0.0,0.0,0.11627906976744186,0.0,0.05,0.14,17.0,7.857142857142857,0.0,0.0,0.10852713178294573,0.1,0.05,0.14,7.0,9.307692307692308,0.0,0.0,0.09302325581395349,0.2,0.15,0.1,4.0,9.272727272727273,0.0,0.0,0.1937984496124031,0.1,0.2,0.16,6.0,4.875,0.0,0.0,0.08527131782945736,0.1,0.05,0.08,5.0,9.1,0.0,0.0,0.06976744186046512,0.0,0.0,0.06,26.0,11.75,0.0,0.0,0.10852713178294573,0.2,0.2,0.14,2.0,9.615384615384615,0.0,0.0,0.10852713178294573,0.2,0.2,0.16,4.0,8.923076923076923,0.0,0.0,0.06976744186046512,0.0,0.0,0.06,27.0,11.25,0.0,0.0,0.10077519379844961,0.3,0.15,0.1,0.0,10.583333333333334,1.0,1.0,0.10852713178294573,0.0,0.05,0.14,12.0,8.23076923076923,0.0,0.0,0.13953488372093023,0.1,0.1,0.14,8.0,6.352941176470588,0.0,0.0,0.12403100775193798,0.3,0.25,0.12,0.0,8.533333333333333,1.0,1.0,0.10852713178294573,0.0,0.15,0.12,12.0,8.384615384615385,0.0,0.0,141.0,2.0,42.0,2.0,0.0,1.0,2.0,129.0,12.0,4.0,6.0,0,1,0,0,0,0,0,0,0,0,0,0,0,0,0,1,0,0,0,0,0,0,0,0,0,0,0,0,0,0,1,0,0,0,1,0,0,0,0,0,0,0,0,0,0,0,1,0
2022-12-11,0.16153846153846155,0.1,0.15,0.22,2.0,6.25,0.0,0.0,0.1076923076923077,0.2,0.2,0.12,0.0,9.692307692307692,1.0,1.0,0.09230769230769231,0.0,0.0,0.04,26.0,8.818181818181818,0.0,0.0,0.07692307692307693,0.0,0.05,0.06,19.0,8.88888888888889,0.0,0.0,0.12307692307692308,0.2,0.15,0.12,1.0,8.333333333333334,0.0,1.0,0.07692307692307693,0.1,0.1,0.04,6.0,13.222222222222221,0.0,0.0,0.1076923076923077,0.1,0.1,0.1,7.0,7.538461538461538,0.0,0.0,0.1,0.1,0.05,0.1,6.0,9.666666666666666,0.0,0.0,0.15384615384615385,0.2,0.2,0.18,3.0,6.2631578947368425,0.0,0.0,0.13076923076923078,0.2,0.1,0.12,2.0,7.3125,0.0,0.0,0.13076923076923078,0.0,0.0,0.06,22.0,6.4375,0.0,0.0,0.1076923076923077,0.2,0.2,0.1,1.0,9.23076923076923,0.0,1.0,0.1,0.1,0.05,0.08,2.0,9.416666666666666,0.0,0.0,0.1,0.0,0.0,0.08,31.0,6.083333333333333,0.0,0.0,0.1076923076923077,0.1,0.1,0.06,7.0,7.769230769230769,0.0,0.0,0.06923076923076923,0.1,0.1,0.04,0.0,15.5,1.0,1.0,0.08461538461538462,0.2,0.15,0.1,4.0,12.3,0.0,0.0,0.1076923076923077,0.1,0.15,0.14,9.0,8.923076923076923,0.0,0.0,0.1,0.0,0.05,0.12,14.0,9.083333333333334,0.0,0.0,0.12307692307692308,0.0,0.1,0.12,15.0,7.333333333333333,0.0,0.0,0.08461538461538462,0.1,0.1,0.06,3.0,12.5,0.0,0.0,0.07692307692307693,0.1,0.05,0.08,4.0,13.0,0.0,0.0,0.07692307692307693,0.0,0.0,0.08,26.0,9.11111111111111,0.0,0.0,0.06153846153846154,0.0,0.0,0.02,24.0,15.0,0.0,0.0,0.09230769230769231,0.0,0.1,0.06,14.0,10.454545454545455,0.0,0.0,0.11538461538461539,0.3,0.15,0.14,2.0,8.857142857142858,0.0,0.0,0.13076923076923078,0.2,0.1,0.12,4.0,7.625,0.0,0.0,0.08461538461538462,0.0,0.05,0.12,10.0,11.4,0.0,0.0,0.06153846153846154,0.0,0.1,0.06,16.0,14.142857142857142,0.0,0.0,0.08461538461538462,0.0,0.05,0.04,10.0,11.8,0.0,0.0,0.1076923076923077,0.3,0.15,0.16,0.0,9.76923076923077,1.0,1.0,0.13076923076923078,0.2,0.2,0.14,3.0,7.375,0.0,0.0,0.07692307692307693,0.1,0.05,0.12,1.0,12.88888888888889,0.0,1.0,0.11538461538461539,0.1,0.3,0.14,8.0,8.642857142857142,0.0,0.0,0.12307692307692308,0.1,0.1,0.16,0.0,8.533333333333333,1.0,1.0,0.1076923076923077,0.1,0.05,0.12,8.0,9.307692307692308,0.0,0.0,0.09230769230769231,0.1,0.15,0.1,5.0,9.272727272727273,0.0,0.0,0.19230769230769232,0.1,0.2,0.16,7.0,4.875,0.0,0.0,0.08461538461538462,0.1,0.05,0.08,6.0,9.1,0.0,0.0,0.06923076923076923,0.0,0.0,0.06,27.0,11.75,0.0,0.0,0.1076923076923077,0.2,0.15,0.14,3.0,9.615384615384615,0.0,0.0,0.1076923076923077,0.2,0.15,0.16,5.0,8.923076923076923,0.0,0.0,0.06923076923076923,0.0,0.0,0.06,28.0,11.25,0.0,0.0,0.1,0.2,0.15,0.1,1.0,10.583333333333334,0.0,1.0,0.1076923076923077,0.0,0.05,0.14,13.0,8.23076923076923,0.0,0.0,0.13846153846153847,0.1,0.1,0.14,9.0,6.352941176470588,0.0,0.0,0.13076923076923078,0.4,0.3,0.12,0.0,8.0625,1.0,1.0,0.1076923076923077,0.0,0.15,0.12,13.0,8.384615384615385,0.0,0.0,131.0,2.0,45.0,1.0,1.0,2.0,1.0,130.0,12.0,7.0,2.0,0,0,0,1,0,0,0,0,0,0,0,0,0,0,1,0,0,0,0,0,0,0,0,0,0,0,1,1,0,0,0,0,0,0,0,0,0,0,1,0,0,0,0,0,0,0,0,0
2022-12-14,0.16030534351145037,0.1,0.15,0.22,3.0,6.25,0.0,0.0,0.10687022900763359,0.2,0.15,0.12,1.0,9.692307692307692,0.0,1.0,0.0916030534351145,0.0,0.0,0.04,27.0,8.818181818181818,0.0,0.0,0.08396946564885496,0.1,0.05,0.08,0.0,10.0,1.0,1.0,0.12213740458015267,0.1,0.15,0.12,2.0,8.333333333333334,0.0,0.0,0.07633587786259542,0.1,0.05,0.04,7.0,13.222222222222221,0.0,0.0,0.10687022900763359,0.1,0.1,0.1,8.0,7.538461538461538,0.0,0.0,0.09923664122137404,0.1,0.05,0.1,7.0,9.666666666666666,0.0,0.0,0.15267175572519084,0.2,0.2,0.18,4.0,6.2631578947368425,0.0,0.0,0.1297709923664122,0.2,0.1,0.12,3.0,7.3125,0.0,0.0,0.1297709923664122,0.0,0.0,0.06,23.0,6.4375,0.0,0.0,0.10687022900763359,0.2,0.2,0.1,2.0,9.23076923076923,0.0,0.0,0.09923664122137404,0.1,0.05,0.08,3.0,9.416666666666666,0.0,0.0,0.09923664122137404,0.0,0.0,0.06,32.0,6.083333333333333,0.0,0.0,0.11450381679389313,0.2,0.15,0.08,0.0,7.785714285714286,1.0,1.0,0.06870229007633588,0.1,0.1,0.04,1.0,15.5,0.0,1.0,0.08396946564885496,0.2,0.15,0.1,5.0,12.3,0.0,0.0,0.10687022900763359,0.0,0.15,0.14,10.0,8.923076923076923,0.0,0.0,0.09923664122137404,0.0,0.05,0.12,15.0,9.083333333333334,0.0,0.0,0.12213740458015267,0.0,0.05,0.12,16.0,7.333333333333333,0.0,0.0,0.08396946564885496,0.1,0.1,0.06,4.0,12.5,0.0,0.0,0.07633587786259542,0.1,0.05,0.08,5.0,13.0,0.0,0.0,0.07633587786259542,0.0,0.0,0.08,27.0,9.11111111111111,0.0,0.0,0.061068702290076333,0.0,0.0,0.02,25.0,15.0,0.0,0.0,0.0916030534351145,0.0,0.1,0.06,15.0,10.454545454545455,0.0,0.0,0.11450381679389313,0.2,0.15,0.14,3.0,8.857142857142858,0.0,0.0,0.13740458015267176,0.3,0.15,0.14,0.0,7.470588235294118,1.0,1.0,0.0916030534351145,0.1,0.1,0.14,0.0,11.363636363636363,1.0,1.0,0.061068702290076333,0.0,0.1,0.06,17.0,14.142857142857142,0.0,0.0,0.08396946564885496,0.0,0.05,0.04,11.0,11.8,0.0,0.0,0.10687022900763359,0.3,0.15,0.16,1.0,9.76923076923077,0.0,1.0,0.1297709923664122,0.2,0.2,0.12,4.0,7.375,0.0,0.0,0.07633587786259542,0.1,0.05,0.12,2.0,12.88888888888889,0.0,0.0,0.11450381679389313,0.1,0.3,0.14,9.0,8.642857142857142,0.0,0.0,0.12213740458015267,0.1,0.1,0.16,1.0,8.533333333333333,0.0,1.0,0.10687022900763359,0.1,0.05,0.12,9.0,9.307692307692308,0.0,0.0,0.0916030534351145,0.1,0.15,0.1,6.0,9.272727272727273,0.0,0.0,0.19083969465648856,0.1,0.2,0.16,8.0,4.875,0.0,0.0,0.0916030534351145,0.2,0.1,0.1,0.0,8.909090909090908,1.0,1.0,0.06870229007633588,0.0,0.0,0.06,28.0,11.75,0.0,0.0,0.10687022900763359,0.2,0.1,0.14,4.0,9.615384615384615,0.0,0.0,0.10687022900763359,0.2,0.15,0.16,6.0,8.923076923076923,0.0,0.0,0.06870229007633588,0.0,0.0,0.06,29.0,11.25,0.0,0.0,0.09923664122137404,0.1,0.15,0.1,2.0,10.583333333333334,0.0,0.0,0.10687022900763359,0.0,0.05,0.12,14.0,8.23076923076923,0.0,0.0,0.13740458015267176,0.0,0.1,0.12,10.0,6.352941176470588,0.0,0.0,0.1297709923664122,0.4,0.3,0.12,1.0,8.0625,0.0,1.0,0.10687022900763359,0.0,0.15,0.1,14.0,8.384615384615385,0.0,0.0,113.0,2.0,35.0,1.0,1.0,2.0,1.0,131.0,12.0,11.0,6.0,0,0,0,0,0,0,0,0,0,1,0,0,0,0,0,0,0,0,1,0,1,0,0,0,0,0,0,1,0,0,0,0,0,0,0,0,1,0,0,0,0,0,0,0,0,0,0,0
2022-12-18,0.1590909090909091,0.1,0.15,0.22,4.0,6.25,0.0,0.0,0.10606060606060606,0.2,0.15,0.12,2.0,9.692307692307692,0.0,0.0,0.09090909090909091,0.0,0.0,0.04,28.0,8.818181818181818,0.0,0.0,0.08333333333333333,0.1,0.05,0.08,1.0,10.0,0.0,1.0,0.12121212121212122,0.1,0.15,0.12,3.0,8.333333333333334,0.0,0.0,0.07575757575757576,0.1,0.05,0.04,8.0,13.222222222222221,0.0,0.0,0.10606060606060606,0.1,0.1,0.1,9.0,7.538461538461538,0.0,0.0,0.09848484848484848,0.1,0.05,0.1,8.0,9.666666666666666,0.0,0.0,0.15151515151515152,0.1,0.2,0.18,5.0,6.2631578947368425,0.0,0.0,0.13636363636363635,0.2,0.15,0.14,0.0,7.117647058823529,1.0,1.0,0.12878787878787878,0.0,0.0,0.06,24.0,6.4375,0.0,0.0,0.10606060606060606,0.2,0.15,0.1,3.0,9.23076923076923,0.0,0.0,0.09848484848484848,0.1,0.05,0.08,4.0,9.416666666666666,0.0,0.0,0.09848484848484848,0.0,0.0,0.06,33.0,6.083333333333333,0.0,0.0,0.11363636363636363,0.2,0.15,0.08,1.0,7.785714285714286,0.0,1.0,0.06818181818181818,0.1,0.1,0.04,2.0,15.5,0.0,0.0,0.08333333333333333,0.2,0.15,0.1,6.0,12.3,0.0,0.0,0.10606060606060606,0.0,0.1,0.12,11.0,8.923076923076923,0.0,0.0,0.10606060606060606,0.1,0.1,0.14,0.0,9.615384615384615,1.0,1.0,0.12121212121212122,0.0,0.05,0.12,17.0,7.333333333333333,0.0,0.0,0.09090909090909091,0.2,0.15,0.06,0.0,11.818181818181818,1.0,1.0,0.07575757575757576,0.1,0.05,0.08,6.0,13.0,0.0,0.0,0.07575757575757576,0.0,0.0,0.08,28.0,9.11111111111111,0.0,0.0,0.06060606060606061,0.0,0.0,0.02,26.0,15.0,0.0,0.0,0.09090909090909091,0.0,0.1,0.06,16.0,10.454545454545455,0.0,0.0,0.11363636363636363,0.2,0.15,0.14,4.0,8.857142857142858,0.0,0.0,0.13636363636363635,0.3,0.15,0.14,1.0,7.470588235294118,0.0,1.0,0.09848484848484848,0.2,0.15,0.16,0.0,10.5,1.0,1.0,0.06060606060606061,0.0,0.1,0.06,18.0,14.142857142857142,0.0,0.0,0.08333333333333333,0.0,0.05,0.02,12.0,11.8,0.0,0.0,0.10606060606060606,0.3,0.15,0.16,2.0,9.76923076923077,0.0,0.0,0.12878787878787878,0.2,0.2,0.12,5.0,7.375,0.0,0.0,0.07575757575757576,0.1,0.05,0.12,3.0,12.88888888888889,0.0,0.0,0.11363636363636363,0.0,0.3,0.14,10.0,8.642857142857142,0.0,0.0,0.12121212121212122,0.1,0.05,0.16,2.0,8.533333333333333,0.0,0.0,0.10606060606060606,0.0,0.05,0.1,10.0,9.307692307692308,0.0,0.0,0.09848484848484848,0.2,0.2,0.12,0.0,9.083333333333334,1.0,1.0,0.1893939393939394,0.1,0.15,0.16,9.0,4.875,0.0,0.0,0.09090909090909091,0.2,0.1,0.1,1.0,8.909090909090908,0.0,1.0,0.06818181818181818,0.0,0.0,0.06,29.0,11.75,0.0,0.0,0.10606060606060606,0.1,0.1,0.14,5.0,9.615384615384615,0.0,0.0,0.10606060606060606,0.2,0.15,0.16,7.0,8.923076923076923,0.0,0.0,0.06818181818181818,0.0,0.0,0.06,30.0,11.25,0.0,0.0,0.09848484848484848,0.1,0.15,0.08,3.0,10.583333333333334,0.0,0.0,0.10606060606060606,0.0,0.05,0.12,15.0,8.23076923076923,0.0,0.0,0.13636363636363635,0.0,0.1,0.12,11.0,6.352941176470588,0.0,0.0,0.12878787878787878,0.4,0.3,0.12,2.0,8.0625,0.0,0.0,0.10606060606060606,0.0,0.1,0.1,15.0,8.384615384615385,0.0,0.0,115.0,2.0,27.0,1.0,2.0,1.0,1.0,132.0,12.0,14.0,2.0,0,1,0,0,0,0,0,0,0,0,1,0,0,0,0,0,0,0,0,0,0,0,0,1,0,0,0,0,0,0,0,0,0,0,1,0,0,0,0,0,0,0,0,0,0,1,0,0
2022-12-21,0.15789473684210525,0.1,0.15,0.22,5.0,6.25,0.0,0.0,0.11278195488721804,0.3,0.2,0.14,0.0,9.214285714285714,1.0,1.0,0.09022556390977443,0.0,0.0,0.02,29.0,8.818181818181818,0.0,0.0,0.08270676691729323,0.1,0.05,0.08,2.0,10.0,0.0,0.0,0.12030075187969924,0.1,0.15,0.12,4.0,8.333333333333334,0.0,0.0,0.07518796992481203,0.1,0.05,0.04,9.0,13.222222222222221,0.0,0.0,0.10526315789473684,0.0,0.1,0.1,10.0,7.538461538461538,0.0,0.0,0.09774436090225563,0.1,0.05,0.1,9.0,9.666666666666666,0.0,0.0,0.15037593984962405,0.1,0.2,0.18,6.0,6.2631578947368425,0.0,0.0,0.13533834586466165,0.2,0.15,0.14,1.0,7.117647058823529,0.0,1.0,0.13533834586466165,0.1,0.05,0.08,0.0,7.529411764705882,1.0,1.0,0.10526315789473684,0.2,0.1,0.1,4.0,9.23076923076923,0.0,0.0,0.09774436090225563,0.1,0.05,0.08,5.0,9.416666666666666,0.0,0.0,0.09774436090225563,0.0,0.0,0.06,34.0,6.083333333333333,0.0,0.0,0.11278195488721804,0.1,0.15,0.08,2.0,7.785714285714286,0.0,0.0,0.06766917293233082,0.1,0.1,0.04,3.0,15.5,0.0,0.0,0.08270676691729323,0.2,0.15,0.1,7.0,12.3,0.0,0.0,0.10526315789473684,0.0,0.1,0.12,12.0,8.923076923076923,0.0,0.0,0.10526315789473684,0.1,0.1,0.12,1.0,9.615384615384615,0.0,1.0,0.12030075187969924,0.0,0.05,0.12,18.0,7.333333333333333,0.0,0.0,0.09022556390977443,0.2,0.15,0.06,1.0,11.818181818181818,0.0,1.0,0.07518796992481203,0.1,0.05,0.06,7.0,13.0,0.0,0.0,0.07518796992481203,0.0,0.0,0.08,29.0,9.11111111111111,0.0,0.0,0.06766917293233082,0.1,0.05,0.04,0.0,16.5,1.0,1.0,0.09022556390977443,0.0,0.1,0.06,17.0,10.454545454545455,0.0,0.0,0.11278195488721804,0.2,0.15,0.14,5.0,8.857142857142858,0.0,0.0,0.13533834586466165,0.3,0.15,0.14,2.0,7.470588235294118,0.0,0.0,0.09774436090225563,0.2,0.15,0.16,1.0,10.5,0.0,1.0,0.06015037593984962,0.0,0.05,0.06,19.0,14.142857142857142,0.0,0.0,0.08270676691729323,0.0,0.05,0.02,13.0,11.8,0.0,0.0,0.10526315789473684,0.3,0.15,0.16,3.0,9.76923076923077,0.0,0.0,0.12781954887218044,0.2,0.15,0.12,6.0,7.375,0.0,0.0,0.07518796992481203,0.1,0.05,0.1,4.0,12.88888888888889,0.0,0.0,0.11278195488721804,0.0,0.3,0.14,11.0,8.642857142857142,0.0,0.0,0.12781954887218044,0.2,0.1,0.18,0.0,8.1875,1.0,1.0,0.10526315789473684,0.0,0.05,0.08,11.0,9.307692307692308,0.0,0.0,0.09774436090225563,0.2,0.2,0.12,1.0,9.083333333333334,0.0,1.0,0.18796992481203006,0.0,0.1,0.16,10.0,4.875,0.0,0.0,0.09022556390977443,0.2,0.1,0.1,2.0,8.909090909090908,0.0,0.0,0.06766917293233082,0.0,0.0,0.06,30.0,11.75,0.0,0.0,0.10526315789473684,0.1,0.1,0.14,6.0,9.615384615384615,0.0,0.0,0.10526315789473684,0.1,0.15,0.16,8.0,8.923076923076923,0.0,0.0,0.06766917293233082,0.0,0.0,0.06,31.0,11.25,0.0,0.0,0.09774436090225563,0.1,0.15,0.08,4.0,10.583333333333334,0.0,0.0,0.10526315789473684,0.0,0.05,0.12,16.0,8.23076923076923,0.0,0.0,0.14285714285714285,0.1,0.15,0.14,0.0,6.666666666666667,1.0,1.0,0.12781954887218044,0.3,0.3,0.12,3.0,8.0625,0.0,0.0,0.10526315789473684,0.0,0.05,0.1,16.0,8.384615384615385,0.0,0.0,118.0,3.0,44.0,2.0,1.0,1.0,1.0,133.0,12.0,18.0,6.0,0,0,0,0,0,0,0,0,0,0,0,0,0,0,0,0,0,0,0,0,0,0,0,0,0,0,0,0,0,0,0,0,0,0,1,0,0,0,1,0,0,0,1,0,0,1,0,1
2023-10-19,0.15671641791044777,0.1,0.1,0.22,6.0,6.25,0.0,0.0,0.11194029850746269,0.3,0.2,0.14,1.0,9.214285714285714,0.0,1.0,0.08955223880597014,0.0,0.0,0.02,30.0,8.818181818181818,0.0,0.0,0.08208955223880597,0.1,0.05,0.08,3.0,10.0,0.0,0.0,0.11940298507462686,0.1,0.1,0.12,5.0,8.333333333333334,0.0,0.0,0.07462686567164178,0.0,0.05,0.04,10.0,13.222222222222221,0.0,0.0,0.1044776119402985,0.0,0.1,0.1,11.0,7.538461538461538,0.0,0.0,0.09701492537313433,0.0,0.05,0.1,10.0,9.666666666666666,0.0,0.0,0.14925373134328357,0.1,0.2,0.18,7.0,6.2631578947368425,0.0,0.0,0.13432835820895522,0.2,0.15,0.12,2.0,7.117647058823529,0.0,0.0,0.13432835820895522,0.1,0.05,0.08,1.0,7.529411764705882,0.0,1.0,0.1044776119402985,0.2,0.1,0.1,5.0,9.23076923076923,0.0,0.0,0.09701492537313433,0.1,0.05,0.08,6.0,9.416666666666666,0.0,0.0,0.09701492537313433,0.0,0.0,0.06,35.0,6.083333333333333,0.0,0.0,0.11194029850746269,0.1,0.15,0.06,3.0,7.785714285714286,0.0,0.0,0.06716417910447761,0.1,0.1,0.04,4.0,15.5,0.0,0.0,0.08208955223880597,0.2,0.1,0.1,8.0,12.3,0.0,0.0,0.1044776119402985,0.0,0.05,0.12,13.0,8.923076923076923,0.0,0.0,0.1044776119402985,0.1,0.1,0.12,2.0,9.615384615384615,0.0,0.0,0.11940298507462686,0.0,0.05,0.12,19.0,7.333333333333333,0.0,0.0,0.08955223880597014,0.2,0.15,0.06,2.0,11.818181818181818,0.0,0.0,0.07462686567164178,0.1,0.05,0.06,8.0,13.0,0.0,0.0,0.07462686567164178,0.0,0.0,0.06,30.0,9.11111111111111,0.0,0.0,0.06716417910447761,0.1,0.05,0.04,1.0,16.5,0.0,1.0,0.08955223880597014,0.0,0.1,0.06,18.0,10.454545454545455,0.0,0.0,0.11194029850746269,0.2,0.15,0.14,6.0,8.857142857142858,0.0,0.0,0.13432835820895522,0.2,0.15,0.14,3.0,7.470588235294118,0.0,0.0,0.09701492537313433,0.2,0.15,0.16,2.0,10.5,0.0,0.0,0.05970149253731343,0.0,0.0,0.06,20.0,14.142857142857142,0.0,0.0,0.08208955223880597,0.0,0.05,0.02,14.0,11.8,0.0,0.0,0.1044776119402985,0.2,0.15,0.16,4.0,9.76923076923077,0.0,0.0,0.12686567164179105,0.2,0.15,0.12,7.0,7.375,0.0,0.0,0.07462686567164178,0.1,0.05,0.1,5.0,12.88888888888889,0.0,0.0,0.11194029850746269,0.0,0.3,0.14,12.0,8.642857142857142,0.0,0.0,0.13432835820895522,0.3,0.15,0.2,0.0,7.764705882352941,1.0,1.0,0.1044776119402985,0.0,0.05,0.08,12.0,9.307692307692308,0.0,0.0,0.09701492537313433,0.2,0.2,0.12,2.0,9.083333333333334,0.0,0.0,0.1865671641791045,0.0,0.1,0.14,11.0,4.875,0.0,0.0,0.09701492537313433,0.2,0.15,0.12,0.0,8.416666666666666,1.0,1.0,0.06716417910447761,0.0,0.0,0.06,31.0,11.75,0.0,0.0,0.1044776119402985,0.1,0.1,0.14,7.0,9.615384615384615,0.0,0.0,0.1044776119402985,0.1,0.15,0.16,9.0,8.923076923076923,0.0,0.0,0.07462686567164178,0.1,0.05,0.06,0.0,13.555555555555555,1.0,1.0,0.09701492537313433,0.1,0.15,0.08,5.0,10.583333333333334,0.0,0.0,0.1044776119402985,0.0,0.05,0.12,17.0,8.23076923076923,0.0,0.0,0.14925373134328357,0.2,0.2,0.16,0.0,6.368421052631579,1.0,1.0,0.12686567164179105,0.3,0.3,0.12,4.0,8.0625,0.0,0.0,0.11194029850746269,0.1,0.1,0.12,0.0,9.0,1.0,1.0,211.0,2.0,13.0,0.0,0.0,1.0,4.0,134.0,12.0,21.0,2.0,0,0,1,0,0,0,0,0,1,0,0,1,0,0,0,0,0,0,1,0,0,0,0,0,0,0,0,0,0,0,0,0,0,0,0,0,0,0,0,0,0,0,0,0,1,0,0,0
2023-10-22,0.15555555555555556,0.1,0.1,0.22,7.0,6.25,0.0,0.0,0.1111111111111111,0.3,0.2,0.14,2.0,9.214285714285714,0.0,0.0,0.0962962962962963,0.1,0.05,0.04,0.0,10.666666666666666,1.0,1.0,0.08148148148148149,0.1,0.05,0.06,4.0,10.0,0.0,0.0,0.11851851851851852,0.1,0.1,0.12,6.0,8.333333333333334,0.0,0.0,0.07407407407407407,0.0,0.05,0.04,11.0,13.222222222222221,0.0,0.0,0.1037037037037037,0.0,0.1,0.1,12.0,7.538461538461538,0.0,0.0,0.0962962962962963,0.0,0.05,0.1,11.0,9.666666666666666,0.0,0.0,0.15555555555555556,0.2,0.25,0.2,0.0,6.35,1.0,1.0,0.13333333333333333,0.2,0.15,0.12,3.0,7.117647058823529,0.0,0.0,0.13333333333333333,0.1,0.05,0.08,2.0,7.529411764705882,0.0,0.0,0.1111111111111111,0.3,0.15,0.12,0.0,9.0,1.0,1.0,0.0962962962962963,0.1,0.05,0.08,7.0,9.416666666666666,0.0,0.0,0.0962962962962963,0.0,0.0,0.06,36.0,6.083333333333333,0.0,0.0,0.1111111111111111,0.1,0.15,0.06,4.0,7.785714285714286,0.0,0.0,0.06666666666666667,0.1,0.1,0.04,5.0,15.5,0.0,0.0,0.08148148148148149,0.1,0.1,0.1,9.0,12.3,0.0,0.0,0.1037037037037037,0.0,0.05,0.12,14.0,8.923076923076923,0.0,0.0,0.1111111111111111,0.2,0.15,0.14,0.0,9.142857142857142,1.0,1.0,0.11851851851851852,0.0,0.0,0.1,20.0,7.333333333333333,0.0,0.0,0.08888888888888889,0.2,0.15,0.06,3.0,11.818181818181818,0.0,0.0,0.07407407407407407,0.1,0.05,0.06,9.0,13.0,0.0,0.0,0.07407407407407407,0.0,0.0,0.06,31.0,9.11111111111111,0.0,0.0,0.06666666666666667,0.1,0.05,0.04,2.0,16.5,0.0,0.0,0.08888888888888889,0.0,0.05,0.06,19.0,10.454545454545455,0.0,0.0,0.1111111111111111,0.2,0.15,0.14,7.0,8.857142857142858,0.0,0.0,0.13333333333333333,0.2,0.15,0.14,4.0,7.470588235294118,0.0,0.0,0.0962962962962963,0.2,0.15,0.16,3.0,10.5,0.0,0.0,0.05925925925925926,0.0,0.0,0.06,21.0,14.142857142857142,0.0,0.0,0.08148148148148149,0.0,0.05,0.02,15.0,11.8,0.0,0.0,0.1037037037037037,0.1,0.15,0.16,5.0,9.76923076923077,0.0,0.0,0.1259259259259259,0.1,0.1,0.12,8.0,7.375,0.0,0.0,0.07407407407407407,0.1,0.05,0.1,6.0,12.88888888888889,0.0,0.0,0.1111111111111111,0.0,0.3,0.14,13.0,8.642857142857142,0.0,0.0,0.13333333333333333,0.3,0.15,0.2,1.0,7.764705882352941,0.0,1.0,0.1037037037037037,0.0,0.05,0.08,13.0,9.307692307692308,0.0,0.0,0.0962962962962963,0.1,0.2,0.12,3.0,9.083333333333334,0.0,0.0,0.18518518518518517,0.0,0.1,0.12,12.0,4.875,0.0,0.0,0.0962962962962963,0.2,0.15,0.12,1.0,8.416666666666666,0.0,1.0,0.06666666666666667,0.0,0.0,0.06,32.0,11.75,0.0,0.0,0.1037037037037037,0.1,0.1,0.12,8.0,9.615384615384615,0.0,0.0,0.1037037037037037,0.0,0.1,0.16,10.0,8.923076923076923,0.0,0.0,0.07407407407407407,0.1,0.05,0.06,1.0,13.555555555555555,0.0,1.0,0.0962962962962963,0.1,0.15,0.08,6.0,10.583333333333334,0.0,0.0,0.1111111111111111,0.1,0.1,0.14,0.0,8.928571428571429,1.0,1.0,0.14814814814814814,0.2,0.2,0.14,1.0,6.368421052631579,0.0,1.0,0.1259259259259259,0.3,0.25,0.12,5.0,8.0625,0.0,0.0,0.1111111111111111,0.1,0.1,0.12,1.0,9.0,0.0,1.0,88.0,1.0,42.0,3.0,1.0,0.0,1.0,135.0,10.0,19.0,3.0,1,1,0,0,0,0,0,0,0,0,0,0,0,0,0,0,0,0,0,0,1,0,0,0,1,0,0,0,0,0,0,0,0,0,0,0,0,0,1,0,0,0,0,0,0,0,0,0
2023-10-25,0.16176470588235295,0.2,0.1,0.24,0.0,6.333333333333333,1.0,1.0,0.11764705882352941,0.3,0.25,0.16,0.0,8.8,1.0,1.0,0.09558823529411764,0.1,0.05,0.04,1.0,10.666666666666666,0.0,1.0,0.08088235294117647,0.1,0.05,0.06,5.0,10.0,0.0,0.0,0.11764705882352941,0.1,0.1,0.12,7.0,8.333333333333334,0.0,0.0,0.07352941176470588,0.0,0.05,0.04,12.0,13.222222222222221,0.0,0.0,0.10294117647058823,0.0,0.1,0.1,13.0,7.538461538461538,0.0,0.0,0.09558823529411764,0.0,0.05,0.1,12.0,9.666666666666666,0.0,0.0,0.15441176470588236,0.2,0.25,0.2,1.0,6.35,0.0,1.0,0.1323529411764706,0.2,0.15,0.12,4.0,7.117647058823529,0.0,0.0,0.1323529411764706,0.1,0.05,0.08,3.0,7.529411764705882,0.0,0.0,0.11029411764705882,0.3,0.15,0.12,1.0,9.0,0.0,1.0,0.09558823529411764,0.1,0.05,0.08,8.0,9.416666666666666,0.0,0.0,0.09558823529411764,0.0,0.0,0.06,37.0,6.083333333333333,0.0,0.0,0.11029411764705882,0.1,0.15,0.06,5.0,7.785714285714286,0.0,0.0,0.0661764705882353,0.1,0.05,0.04,6.0,15.5,0.0,0.0,0.08088235294117647,0.0,0.1,0.1,10.0,12.3,0.0,0.0,0.10294117647058823,0.0,0.05,0.12,15.0,8.923076923076923,0.0,0.0,0.11029411764705882,0.2,0.1,0.14,1.0,9.142857142857142,0.0,1.0,0.11764705882352941,0.0,0.0,0.1,21.0,7.333333333333333,0.0,0.0,0.09558823529411764,0.3,0.2,0.08,0.0,11.166666666666666,1.0,1.0,0.07352941176470588,0.0,0.05,0.04,10.0,13.0,0.0,0.0,0.07352941176470588,0.0,0.0,0.06,32.0,9.11111111111111,0.0,0.0,0.0661764705882353,0.1,0.05,0.04,3.0,16.5,0.0,0.0,0.09558823529411764,0.1,0.05,0.08,0.0,11.25,1.0,1.0,0.11029411764705882,0.1,0.15,0.14,8.0,8.857142857142858,0.0,0.0,0.1323529411764706,0.1,0.15,0.14,5.0,7.470588235294118,0.0,0.0,0.09558823529411764,0.2,0.15,0.16,4.0,10.5,0.0,0.0,0.058823529411764705,0.0,0.0,0.06,22.0,14.142857142857142,0.0,0.0,0.08088235294117647,0.0,0.05,0.02,16.0,11.8,0.0,0.0,0.10294117647058823,0.1,0.15,0.14,6.0,9.76923076923077,0.0,0.0,0.125,0.1,0.1,0.12,9.0,7.375,0.0,0.0,0.07352941176470588,0.1,0.05,0.1,7.0,12.88888888888889,0.0,0.0,0.11029411764705882,0.0,0.25,0.14,14.0,8.642857142857142,0.0,0.0,0.1323529411764706,0.3,0.15,0.2,2.0,7.764705882352941,0.0,0.0,0.10294117647058823,0.0,0.05,0.08,14.0,9.307692307692308,0.0,0.0,0.09558823529411764,0.1,0.2,0.12,4.0,9.083333333333334,0.0,0.0,0.18382352941176472,0.0,0.1,0.12,13.0,4.875,0.0,0.0,0.10294117647058823,0.3,0.2,0.14,0.0,7.923076923076923,1.0,1.0,0.0661764705882353,0.0,0.0,0.04,33.0,11.75,0.0,0.0,0.10294117647058823,0.1,0.1,0.12,9.0,9.615384615384615,0.0,0.0,0.10294117647058823,0.0,0.1,0.16,11.0,8.923076923076923,0.0,0.0,0.07352941176470588,0.1,0.05,0.06,2.0,13.555555555555555,0.0,0.0,0.09558823529411764,0.1,0.15,0.06,7.0,10.583333333333334,0.0,0.0,0.11029411764705882,0.1,0.1,0.12,1.0,8.928571428571429,0.0,1.0,0.14705882352941177,0.2,0.2,0.14,2.0,6.368421052631579,0.0,0.0,0.125,0.3,0.25,0.12,6.0,8.0625,0.0,0.0,0.11029411764705882,0.1,0.1,0.12,2.0,9.0,0.0,0.0,88.0,1.0,38.0,2.0,1.0,1.0,1.0,136.0,10.0,22.0,6.0,0,0,0,0,0,0,0,0,0,0,0,0,0,0,0,0,0,1,0,0,0,0,0,0,1,0,0,0,1,0,0,0,0,1,0,0,0,1,0,0,0,0,0,0,0,0,0,0
2023-10-29,0.16058394160583941,0.2,0.1,0.22,1.0,6.333333333333333,0.0,1.0,0.11678832116788321,0.3,0.25,0.16,1.0,8.8,0.0,1.0,0.0948905109489051,0.1,0.05,0.04,2.0,10.666666666666666,0.0,0.0,0.08029197080291971,0.1,0.05,0.06,6.0,10.0,0.0,0.0,0.11678832116788321,0.1,0.1,0.12,8.0,8.333333333333334,0.0,0.0,0.072992700729927,0.0,0.05,0.04,13.0,13.222222222222221,0.0,0.0,0.10218978102189781,0.0,0.1,0.1,14.0,7.538461538461538,0.0,0.0,0.0948905109489051,0.0,0.05,0.08,13.0,9.666666666666666,0.0,0.0,0.15328467153284672,0.1,0.2,0.18,2.0,6.35,0.0,0.0,0.13138686131386862,0.2,0.15,0.12,5.0,7.117647058823529,0.0,0.0,0.13138686131386862,0.1,0.05,0.08,4.0,7.529411764705882,0.0,0.0,0.10948905109489052,0.2,0.15,0.12,2.0,9.0,0.0,0.0,0.0948905109489051,0.1,0.05,0.08,9.0,9.416666666666666,0.0,0.0,0.0948905109489051,0.0,0.0,0.06,38.0,6.083333333333333,0.0,0.0,0.10948905109489052,0.1,0.15,0.06,6.0,7.785714285714286,0.0,0.0,0.06569343065693431,0.1,0.05,0.04,7.0,15.5,0.0,0.0,0.08029197080291971,0.0,0.1,0.1,11.0,12.3,0.0,0.0,0.10948905109489052,0.1,0.1,0.14,0.0,9.428571428571429,1.0,1.0,0.10948905109489052,0.2,0.1,0.14,2.0,9.142857142857142,0.0,0.0,0.11678832116788321,0.0,0.0,0.1,22.0,7.333333333333333,0.0,0.0,0.0948905109489051,0.2,0.2,0.08,1.0,11.166666666666666,0.0,1.0,0.072992700729927,0.0,0.05,0.04,11.0,13.0,0.0,0.0,0.072992700729927,0.0,0.0,0.06,33.0,9.11111111111111,0.0,0.0,0.06569343065693431,0.1,0.05,0.04,4.0,16.5,0.0,0.0,0.10218978102189781,0.2,0.1,0.1,0.0,10.461538461538462,1.0,1.0,0.10948905109489052,0.1,0.15,0.14,9.0,8.857142857142858,0.0,0.0,0.13138686131386862,0.1,0.15,0.14,6.0,7.470588235294118,0.0,0.0,0.0948905109489051,0.2,0.15,0.14,5.0,10.5,0.0,0.0,0.06569343065693431,0.1,0.05,0.08,0.0,15.25,1.0,1.0,0.08029197080291971,0.0,0.05,0.02,17.0,11.8,0.0,0.0,0.10218978102189781,0.1,0.15,0.14,7.0,9.76923076923077,0.0,0.0,0.12408759124087591,0.0,0.1,0.12,10.0,7.375,0.0,0.0,0.072992700729927,0.1,0.05,0.08,8.0,12.88888888888889,0.0,0.0,0.11678832116788321,0.1,0.25,0.16,0.0,9.066666666666666,1.0,1.0,0.13138686131386862,0.3,0.15,0.2,3.0,7.764705882352941,0.0,0.0,0.10218978102189781,0.0,0.05,0.08,15.0,9.307692307692308,0.0,0.0,0.0948905109489051,0.1,0.15,0.12,5.0,9.083333333333334,0.0,0.0,0.1897810218978102,0.1,0.15,0.14,0.0,5.24,1.0,1.0,0.10218978102189781,0.3,0.2,0.14,1.0,7.923076923076923,0.0,1.0,0.06569343065693431,0.0,0.0,0.04,34.0,11.75,0.0,0.0,0.10218978102189781,0.0,0.1,0.12,10.0,9.615384615384615,0.0,0.0,0.10218978102189781,0.0,0.1,0.16,12.0,8.923076923076923,0.0,0.0,0.072992700729927,0.1,0.05,0.06,3.0,13.555555555555555,0.0,0.0,0.0948905109489051,0.1,0.15,0.06,8.0,10.583333333333334,0.0,0.0,0.10948905109489052,0.1,0.05,0.12,2.0,8.928571428571429,0.0,0.0,0.145985401459854,0.2,0.2,0.14,3.0,6.368421052631579,0.0,0.0,0.12408759124087591,0.3,0.25,0.12,7.0,8.0625,0.0,0.0,0.10948905109489052,0.1,0.05,0.12,3.0,9.0,0.0,0.0,144.0,3.0,20.0,0.0,1.0,3.0,1.0,137.0,10.0,25.0,2.0,0,1,1,0,0,0,0,0,1,0,0,0,0,0,0,0,0,0,0,0,0,1,0,0,0,0,0,0,0,0,0,1,0,0,0,0,0,0,0,0,0,0,0,0,0,0,0,0
2023-11-01,0.15942028985507245,0.1,0.1,0.22,2.0,6.333333333333333,0.0,0.0,0.12318840579710146,0.4,0.3,0.18,0.0,8.375,1.0,1.0,0.10144927536231885,0.2,0.1,0.06,0.0,10.076923076923077,1.0,1.0,0.07971014492753623,0.1,0.05,0.06,7.0,10.0,0.0,0.0,0.11594202898550725,0.1,0.1,0.12,9.0,8.333333333333334,0.0,0.0,0.07246376811594203,0.0,0.05,0.04,14.0,13.222222222222221,0.0,0.0,0.10144927536231885,0.0,0.1,0.1,15.0,7.538461538461538,0.0,0.0,0.09420289855072464,0.0,0.05,0.08,14.0,9.666666666666666,0.0,0.0,0.15942028985507245,0.2,0.25,0.2,0.0,6.190476190476191,1.0,1.0,0.13043478260869565,0.1,0.15,0.1,6.0,7.117647058823529,0.0,0.0,0.13043478260869565,0.1,0.05,0.08,5.0,7.529411764705882,0.0,0.0,0.10869565217391304,0.2,0.15,0.12,3.0,9.0,0.0,0.0,0.09420289855072464,0.0,0.05,0.06,10.0,9.416666666666666,0.0,0.0,0.09420289855072464,0.0,0.0,0.06,39.0,6.083333333333333,0.0,0.0,0.10869565217391304,0.1,0.1,0.06,7.0,7.785714285714286,0.0,0.0,0.06521739130434782,0.1,0.05,0.04,8.0,15.5,0.0,0.0,0.07971014492753623,0.0,0.1,0.1,12.0,12.3,0.0,0.0,0.10869565217391304,0.1,0.1,0.14,1.0,9.428571428571429,0.0,1.0,0.10869565217391304,0.2,0.1,0.14,3.0,9.142857142857142,0.0,0.0,0.11594202898550725,0.0,0.0,0.1,23.0,7.333333333333333,0.0,0.0,0.09420289855072464,0.2,0.15,0.08,2.0,11.166666666666666,0.0,0.0,0.07971014492753623,0.1,0.1,0.06,0.0,12.9,1.0,1.0,0.07246376811594203,0.0,0.0,0.06,34.0,9.11111111111111,0.0,0.0,0.06521739130434782,0.1,0.05,0.04,5.0,16.5,0.0,0.0,0.10144927536231885,0.2,0.1,0.1,1.0,10.461538461538462,0.0,1.0,0.10869565217391304,0.0,0.15,0.14,10.0,8.857142857142858,0.0,0.0,0.13043478260869565,0.1,0.15,0.14,7.0,7.470588235294118,0.0,0.0,0.09420289855072464,0.2,0.15,0.12,6.0,10.5,0.0,0.0,0.06521739130434782,0.1,0.05,0.08,1.0,15.25,0.0,1.0,0.07971014492753623,0.0,0.05,0.02,18.0,11.8,0.0,0.0,0.10144927536231885,0.1,0.15,0.14,8.0,9.76923076923077,0.0,0.0,0.13043478260869565,0.1,0.15,0.14,0.0,7.588235294117647,1.0,1.0,0.07246376811594203,0.1,0.05,0.08,9.0,12.88888888888889,0.0,0.0,0.11594202898550725,0.1,0.2,0.16,1.0,9.066666666666666,0.0,1.0,0.13043478260869565,0.3,0.15,0.18,4.0,7.764705882352941,0.0,0.0,0.10144927536231885,0.0,0.05,0.08,16.0,9.307692307692308,0.0,0.0,0.09420289855072464,0.1,0.15,0.12,6.0,9.083333333333334,0.0,0.0,0.18840579710144928,0.1,0.1,0.14,1.0,5.24,0.0,1.0,0.10144927536231885,0.3,0.2,0.14,2.0,7.923076923076923,0.0,0.0,0.06521739130434782,0.0,0.0,0.04,35.0,11.75,0.0,0.0,0.10144927536231885,0.0,0.1,0.12,11.0,9.615384615384615,0.0,0.0,0.10144927536231885,0.0,0.1,0.16,13.0,8.923076923076923,0.0,0.0,0.07246376811594203,0.1,0.05,0.06,4.0,13.555555555555555,0.0,0.0,0.09420289855072464,0.1,0.15,0.06,9.0,10.583333333333334,0.0,0.0,0.10869565217391304,0.1,0.05,0.1,3.0,8.928571428571429,0.0,0.0,0.14492753623188406,0.2,0.15,0.14,4.0,6.368421052631579,0.0,0.0,0.12318840579710146,0.2,0.25,0.12,8.0,8.0625,0.0,0.0,0.10869565217391304,0.1,0.05,0.12,4.0,9.0,0.0,0.0,68.0,3.0,30.0,3.0,1.0,1.0,0.0,138.0,10.0,29.0,6.0,0,0,0,0,0,0,0,0,1,0,0,1,0,0,0,0,0,0,0,0,0,0,0,0,0,0,0,0,0,0,0,0,0,0,0,0,0,0,0,0,0,1,1,0,0,0,0,1
2023-11-05,0.15827338129496402,0.1,0.1,0.2,3.0,6.333333333333333,0.0,0.0,0.1223021582733813,0.4,0.25,0.18,1.0,8.375,0.0,1.0,0.10071942446043165,0.2,0.1,0.06,1.0,10.076923076923077,0.0,1.0,0.07913669064748201,0.1,0.05,0.06,8.0,10.0,0.0,0.0,0.11510791366906475,0.0,0.1,0.12,10.0,8.333333333333334,0.0,0.0,0.07194244604316546,0.0,0.05,0.04,15.0,13.222222222222221,0.0,0.0,0.10071942446043165,0.0,0.05,0.1,16.0,7.538461538461538,0.0,0.0,0.09352517985611511,0.0,0.05,0.08,15.0,9.666666666666666,0.0,0.0,0.16546762589928057,0.3,0.25,0.22,0.0,5.954545454545454,1.0,1.0,0.12949640287769784,0.1,0.15,0.1,7.0,7.117647058823529,0.0,0.0,0.12949640287769784,0.1,0.05,0.08,6.0,7.529411764705882,0.0,0.0,0.11510791366906475,0.2,0.2,0.14,0.0,8.666666666666666,1.0,1.0,0.09352517985611511,0.0,0.05,0.06,11.0,9.416666666666666,0.0,0.0,0.09352517985611511,0.0,0.0,0.06,40.0,6.083333333333333,0.0,0.0,0.1079136690647482,0.1,0.1,0.06,8.0,7.785714285714286,0.0,0.0,0.06474820143884892,0.1,0.05,0.04,9.0,15.5,0.0,0.0,0.07913669064748201,0.0,0.1,0.1,13.0,12.3,0.0,0.0,0.1079136690647482,0.1,0.1,0.12,2.0,9.428571428571429,0.0,0.0,0.1079136690647482,0.2,0.1,0.14,4.0,9.142857142857142,0.0,0.0,0.11510791366906475,0.0,0.0,0.1,24.0,7.333333333333333,0.0,0.0,0.09352517985611511,0.2,0.15,0.08,3.0,11.166666666666666,0.0,0.0,0.07913669064748201,0.1,0.1,0.06,1.0,12.9,0.0,1.0,0.07194244604316546,0.0,0.0,0.06,35.0,9.11111111111111,0.0,0.0,0.06474820143884892,0.1,0.05,0.04,6.0,16.5,0.0,0.0,0.10071942446043165,0.2,0.1,0.1,2.0,10.461538461538462,0.0,0.0,0.1079136690647482,0.0,0.15,0.14,11.0,8.857142857142858,0.0,0.0,0.12949640287769784,0.1,0.15,0.14,8.0,7.470588235294118,0.0,0.0,0.09352517985611511,0.2,0.15,0.1,7.0,10.5,0.0,0.0,0.06474820143884892,0.1,0.05,0.08,2.0,15.25,0.0,0.0,0.07913669064748201,0.0,0.05,0.02,19.0,11.8,0.0,0.0,0.10071942446043165,0.1,0.15,0.14,9.0,9.76923076923077,0.0,0.0,0.12949640287769784,0.1,0.15,0.14,1.0,7.588235294117647,0.0,1.0,0.07194244604316546,0.0,0.05,0.08,10.0,12.88888888888889,0.0,0.0,0.11510791366906475,0.1,0.15,0.16,2.0,9.066666666666666,0.0,0.0,0.12949640287769784,0.3,0.15,0.18,5.0,7.764705882352941,0.0,0.0,0.10071942446043165,0.0,0.05,0.08,17.0,9.307692307692308,0.0,0.0,0.09352517985611511,0.1,0.15,0.1,7.0,9.083333333333334,0.0,0.0,0.18705035971223022,0.1,0.1,0.14,2.0,5.24,0.0,0.0,0.10071942446043165,0.3,0.2,0.14,3.0,7.923076923076923,0.0,0.0,0.06474820143884892,0.0,0.0,0.04,36.0,11.75,0.0,0.0,0.10071942446043165,0.0,0.1,0.12,12.0,9.615384615384615,0.0,0.0,0.1079136690647482,0.1,0.15,0.18,0.0,9.285714285714286,1.0,1.0,0.07913669064748201,0.2,0.1,0.08,0.0,12.7,1.0,1.0,0.09352517985611511,0.0,0.15,0.06,10.0,10.583333333333334,0.0,0.0,0.1079136690647482,0.1,0.05,0.08,4.0,8.928571428571429,0.0,0.0,0.14388489208633093,0.2,0.15,0.14,5.0,6.368421052631579,0.0,0.0,0.1223021582733813,0.1,0.2,0.12,9.0,8.0625,0.0,0.0,0.11510791366906475,0.2,0.1,0.14,0.0,8.733333333333333,1.0,1.0,154.0,3.0,39.0,2.0,0.0,0.0,3.0,139.0,11.0,1.0,2.0,0,0,0,0,0,0,0,0,1,0,0,0,0,0,0,0,0,0,1,0,1,0,0,0,0,0,0,0,0,0,0,0,0,1,0,0,0,1,0,0,0,0,0,0,0,0,0,0
2023-11-08,0.15714285714285714,0.1,0.1,0.18,4.0,6.333333333333333,0.0,0.0,0.12142857142857143,0.3,0.25,0.18,2.0,8.375,0.0,0.0,0.1,0.2,0.1,0.06,2.0,10.076923076923077,0.0,0.0,0.07857142857142857,0.1,0.05,0.06,9.0,10.0,0.0,0.0,0.11428571428571428,0.0,0.1,0.12,11.0,8.333333333333334,0.0,0.0,0.07142857142857142,0.0,0.05,0.04,16.0,13.222222222222221,0.0,0.0,0.1,0.0,0.05,0.1,17.0,7.538461538461538,0.0,0.0,0.09285714285714286,0.0,0.05,0.08,16.0,9.666666666666666,0.0,0.0,0.17142857142857143,0.4,0.3,0.24,0.0,5.739130434782608,1.0,1.0,0.12857142857142856,0.1,0.15,0.1,8.0,7.117647058823529,0.0,0.0,0.12857142857142856,0.1,0.05,0.08,7.0,7.529411764705882,0.0,0.0,0.11428571428571428,0.2,0.2,0.14,1.0,8.666666666666666,0.0,1.0,0.09285714285714286,0.0,0.05,0.06,12.0,9.416666666666666,0.0,0.0,0.09285714285714286,0.0,0.0,0.04,41.0,6.083333333333333,0.0,0.0,0.10714285714285714,0.1,0.1,0.06,9.0,7.785714285714286,0.0,0.0,0.06428571428571428,0.0,0.05,0.04,10.0,15.5,0.0,0.0,0.07857142857142857,0.0,0.1,0.1,14.0,12.3,0.0,0.0,0.10714285714285714,0.1,0.1,0.12,3.0,9.428571428571429,0.0,0.0,0.11428571428571428,0.3,0.15,0.16,0.0,8.866666666666667,1.0,1.0,0.11428571428571428,0.0,0.0,0.1,25.0,7.333333333333333,0.0,0.0,0.1,0.3,0.2,0.1,0.0,10.615384615384615,1.0,1.0,0.07857142857142857,0.1,0.1,0.06,2.0,12.9,0.0,0.0,0.07142857142857142,0.0,0.0,0.04,36.0,9.11111111111111,0.0,0.0,0.06428571428571428,0.1,0.05,0.04,7.0,16.5,0.0,0.0,0.1,0.2,0.1,0.1,3.0,10.461538461538462,0.0,0.0,0.10714285714285714,0.0,0.15,0.14,12.0,8.857142857142858,0.0,0.0,0.12857142857142856,0.1,0.15,0.14,9.0,7.470588235294118,0.0,0.0,0.09285714285714286,0.2,0.1,0.1,8.0,10.5,0.0,0.0,0.06428571428571428,0.1,0.05,0.08,3.0,15.25,0.0,0.0,0.07857142857142857,0.0,0.0,0.02,20.0,11.8,0.0,0.0,0.1,0.0,0.15,0.14,10.0,9.76923076923077,0.0,0.0,0.12857142857142856,0.1,0.15,0.14,2.0,7.588235294117647,0.0,0.0,0.07142857142857142,0.0,0.05,0.08,11.0,12.88888888888889,0.0,0.0,0.12142857142857143,0.2,0.15,0.18,0.0,8.6875,1.0,1.0,0.12857142857142856,0.2,0.15,0.18,6.0,7.764705882352941,0.0,0.0,0.1,0.0,0.05,0.08,18.0,9.307692307692308,0.0,0.0,0.09285714285714286,0.1,0.1,0.1,8.0,9.083333333333334,0.0,0.0,0.19285714285714287,0.2,0.15,0.16,0.0,5.153846153846154,1.0,1.0,0.1,0.3,0.2,0.12,4.0,7.923076923076923,0.0,0.0,0.06428571428571428,0.0,0.0,0.02,37.0,11.75,0.0,0.0,0.1,0.0,0.1,0.12,13.0,9.615384615384615,0.0,0.0,0.10714285714285714,0.1,0.15,0.18,1.0,9.285714285714286,0.0,1.0,0.07857142857142857,0.2,0.1,0.08,1.0,12.7,0.0,1.0,0.09285714285714286,0.0,0.1,0.06,11.0,10.583333333333334,0.0,0.0,0.10714285714285714,0.1,0.05,0.08,5.0,8.928571428571429,0.0,0.0,0.14285714285714285,0.2,0.15,0.14,6.0,6.368421052631579,0.0,0.0,0.12142857142857143,0.0,0.2,0.12,10.0,8.0625,0.0,0.0,0.11428571428571428,0.2,0.1,0.14,1.0,8.733333333333333,0.0,1.0,121.0,2.0,29.0,1.0,2.0,1.0,1.0,140.0,11.0,5.0,6.0,0,0,0,0,0,0,0,0,0,0,0,0,0,0,0,0,0,1,0,0,0,0,1,0,0,0,0,0,0,1,0,0,0,0,0,0,0,0,0,0,0,0,0,0,1,0,1,0
2023-11-12,0.15602836879432624,0.1,0.1,0.16,5.0,6.333333333333333,0.0,0.0,0.12056737588652482,0.3,0.25,0.18,3.0,8.375,0.0,0.0,0.09929078014184398,0.2,0.1,0.06,3.0,10.076923076923077,0.0,0.0,0.07801418439716312,0.0,0.05,0.06,10.0,10.0,0.0,0.0,0.11347517730496454,0.0,0.05,0.12,12.0,8.333333333333334,0.0,0.0,0.07092198581560284,0.0,0.05,0.04,17.0,13.222222222222221,0.0,0.0,0.09929078014184398,0.0,0.05,0.1,18.0,7.538461538461538,0.0,0.0,0.09219858156028368,0.0,0.05,0.08,17.0,9.666666666666666,0.0,0.0,0.1702127659574468,0.4,0.3,0.24,1.0,5.739130434782608,0.0,1.0,0.1276595744680851,0.1,0.15,0.1,9.0,7.117647058823529,0.0,0.0,0.1276595744680851,0.1,0.05,0.08,8.0,7.529411764705882,0.0,0.0,0.11347517730496454,0.2,0.2,0.14,2.0,8.666666666666666,0.0,0.0,0.09219858156028368,0.0,0.05,0.06,13.0,9.416666666666666,0.0,0.0,0.09219858156028368,0.0,0.0,0.02,42.0,6.083333333333333,0.0,0.0,0.10638297872340426,0.0,0.1,0.06,10.0,7.785714285714286,0.0,0.0,0.06382978723404255,0.0,0.05,0.04,11.0,15.5,0.0,0.0,0.07801418439716312,0.0,0.1,0.1,15.0,12.3,0.0,0.0,0.11347517730496454,0.2,0.1,0.14,0.0,9.066666666666666,1.0,1.0,0.11347517730496454,0.3,0.15,0.16,1.0,8.866666666666667,0.0,1.0,0.11347517730496454,0.0,0.0,0.1,26.0,7.333333333333333,0.0,0.0,0.09929078014184398,0.3,0.2,0.1,1.0,10.615384615384615,0.0,1.0,0.07801418439716312,0.1,0.1,0.06,3.0,12.9,0.0,0.0,0.07801418439716312,0.1,0.05,0.06,0.0,11.9,1.0,1.0,0.06382978723404255,0.1,0.05,0.04,8.0,16.5,0.0,0.0,0.09929078014184398,0.2,0.1,0.1,4.0,10.461538461538462,0.0,0.0,0.10638297872340426,0.0,0.1,0.14,13.0,8.857142857142858,0.0,0.0,0.1276595744680851,0.0,0.15,0.12,10.0,7.470588235294118,0.0,0.0,0.09219858156028368,0.1,0.1,0.1,9.0,10.5,0.0,0.0,0.06382978723404255,0.1,0.05,0.08,4.0,15.25,0.0,0.0,0.0851063829787234,0.1,0.05,0.04,0.0,12.636363636363637,1.0,1.0,0.09929078014184398,0.0,0.15,0.14,11.0,9.76923076923077,0.0,0.0,0.1276595744680851,0.1,0.15,0.14,3.0,7.588235294117647,0.0,0.0,0.07092198581560284,0.0,0.05,0.08,12.0,12.88888888888889,0.0,0.0,0.12056737588652482,0.2,0.15,0.18,1.0,8.6875,0.0,1.0,0.1276595744680851,0.2,0.15,0.16,7.0,7.764705882352941,0.0,0.0,0.09929078014184398,0.0,0.05,0.08,19.0,9.307692307692308,0.0,0.0,0.09219858156028368,0.1,0.1,0.1,9.0,9.083333333333334,0.0,0.0,0.19148936170212766,0.2,0.15,0.16,1.0,5.153846153846154,0.0,1.0,0.09929078014184398,0.2,0.2,0.12,5.0,7.923076923076923,0.0,0.0,0.06382978723404255,0.0,0.0,0.02,38.0,11.75,0.0,0.0,0.09929078014184398,0.0,0.1,0.12,14.0,9.615384615384615,0.0,0.0,0.10638297872340426,0.1,0.15,0.18,2.0,9.285714285714286,0.0,0.0,0.07801418439716312,0.2,0.1,0.08,2.0,12.7,0.0,0.0,0.09219858156028368,0.0,0.05,0.06,12.0,10.583333333333334,0.0,0.0,0.11347517730496454,0.2,0.1,0.1,0.0,8.733333333333333,1.0,1.0,0.14184397163120568,0.2,0.1,0.14,7.0,6.368421052631579,0.0,0.0,0.1276595744680851,0.1,0.25,0.14,0.0,8.235294117647058,1.0,1.0,0.11347517730496454,0.2,0.1,0.12,2.0,8.733333333333333,0.0,0.0,163.0,2.0,29.0,0.0,2.0,1.0,2.0,141.0,11.0,8.0,2.0,1,0,0,0,0,0,0,0,0,1,0,0,0,0,0,0,0,0,0,1,0,0,0,0,0,0,0,0,0,0,0,0,1,0,0,0,0,0,0,0,0,0,0,0,0,1,0,0
2023-11-15,0.1619718309859155,0.2,0.15,0.18,0.0,6.318181818181818,1.0,1.0,0.11971830985915492,0.3,0.25,0.18,4.0,8.375,0.0,0.0,0.09859154929577464,0.2,0.1,0.06,4.0,10.076923076923077,0.0,0.0,0.07746478873239436,0.0,0.05,0.04,11.0,10.0,0.0,0.0,0.11267605633802817,0.0,0.05,0.12,13.0,8.333333333333334,0.0,0.0,0.07042253521126761,0.0,0.05,0.04,18.0,13.222222222222221,0.0,0.0,0.09859154929577464,0.0,0.05,0.08,19.0,7.538461538461538,0.0,0.0,0.09154929577464789,0.0,0.05,0.08,18.0,9.666666666666666,0.0,0.0,0.16901408450704225,0.4,0.25,0.24,2.0,5.739130434782608,0.0,0.0,0.13380281690140844,0.1,0.15,0.1,0.0,7.277777777777778,1.0,1.0,0.1267605633802817,0.1,0.05,0.08,9.0,7.529411764705882,0.0,0.0,0.11267605633802817,0.2,0.2,0.14,3.0,8.666666666666666,0.0,0.0,0.09154929577464789,0.0,0.05,0.04,14.0,9.416666666666666,0.0,0.0,0.09154929577464789,0.0,0.0,0.02,43.0,6.083333333333333,0.0,0.0,0.1056338028169014,0.0,0.1,0.06,11.0,7.785714285714286,0.0,0.0,0.06338028169014084,0.0,0.05,0.04,12.0,15.5,0.0,0.0,0.07746478873239436,0.0,0.1,0.1,16.0,12.3,0.0,0.0,0.11267605633802817,0.2,0.1,0.14,1.0,9.066666666666666,0.0,1.0,0.11267605633802817,0.2,0.15,0.16,2.0,8.866666666666667,0.0,0.0,0.11971830985915492,0.1,0.05,0.12,0.0,8.5625,1.0,1.0,0.09859154929577464,0.2,0.2,0.1,2.0,10.615384615384615,0.0,0.0,0.07746478873239436,0.1,0.1,0.06,4.0,12.9,0.0,0.0,0.07746478873239436,0.1,0.05,0.06,1.0,11.9,0.0,1.0,0.06338028169014084,0.1,0.05,0.04,9.0,16.5,0.0,0.0,0.09859154929577464,0.2,0.1,0.1,5.0,10.461538461538462,0.0,0.0,0.1056338028169014,0.0,0.1,0.14,14.0,8.857142857142858,0.0,0.0,0.1267605633802817,0.0,0.15,0.12,11.0,7.470588235294118,0.0,0.0,0.09154929577464789,0.0,0.1,0.1,10.0,10.5,0.0,0.0,0.06338028169014084,0.1,0.05,0.08,5.0,15.25,0.0,0.0,0.08450704225352113,0.1,0.05,0.04,1.0,12.636363636363637,0.0,1.0,0.09859154929577464,0.0,0.15,0.14,12.0,9.76923076923077,0.0,0.0,0.1267605633802817,0.1,0.15,0.14,4.0,7.588235294117647,0.0,0.0,0.07746478873239436,0.1,0.1,0.1,0.0,12.9,1.0,1.0,0.11971830985915492,0.2,0.1,0.18,2.0,8.6875,0.0,0.0,0.1267605633802817,0.2,0.15,0.16,8.0,7.764705882352941,0.0,0.0,0.09859154929577464,0.0,0.0,0.08,20.0,9.307692307692308,0.0,0.0,0.09154929577464789,0.0,0.1,0.1,10.0,9.083333333333334,0.0,0.0,0.19014084507042253,0.2,0.15,0.16,2.0,5.153846153846154,0.0,0.0,0.09859154929577464,0.2,0.2,0.12,6.0,7.923076923076923,0.0,0.0,0.06338028169014084,0.0,0.0,0.02,39.0,11.75,0.0,0.0,0.09859154929577464,0.0,0.05,0.1,15.0,9.615384615384615,0.0,0.0,0.1056338028169014,0.1,0.15,0.18,3.0,9.285714285714286,0.0,0.0,0.07746478873239436,0.2,0.1,0.08,3.0,12.7,0.0,0.0,0.09154929577464789,0.0,0.05,0.06,13.0,10.583333333333334,0.0,0.0,0.11267605633802817,0.2,0.1,0.1,1.0,8.733333333333333,0.0,1.0,0.14788732394366197,0.3,0.15,0.16,0.0,6.45,1.0,1.0,0.1267605633802817,0.1,0.25,0.14,1.0,8.235294117647058,0.0,1.0,0.11267605633802817,0.2,0.1,0.12,3.0,8.733333333333333,0.0,0.0,110.0,3.0,45.0,2.0,1.0,1.0,1.0,142.0,11.0,12.0,6.0,0,0,1,0,0,0,1,0,0,0,0,0,0,0,0,0,0,0,0,0,0,0,0,0,0,0,0,0,0,0,0,1,0,0,1,0,1,0,0,0,0,0,0,0,0,0,0,0
2023-11-19,0.16083916083916083,0.2,0.15,0.18,1.0,6.318181818181818,0.0,1.0,0.11888111888111888,0.2,0.25,0.18,5.0,8.375,0.0,0.0,0.1048951048951049,0.3,0.15,0.08,0.0,9.714285714285714,1.0,1.0,0.07692307692307693,0.0,0.05,0.04,12.0,10.0,0.0,0.0,0.11188811188811189,0.0,0.05,0.12,14.0,8.333333333333334,0.0,0.0,0.06993006993006994,0.0,0.05,0.04,19.0,13.222222222222221,0.0,0.0,0.1048951048951049,0.1,0.05,0.1,0.0,8.428571428571429,1.0,1.0,0.09090909090909091,0.0,0.05,0.08,19.0,9.666666666666666,0.0,0.0,0.16783216783216784,0.4,0.25,0.22,3.0,5.739130434782608,0.0,0.0,0.13286713286713286,0.1,0.15,0.1,1.0,7.277777777777778,0.0,1.0,0.1258741258741259,0.0,0.05,0.08,10.0,7.529411764705882,0.0,0.0,0.11188811188811189,0.2,0.2,0.12,4.0,8.666666666666666,0.0,0.0,0.09090909090909091,0.0,0.05,0.04,15.0,9.416666666666666,0.0,0.0,0.09090909090909091,0.0,0.0,0.02,44.0,6.083333333333333,0.0,0.0,0.1048951048951049,0.0,0.05,0.06,12.0,7.785714285714286,0.0,0.0,0.06293706293706294,0.0,0.05,0.04,13.0,15.5,0.0,0.0,0.07692307692307693,0.0,0.1,0.1,17.0,12.3,0.0,0.0,0.11188811188811189,0.2,0.1,0.14,2.0,9.066666666666666,0.0,0.0,0.11188811188811189,0.2,0.15,0.16,3.0,8.866666666666667,0.0,0.0,0.11888111888111888,0.1,0.05,0.12,1.0,8.5625,0.0,1.0,0.0979020979020979,0.2,0.2,0.1,3.0,10.615384615384615,0.0,0.0,0.07692307692307693,0.1,0.1,0.06,5.0,12.9,0.0,0.0,0.07692307692307693,0.1,0.05,0.04,2.0,11.9,0.0,0.0,0.06293706293706294,0.0,0.05,0.04,10.0,16.5,0.0,0.0,0.0979020979020979,0.2,0.1,0.1,6.0,10.461538461538462,0.0,0.0,0.1048951048951049,0.0,0.1,0.14,15.0,8.857142857142858,0.0,0.0,0.1258741258741259,0.0,0.15,0.12,12.0,7.470588235294118,0.0,0.0,0.09090909090909091,0.0,0.1,0.1,11.0,10.5,0.0,0.0,0.06293706293706294,0.1,0.05,0.08,6.0,15.25,0.0,0.0,0.08391608391608392,0.1,0.05,0.04,2.0,12.636363636363637,0.0,0.0,0.0979020979020979,0.0,0.15,0.14,13.0,9.76923076923077,0.0,0.0,0.13286713286713286,0.2,0.2,0.16,0.0,7.444444444444445,1.0,1.0,0.07692307692307693,0.1,0.1,0.08,1.0,12.9,0.0,1.0,0.11888111888111888,0.2,0.1,0.18,3.0,8.6875,0.0,0.0,0.13286713286713286,0.2,0.2,0.18,0.0,7.833333333333333,1.0,1.0,0.0979020979020979,0.0,0.0,0.08,21.0,9.307692307692308,0.0,0.0,0.0979020979020979,0.1,0.15,0.12,0.0,9.23076923076923,1.0,1.0,0.1888111888111888,0.2,0.1,0.16,3.0,5.153846153846154,0.0,0.0,0.0979020979020979,0.2,0.2,0.12,7.0,7.923076923076923,0.0,0.0,0.06293706293706294,0.0,0.0,0.02,40.0,11.75,0.0,0.0,0.0979020979020979,0.0,0.05,0.1,16.0,9.615384615384615,0.0,0.0,0.1048951048951049,0.1,0.1,0.18,4.0,9.285714285714286,0.0,0.0,0.07692307692307693,0.2,0.1,0.08,4.0,12.7,0.0,0.0,0.09090909090909091,0.0,0.05,0.06,14.0,10.583333333333334,0.0,0.0,0.11188811188811189,0.2,0.1,0.08,2.0,8.733333333333333,0.0,0.0,0.14685314685314685,0.2,0.15,0.16,1.0,6.45,0.0,1.0,0.1258741258741259,0.1,0.2,0.14,2.0,8.235294117647058,0.0,0.0,0.11188811188811189,0.2,0.1,0.12,4.0,8.733333333333333,0.0,0.0,114.0,1.0,34.0,2.0,0.0,2.0,1.0,143.0,11.0,15.0,2.0,1,0,0,0,0,1,0,0,0,0,0,0,0,0,0,1,0,0,0,0,0,0,0,0,0,0,1,1,0,0,0,0,0,0,0,0,0,0,0,0,0,0,0,0,0,0,0,0
2023-11-22,0.16666666666666666,0.3,0.2,0.2,0.0,6.130434782608695,1.0,1.0,0.11805555555555555,0.2,0.25,0.18,6.0,8.375,0.0,0.0,0.10416666666666667,0.3,0.15,0.08,1.0,9.714285714285714,0.0,1.0,0.0763888888888889,0.0,0.05,0.04,13.0,10.0,0.0,0.0,0.1111111111111111,0.0,0.05,0.12,15.0,8.333333333333334,0.0,0.0,0.0763888888888889,0.1,0.05,0.06,0.0,13.9,1.0,1.0,0.10416666666666667,0.1,0.05,0.1,1.0,8.428571428571429,0.0,1.0,0.09027777777777778,0.0,0.0,0.08,20.0,9.666666666666666,0.0,0.0,0.16666666666666666,0.4,0.25,0.2,4.0,5.739130434782608,0.0,0.0,0.13194444444444445,0.1,0.15,0.1,2.0,7.277777777777778,0.0,0.0,0.125,0.0,0.05,0.06,11.0,7.529411764705882,0.0,0.0,0.1111111111111111,0.2,0.2,0.12,5.0,8.666666666666666,0.0,0.0,0.09027777777777778,0.0,0.05,0.04,16.0,9.416666666666666,0.0,0.0,0.09027777777777778,0.0,0.0,0.02,45.0,6.083333333333333,0.0,0.0,0.10416666666666667,0.0,0.05,0.06,13.0,7.785714285714286,0.0,0.0,0.06944444444444445,0.1,0.1,0.06,0.0,15.333333333333334,1.0,1.0,0.0763888888888889,0.0,0.1,0.1,18.0,12.3,0.0,0.0,0.1111111111111111,0.2,0.1,0.14,3.0,9.066666666666666,0.0,0.0,0.1111111111111111,0.2,0.15,0.16,4.0,8.866666666666667,0.0,0.0,0.11805555555555555,0.1,0.05,0.12,2.0,8.5625,0.0,0.0,0.09722222222222222,0.2,0.2,0.1,4.0,10.615384615384615,0.0,0.0,0.0763888888888889,0.1,0.1,0.06,6.0,12.9,0.0,0.0,0.0763888888888889,0.1,0.05,0.04,3.0,11.9,0.0,0.0,0.0625,0.0,0.05,0.04,11.0,16.5,0.0,0.0,0.09722222222222222,0.2,0.1,0.1,7.0,10.461538461538462,0.0,0.0,0.10416666666666667,0.0,0.1,0.14,16.0,8.857142857142858,0.0,0.0,0.13194444444444445,0.1,0.15,0.14,0.0,7.777777777777778,1.0,1.0,0.09722222222222222,0.1,0.15,0.12,0.0,10.615384615384615,1.0,1.0,0.0625,0.1,0.05,0.08,7.0,15.25,0.0,0.0,0.08333333333333333,0.1,0.05,0.04,3.0,12.636363636363637,0.0,0.0,0.09722222222222222,0.0,0.1,0.14,14.0,9.76923076923077,0.0,0.0,0.13194444444444445,0.2,0.2,0.16,1.0,7.444444444444445,0.0,1.0,0.0763888888888889,0.1,0.1,0.08,2.0,12.9,0.0,0.0,0.11805555555555555,0.2,0.1,0.18,4.0,8.6875,0.0,0.0,0.13194444444444445,0.1,0.2,0.18,1.0,7.833333333333333,0.0,1.0,0.09722222222222222,0.0,0.0,0.08,22.0,9.307692307692308,0.0,0.0,0.09722222222222222,0.1,0.15,0.12,1.0,9.23076923076923,0.0,1.0,0.1875,0.2,0.1,0.14,4.0,5.153846153846154,0.0,0.0,0.09722222222222222,0.1,0.15,0.1,8.0,7.923076923076923,0.0,0.0,0.0625,0.0,0.0,0.02,41.0,11.75,0.0,0.0,0.09722222222222222,0.0,0.05,0.1,17.0,9.615384615384615,0.0,0.0,0.10416666666666667,0.1,0.1,0.18,5.0,9.285714285714286,0.0,0.0,0.0763888888888889,0.1,0.1,0.08,5.0,12.7,0.0,0.0,0.09027777777777778,0.0,0.05,0.06,15.0,10.583333333333334,0.0,0.0,0.1111111111111111,0.2,0.1,0.08,3.0,8.733333333333333,0.0,0.0,0.14583333333333334,0.1,0.15,0.14,2.0,6.45,0.0,0.0,0.125,0.1,0.2,0.14,3.0,8.235294117647058,0.0,0.0,0.1111111111111111,0.1,0.1,0.12,5.0,8.733333333333333,0.0,0.0,78.0,3.0,27.0,2.0,1.0,2.0,0.0,144.0,11.0,19.0,6.0,0,0,0,0,0,1,1,0,0,0,0,0,0,0,1,0,1,0,0,0,0,0,0,1,0,0,0,0,0,0,0,0,0,0,0,0,0,0,0,0,0,0,0,0,0,0,0,0
2023-11-26,0.16551724137931034,0.3,0.2,0.2,1.0,6.130434782608695,0.0,1.0,0.11724137931034483,0.2,0.25,0.18,7.0,8.375,0.0,0.0,0.10344827586206896,0.2,0.15,0.08,2.0,9.714285714285714,0.0,0.0,0.07586206896551724,0.0,0.05,0.04,14.0,10.0,0.0,0.0,0.1103448275862069,0.0,0.05,0.12,16.0,8.333333333333334,0.0,0.0,0.08275862068965517,0.2,0.1,0.08,0.0,12.727272727272727,1.0,1.0,0.1103448275862069,0.2,0.1,0.12,0.0,8.0,1.0,1.0,0.0896551724137931,0.0,0.0,0.06,21.0,9.666666666666666,0.0,0.0,0.16551724137931034,0.3,0.25,0.2,5.0,5.739130434782608,0.0,0.0,0.1310344827586207,0.1,0.15,0.1,3.0,7.277777777777778,0.0,0.0,0.12413793103448276,0.0,0.05,0.06,12.0,7.529411764705882,0.0,0.0,0.1103448275862069,0.1,0.2,0.12,6.0,8.666666666666666,0.0,0.0,0.0896551724137931,0.0,0.05,0.04,17.0,9.416666666666666,0.0,0.0,0.0896551724137931,0.0,0.0,0.02,46.0,6.083333333333333,0.0,0.0,0.1103448275862069,0.1,0.1,0.08,0.0,8.2,1.0,1.0,0.06896551724137931,0.1,0.1,0.06,1.0,15.333333333333334,0.0,1.0,0.08275862068965517,0.1,0.1,0.12,0.0,12.909090909090908,1.0,1.0,0.1103448275862069,0.2,0.1,0.14,4.0,9.066666666666666,0.0,0.0,0.1103448275862069,0.1,0.15,0.16,5.0,8.866666666666667,0.0,0.0,0.11724137931034483,0.1,0.05,0.1,3.0,8.5625,0.0,0.0,0.09655172413793103,0.2,0.2,0.1,5.0,10.615384615384615,0.0,0.0,0.07586206896551724,0.1,0.1,0.06,7.0,12.9,0.0,0.0,0.07586206896551724,0.1,0.05,0.04,4.0,11.9,0.0,0.0,0.06896551724137931,0.1,0.1,0.06,0.0,16.0,1.0,1.0,0.09655172413793103,0.2,0.1,0.1,8.0,10.461538461538462,0.0,0.0,0.10344827586206896,0.0,0.1,0.14,17.0,8.857142857142858,0.0,0.0,0.1310344827586207,0.1,0.15,0.14,1.0,7.777777777777778,0.0,1.0,0.09655172413793103,0.1,0.15,0.12,1.0,10.615384615384615,0.0,1.0,0.06206896551724138,0.1,0.05,0.08,8.0,15.25,0.0,0.0,0.08275862068965517,0.1,0.05,0.04,4.0,12.636363636363637,0.0,0.0,0.09655172413793103,0.0,0.05,0.14,15.0,9.76923076923077,0.0,0.0,0.1310344827586207,0.2,0.15,0.16,2.0,7.444444444444445,0.0,0.0,0.07586206896551724,0.1,0.1,0.08,3.0,12.9,0.0,0.0,0.11724137931034483,0.2,0.1,0.18,5.0,8.6875,0.0,0.0,0.1310344827586207,0.1,0.2,0.18,2.0,7.833333333333333,0.0,0.0,0.09655172413793103,0.0,0.0,0.06,23.0,9.307692307692308,0.0,0.0,0.09655172413793103,0.1,0.1,0.12,2.0,9.23076923076923,0.0,0.0,0.18620689655172415,0.2,0.1,0.14,5.0,5.153846153846154,0.0,0.0,0.09655172413793103,0.1,0.15,0.1,9.0,7.923076923076923,0.0,0.0,0.06206896551724138,0.0,0.0,0.02,42.0,11.75,0.0,0.0,0.09655172413793103,0.0,0.05,0.1,18.0,9.615384615384615,0.0,0.0,0.10344827586206896,0.1,0.05,0.16,6.0,9.285714285714286,0.0,0.0,0.07586206896551724,0.1,0.1,0.06,6.0,12.7,0.0,0.0,0.0896551724137931,0.0,0.05,0.06,16.0,10.583333333333334,0.0,0.0,0.1103448275862069,0.1,0.1,0.08,4.0,8.733333333333333,0.0,0.0,0.14482758620689656,0.1,0.15,0.14,3.0,6.45,0.0,0.0,0.12413793103448276,0.1,0.2,0.14,4.0,8.235294117647058,0.0,0.0,0.1103448275862069,0.1,0.1,0.12,6.0,8.733333333333333,0.0,0.0,69.0,2.0,18.0,2.0,3.0,0.0,0.0,145.0,11.0,22.0,2.0,0,0,0,0,0,0,1,0,0,1,0,0,0,0,0,0,1,0,0,0,0,0,0,0,0,0,0,0,0,0,0,0,0,0,0,0,0,1,0,0,0,0,0,0,0,0,0,1
2023-11-29,0.1643835616438356,0.2,0.2,0.2,2.0,6.130434782608695,0.0,0.0,0.11643835616438356,0.1,0.2,0.18,8.0,8.375,0.0,0.0,0.10273972602739725,0.2,0.15,0.08,3.0,9.714285714285714,0.0,0.0,0.07534246575342465,0.0,0.05,0.04,15.0,10.0,0.0,0.0,0.1095890410958904,0.0,0.05,0.12,17.0,8.333333333333334,0.0,0.0,0.0821917808219178,0.2,0.1,0.08,1.0,12.727272727272727,0.0,1.0,0.11643835616438356,0.3,0.15,0.12,0.0,7.5625,1.0,1.0,0.08904109589041095,0.0,0.0,0.06,22.0,9.666666666666666,0.0,0.0,0.1643835616438356,0.3,0.25,0.2,6.0,5.739130434782608,0.0,0.0,0.136986301369863,0.2,0.2,0.12,0.0,7.105263157894737,1.0,1.0,0.1232876712328767,0.0,0.05,0.06,13.0,7.529411764705882,0.0,0.0,0.1095890410958904,0.1,0.2,0.12,7.0,8.666666666666666,0.0,0.0,0.08904109589041095,0.0,0.05,0.04,18.0,9.416666666666666,0.0,0.0,0.08904109589041095,0.0,0.0,0.02,47.0,6.083333333333333,0.0,0.0,0.1095890410958904,0.1,0.1,0.08,1.0,8.2,0.0,1.0,0.0684931506849315,0.1,0.1,0.06,2.0,15.333333333333334,0.0,0.0,0.08904109589041095,0.2,0.1,0.14,0.0,11.916666666666666,1.0,1.0,0.1095890410958904,0.2,0.1,0.14,5.0,9.066666666666666,0.0,0.0,0.1095890410958904,0.1,0.15,0.16,6.0,8.866666666666667,0.0,0.0,0.11643835616438356,0.1,0.05,0.1,4.0,8.5625,0.0,0.0,0.0958904109589041,0.1,0.2,0.1,6.0,10.615384615384615,0.0,0.0,0.07534246575342465,0.1,0.05,0.06,8.0,12.9,0.0,0.0,0.07534246575342465,0.1,0.05,0.04,5.0,11.9,0.0,0.0,0.0684931506849315,0.1,0.1,0.06,1.0,16.0,0.0,1.0,0.0958904109589041,0.1,0.1,0.1,9.0,10.461538461538462,0.0,0.0,0.10273972602739725,0.0,0.05,0.14,18.0,8.857142857142858,0.0,0.0,0.13013698630136986,0.1,0.1,0.14,2.0,7.777777777777778,0.0,0.0,0.0958904109589041,0.1,0.15,0.12,2.0,10.615384615384615,0.0,0.0,0.06164383561643835,0.1,0.05,0.08,9.0,15.25,0.0,0.0,0.0821917808219178,0.1,0.05,0.04,5.0,12.636363636363637,0.0,0.0,0.0958904109589041,0.0,0.05,0.14,16.0,9.76923076923077,0.0,0.0,0.13013698630136986,0.2,0.15,0.16,3.0,7.444444444444445,0.0,0.0,0.07534246575342465,0.1,0.1,0.08,4.0,12.9,0.0,0.0,0.11643835616438356,0.2,0.1,0.18,6.0,8.6875,0.0,0.0,0.13013698630136986,0.1,0.2,0.16,3.0,7.833333333333333,0.0,0.0,0.0958904109589041,0.0,0.0,0.04,24.0,9.307692307692308,0.0,0.0,0.0958904109589041,0.1,0.1,0.12,3.0,9.23076923076923,0.0,0.0,0.1917808219178082,0.3,0.15,0.14,0.0,5.185185185185185,1.0,1.0,0.0958904109589041,0.0,0.15,0.1,10.0,7.923076923076923,0.0,0.0,0.06164383561643835,0.0,0.0,0.02,43.0,11.75,0.0,0.0,0.0958904109589041,0.0,0.05,0.1,19.0,9.615384615384615,0.0,0.0,0.10273972602739725,0.1,0.05,0.14,7.0,9.285714285714286,0.0,0.0,0.07534246575342465,0.1,0.1,0.06,7.0,12.7,0.0,0.0,0.08904109589041095,0.0,0.05,0.06,17.0,10.583333333333334,0.0,0.0,0.1095890410958904,0.1,0.1,0.08,5.0,8.733333333333333,0.0,0.0,0.14383561643835616,0.1,0.15,0.14,4.0,6.45,0.0,0.0,0.1232876712328767,0.1,0.2,0.14,5.0,8.235294117647058,0.0,0.0,0.11643835616438356,0.2,0.15,0.14,0.0,8.625,1.0,1.0,120.0,3.0,41.0,2.0,1.0,0.0,2.0,146.0,11.0,26.0,6.0,0,0,0,0,1,0,0,0,0,0,0,0,0,0,0,0,1,0,0,1,0,0,0,0,0,0,0,1,0,0,0,1,0,0,0,0,0,0,0,0,0,0,0,0,0,0,0,0
2023-12-03,0.16326530612244897,0.2,0.2,0.18,3.0,6.130434782608695,0.0,0.0,0.11564625850340136,0.1,0.2,0.16,9.0,8.375,0.0,0.0,0.10204081632653061,0.2,0.15,0.08,4.0,9.714285714285714,0.0,0.0,0.07482993197278912,0.0,0.05,0.04,16.0,10.0,0.0,0.0,0.11564625850340136,0.1,0.1,0.12,0.0,8.9375,1.0,1.0,0.08163265306122448,0.2,0.1,0.08,2.0,12.727272727272727,0.0,0.0,0.11564625850340136,0.3,0.15,0.1,1.0,7.5625,0.0,1.0,0.08843537414965986,0.0,0.0,0.06,23.0,9.666666666666666,0.0,0.0,0.16326530612244897,0.3,0.2,0.2,7.0,5.739130434782608,0.0,0.0,0.1360544217687075,0.2,0.2,0.12,1.0,7.105263157894737,0.0,1.0,0.12244897959183673,0.0,0.05,0.06,14.0,7.529411764705882,0.0,0.0,0.10884353741496598,0.1,0.15,0.12,8.0,8.666666666666666,0.0,0.0,0.08843537414965986,0.0,0.05,0.04,19.0,9.416666666666666,0.0,0.0,0.08843537414965986,0.0,0.0,0.02,48.0,6.083333333333333,0.0,0.0,0.10884353741496598,0.1,0.1,0.08,2.0,8.2,0.0,0.0,0.06802721088435375,0.1,0.1,0.06,3.0,15.333333333333334,0.0,0.0,0.09523809523809523,0.3,0.15,0.16,0.0,11.076923076923077,1.0,1.0,0.10884353741496598,0.1,0.1,0.14,6.0,9.066666666666666,0.0,0.0,0.10884353741496598,0.1,0.15,0.16,7.0,8.866666666666667,0.0,0.0,0.12244897959183673,0.2,0.1,0.1,0.0,8.352941176470589,1.0,1.0,0.09523809523809523,0.1,0.15,0.1,7.0,10.615384615384615,0.0,0.0,0.07482993197278912,0.1,0.05,0.06,9.0,12.9,0.0,0.0,0.07482993197278912,0.1,0.05,0.04,6.0,11.9,0.0,0.0,0.06802721088435375,0.1,0.1,0.06,2.0,16.0,0.0,0.0,0.09523809523809523,0.0,0.1,0.1,10.0,10.461538461538462,0.0,0.0,0.10204081632653061,0.0,0.05,0.14,19.0,8.857142857142858,0.0,0.0,0.1292517006802721,0.1,0.1,0.14,3.0,7.777777777777778,0.0,0.0,0.10204081632653061,0.2,0.2,0.14,0.0,10.071428571428571,1.0,1.0,0.061224489795918366,0.0,0.05,0.08,10.0,15.25,0.0,0.0,0.08163265306122448,0.1,0.05,0.04,6.0,12.636363636363637,0.0,0.0,0.09523809523809523,0.0,0.05,0.14,17.0,9.76923076923077,0.0,0.0,0.1360544217687075,0.3,0.15,0.18,0.0,7.2631578947368425,1.0,1.0,0.07482993197278912,0.1,0.1,0.08,5.0,12.9,0.0,0.0,0.11564625850340136,0.1,0.1,0.18,7.0,8.6875,0.0,0.0,0.1292517006802721,0.1,0.2,0.16,4.0,7.833333333333333,0.0,0.0,0.09523809523809523,0.0,0.0,0.04,25.0,9.307692307692308,0.0,0.0,0.09523809523809523,0.1,0.1,0.12,4.0,9.23076923076923,0.0,0.0,0.19047619047619047,0.2,0.15,0.14,1.0,5.185185185185185,0.0,1.0,0.09523809523809523,0.0,0.15,0.1,11.0,7.923076923076923,0.0,0.0,0.061224489795918366,0.0,0.0,0.02,44.0,11.75,0.0,0.0,0.09523809523809523,0.0,0.0,0.1,20.0,9.615384615384615,0.0,0.0,0.10204081632653061,0.1,0.05,0.14,8.0,9.285714285714286,0.0,0.0,0.07482993197278912,0.1,0.1,0.06,8.0,12.7,0.0,0.0,0.08843537414965986,0.0,0.05,0.06,18.0,10.583333333333334,0.0,0.0,0.10884353741496598,0.1,0.1,0.08,6.0,8.733333333333333,0.0,0.0,0.14285714285714285,0.1,0.15,0.14,5.0,6.45,0.0,0.0,0.12244897959183673,0.1,0.2,0.14,6.0,8.235294117647058,0.0,0.0,0.11564625850340136,0.2,0.15,0.14,1.0,8.625,0.0,1.0,102.0,3.0,27.0,1.0,2.0,2.0,0.0,147.0,11.0,29.0,2.0,0,0,0,0,0,0,0,0,0,1,1,0,0,0,0,1,0,0,0,0,0,0,0,0,0,0,0,0,0,0,0,0,1,0,0,0,0,0,0,0,0,0,1,0,0,0,0,0
2023-12-06,0.16216216216216217,0.2,0.15,0.18,4.0,6.130434782608695,0.0,0.0,0.11486486486486487,0.0,0.2,0.16,10.0,8.375,0.0,0.0,0.10135135135135136,0.1,0.15,0.08,5.0,9.714285714285714,0.0,0.0,0.07432432432432433,0.0,0.05,0.04,17.0,10.0,0.0,0.0,0.11486486486486487,0.1,0.1,0.12,1.0,8.9375,0.0,1.0,0.08108108108108109,0.2,0.1,0.08,3.0,12.727272727272727,0.0,0.0,0.11486486486486487,0.3,0.15,0.1,2.0,7.5625,0.0,0.0,0.08783783783783784,0.0,0.0,0.06,24.0,9.666666666666666,0.0,0.0,0.16216216216216217,0.2,0.2,0.2,8.0,5.739130434782608,0.0,0.0,0.14189189189189189,0.3,0.2,0.14,0.0,6.85,1.0,1.0,0.12837837837837837,0.1,0.1,0.08,0.0,7.944444444444445,1.0,1.0,0.10810810810810811,0.1,0.15,0.12,9.0,8.666666666666666,0.0,0.0,0.08783783783783784,0.0,0.0,0.04,20.0,9.416666666666666,0.0,0.0,0.08783783783783784,0.0,0.0,0.02,49.0,6.083333333333333,0.0,0.0,0.10810810810810811,0.1,0.1,0.08,3.0,8.2,0.0,0.0,0.07432432432432433,0.2,0.15,0.08,0.0,14.2,1.0,1.0,0.0945945945945946,0.3,0.15,0.16,1.0,11.076923076923077,0.0,1.0,0.10810810810810811,0.1,0.1,0.14,7.0,9.066666666666666,0.0,0.0,0.10810810810810811,0.1,0.15,0.16,8.0,8.866666666666667,0.0,0.0,0.12162162162162163,0.2,0.1,0.08,1.0,8.352941176470589,0.0,1.0,0.0945945945945946,0.1,0.15,0.1,8.0,10.615384615384615,0.0,0.0,0.07432432432432433,0.0,0.05,0.04,10.0,12.9,0.0,0.0,0.07432432432432433,0.1,0.05,0.04,7.0,11.9,0.0,0.0,0.06756756756756757,0.1,0.1,0.06,3.0,16.0,0.0,0.0,0.0945945945945946,0.0,0.1,0.1,11.0,10.461538461538462,0.0,0.0,0.10135135135135136,0.0,0.0,0.14,20.0,8.857142857142858,0.0,0.0,0.12837837837837837,0.1,0.1,0.14,4.0,7.777777777777778,0.0,0.0,0.10135135135135136,0.2,0.2,0.14,1.0,10.071428571428571,0.0,1.0,0.060810810810810814,0.0,0.05,0.08,11.0,15.25,0.0,0.0,0.08108108108108109,0.1,0.05,0.04,7.0,12.636363636363637,0.0,0.0,0.0945945945945946,0.0,0.05,0.12,18.0,9.76923076923077,0.0,0.0,0.13513513513513514,0.2,0.15,0.18,1.0,7.2631578947368425,0.0,1.0,0.08108108108108109,0.2,0.15,0.08,0.0,12.272727272727273,1.0,1.0,0.11486486486486487,0.1,0.1,0.18,8.0,8.6875,0.0,0.0,0.12837837837837837,0.1,0.2,0.16,5.0,7.833333333333333,0.0,0.0,0.0945945945945946,0.0,0.0,0.04,26.0,9.307692307692308,0.0,0.0,0.0945945945945946,0.1,0.1,0.12,5.0,9.23076923076923,0.0,0.0,0.1891891891891892,0.2,0.15,0.14,2.0,5.185185185185185,0.0,0.0,0.0945945945945946,0.0,0.15,0.08,12.0,7.923076923076923,0.0,0.0,0.060810810810810814,0.0,0.0,0.02,45.0,11.75,0.0,0.0,0.0945945945945946,0.0,0.0,0.1,21.0,9.615384615384615,0.0,0.0,0.10135135135135136,0.1,0.05,0.14,9.0,9.285714285714286,0.0,0.0,0.08108108108108109,0.2,0.15,0.08,0.0,12.363636363636363,1.0,1.0,0.08783783783783784,0.0,0.05,0.06,19.0,10.583333333333334,0.0,0.0,0.10810810810810811,0.1,0.1,0.08,7.0,8.733333333333333,0.0,0.0,0.14189189189189189,0.1,0.15,0.14,6.0,6.45,0.0,0.0,0.12162162162162163,0.1,0.15,0.14,7.0,8.235294117647058,0.0,0.0,0.11486486486486487,0.2,0.15,0.14,2.0,8.625,0.0,0.0,113.0,2.0,33.0,2.0,1.0,1.0,1.0,148.0,12.0,3.0,6.0,0,0,0,0,0,0,0,0,0,0,0,0,0,0,0,1,0,0,0,0,0,0,0,0,0,1,0,0,0,0,0,0,0,1,0,0,0,0,0,1,0,0,0,0,0,0,1,0
2023-12-10,0.1610738255033557,0.2,0.15,0.18,5.0,6.130434782608695,0.0,0.0,0.11409395973154363,0.0,0.2,0.16,11.0,8.375,0.0,0.0,0.10067114093959731,0.1,0.15,0.08,6.0,9.714285714285714,0.0,0.0,0.0738255033557047,0.0,0.05,0.04,18.0,10.0,0.0,0.0,0.11409395973154363,0.1,0.05,0.12,2.0,8.9375,0.0,0.0,0.08053691275167785,0.2,0.1,0.08,4.0,12.727272727272727,0.0,0.0,0.11409395973154363,0.3,0.15,0.1,3.0,7.5625,0.0,0.0,0.087248322147651,0.0,0.0,0.06,25.0,9.666666666666666,0.0,0.0,0.1610738255033557,0.1,0.2,0.18,9.0,5.739130434782608,0.0,0.0,0.14093959731543623,0.3,0.2,0.14,1.0,6.85,0.0,1.0,0.12751677852348994,0.1,0.1,0.08,1.0,7.944444444444445,0.0,1.0,0.10738255033557047,0.0,0.1,0.12,10.0,8.666666666666666,0.0,0.0,0.087248322147651,0.0,0.0,0.04,21.0,9.416666666666666,0.0,0.0,0.087248322147651,0.0,0.0,0.0,50.0,6.083333333333333,0.0,0.0,0.10738255033557047,0.1,0.1,0.08,4.0,8.2,0.0,0.0,0.08053691275167785,0.3,0.2,0.1,0.0,13.0,1.0,1.0,0.09395973154362416,0.3,0.15,0.16,2.0,11.076923076923077,0.0,0.0,0.10738255033557047,0.1,0.1,0.14,8.0,9.066666666666666,0.0,0.0,0.10738255033557047,0.1,0.15,0.16,9.0,8.866666666666667,0.0,0.0,0.12080536912751678,0.2,0.1,0.08,2.0,8.352941176470589,0.0,0.0,0.09395973154362416,0.1,0.15,0.1,9.0,10.615384615384615,0.0,0.0,0.0738255033557047,0.0,0.05,0.04,11.0,12.9,0.0,0.0,0.0738255033557047,0.1,0.05,0.04,8.0,11.9,0.0,0.0,0.06711409395973154,0.1,0.1,0.06,4.0,16.0,0.0,0.0,0.09395973154362416,0.0,0.1,0.1,12.0,10.461538461538462,0.0,0.0,0.10738255033557047,0.1,0.05,0.14,0.0,9.666666666666666,1.0,1.0,0.12751677852348994,0.1,0.1,0.12,5.0,7.777777777777778,0.0,0.0,0.10067114093959731,0.2,0.2,0.14,2.0,10.071428571428571,0.0,0.0,0.06040268456375839,0.0,0.05,0.08,12.0,15.25,0.0,0.0,0.08053691275167785,0.1,0.05,0.04,8.0,12.636363636363637,0.0,0.0,0.09395973154362416,0.0,0.05,0.12,19.0,9.76923076923077,0.0,0.0,0.1342281879194631,0.2,0.15,0.18,2.0,7.2631578947368425,0.0,0.0,0.08053691275167785,0.2,0.1,0.08,1.0,12.272727272727273,0.0,1.0,0.12080536912751678,0.2,0.15,0.2,0.0,8.705882352941176,1.0,1.0,0.12751677852348994,0.1,0.2,0.14,6.0,7.833333333333333,0.0,0.0,0.09395973154362416,0.0,0.0,0.04,27.0,9.307692307692308,0.0,0.0,0.09395973154362416,0.1,0.1,0.12,6.0,9.23076923076923,0.0,0.0,0.18791946308724833,0.2,0.15,0.14,3.0,5.185185185185185,0.0,0.0,0.09395973154362416,0.0,0.15,0.08,13.0,7.923076923076923,0.0,0.0,0.06711409395973154,0.1,0.05,0.04,0.0,15.555555555555555,1.0,1.0,0.09395973154362416,0.0,0.0,0.1,22.0,9.615384615384615,0.0,0.0,0.10067114093959731,0.0,0.05,0.14,10.0,9.285714285714286,0.0,0.0,0.08053691275167785,0.1,0.15,0.08,1.0,12.363636363636363,0.0,1.0,0.087248322147651,0.0,0.0,0.06,20.0,10.583333333333334,0.0,0.0,0.10738255033557047,0.1,0.1,0.08,8.0,8.733333333333333,0.0,0.0,0.14093959731543623,0.1,0.15,0.14,7.0,6.45,0.0,0.0,0.12751677852348994,0.2,0.15,0.16,0.0,8.222222222222221,1.0,1.0,0.11409395973154363,0.1,0.15,0.14,3.0,8.625,0.0,0.0,163.0,4.0,31.0,0.0,1.0,2.0,2.0,149.0,12.0,6.0,2.0,1,0,0,0,0,0,1,0,0,0,0,1,0,0,0,0,0,0,0,0,0,0,0,1,0,0,0,0,0,1,0,0,0,0,0,0,0,0,0,0,0,0,0,0,0,0,0,0
2023-12-13,0.16666666666666666,0.3,0.2,0.2,0.0,6.125,1.0,1.0,0.11333333333333333,0.0,0.15,0.16,12.0,8.375,0.0,0.0,0.1,0.1,0.15,0.08,7.0,9.714285714285714,0.0,0.0,0.07333333333333333,0.0,0.05,0.04,19.0,10.0,0.0,0.0,0.11333333333333333,0.1,0.05,0.12,3.0,8.9375,0.0,0.0,0.08,0.2,0.1,0.08,5.0,12.727272727272727,0.0,0.0,0.12,0.4,0.2,0.12,0.0,7.352941176470588,1.0,1.0,0.08666666666666667,0.0,0.0,0.06,26.0,9.666666666666666,0.0,0.0,0.16,0.0,0.2,0.16,10.0,5.739130434782608,0.0,0.0,0.14,0.3,0.2,0.14,2.0,6.85,0.0,0.0,0.12666666666666668,0.1,0.1,0.08,2.0,7.944444444444445,0.0,0.0,0.11333333333333333,0.1,0.15,0.14,0.0,8.8125,1.0,1.0,0.08666666666666667,0.0,0.0,0.04,22.0,9.416666666666666,0.0,0.0,0.08666666666666667,0.0,0.0,0.0,51.0,6.083333333333333,0.0,0.0,0.10666666666666667,0.1,0.1,0.08,5.0,8.2,0.0,0.0,0.08,0.3,0.15,0.1,1.0,13.0,0.0,1.0,0.09333333333333334,0.3,0.15,0.16,3.0,11.076923076923077,0.0,0.0,0.10666666666666667,0.1,0.1,0.14,9.0,9.066666666666666,0.0,0.0,0.10666666666666667,0.0,0.15,0.16,10.0,8.866666666666667,0.0,0.0,0.12,0.2,0.1,0.08,3.0,8.352941176470589,0.0,0.0,0.09333333333333334,0.0,0.15,0.1,10.0,10.615384615384615,0.0,0.0,0.07333333333333333,0.0,0.05,0.04,12.0,12.9,0.0,0.0,0.07333333333333333,0.1,0.05,0.04,9.0,11.9,0.0,0.0,0.07333333333333333,0.2,0.15,0.08,0.0,14.9,1.0,1.0,0.09333333333333334,0.0,0.1,0.1,13.0,10.461538461538462,0.0,0.0,0.10666666666666667,0.1,0.05,0.12,1.0,9.666666666666666,0.0,1.0,0.12666666666666668,0.1,0.1,0.1,6.0,7.777777777777778,0.0,0.0,0.1,0.2,0.2,0.14,3.0,10.071428571428571,0.0,0.0,0.06,0.0,0.05,0.08,13.0,15.25,0.0,0.0,0.08666666666666667,0.2,0.1,0.06,0.0,12.333333333333334,1.0,1.0,0.09333333333333334,0.0,0.0,0.12,20.0,9.76923076923077,0.0,0.0,0.13333333333333333,0.2,0.15,0.18,3.0,7.2631578947368425,0.0,0.0,0.08,0.2,0.1,0.08,2.0,12.272727272727273,0.0,0.0,0.12,0.1,0.15,0.2,1.0,8.705882352941176,0.0,1.0,0.12666666666666668,0.1,0.15,0.12,7.0,7.833333333333333,0.0,0.0,0.09333333333333334,0.0,0.0,0.04,28.0,9.307692307692308,0.0,0.0,0.09333333333333334,0.1,0.1,0.12,7.0,9.23076923076923,0.0,0.0,0.18666666666666668,0.1,0.15,0.14,4.0,5.185185185185185,0.0,0.0,0.09333333333333334,0.0,0.15,0.08,14.0,7.923076923076923,0.0,0.0,0.06666666666666667,0.1,0.05,0.04,1.0,15.555555555555555,0.0,1.0,0.09333333333333334,0.0,0.0,0.1,23.0,9.615384615384615,0.0,0.0,0.1,0.0,0.05,0.14,11.0,9.285714285714286,0.0,0.0,0.08,0.1,0.15,0.08,2.0,12.363636363636363,0.0,0.0,0.08666666666666667,0.0,0.0,0.06,21.0,10.583333333333334,0.0,0.0,0.10666666666666667,0.1,0.1,0.08,9.0,8.733333333333333,0.0,0.0,0.14,0.1,0.15,0.12,8.0,6.45,0.0,0.0,0.12666666666666668,0.2,0.1,0.16,1.0,8.222222222222221,0.0,1.0,0.11333333333333333,0.1,0.15,0.14,4.0,8.625,0.0,0.0,74.0,3.0,29.0,3.0,1.0,1.0,0.0,150.0,12.0,10.0,6.0,0,0,0,0,0,0,0,0,1,0,0,0,0,0,0,0,0,0,0,0,1,0,0,0,0,1,0,1,0,0,0,0,0,0,0,0,0,0,0,0,0,0,1,0,0,0,0,0
2023-12-17,0.16556291390728478,0.3,0.2,0.18,1.0,6.125,0.0,1.0,0.11258278145695365,0.0,0.15,0.14,13.0,8.375,0.0,0.0,0.09933774834437085,0.1,0.15,0.08,8.0,9.714285714285714,0.0,0.0,0.0728476821192053,0.0,0.0,0.04,20.0,10.0,0.0,0.0,0.11258278145695365,0.1,0.05,0.12,4.0,8.9375,0.0,0.0,0.07947019867549669,0.2,0.1,0.08,6.0,12.727272727272727,0.0,0.0,0.11920529801324503,0.4,0.2,0.12,1.0,7.352941176470588,0.0,1.0,0.08609271523178808,0.0,0.0,0.06,27.0,9.666666666666666,0.0,0.0,0.16556291390728478,0.1,0.25,0.18,0.0,5.958333333333333,1.0,1.0,0.1390728476821192,0.3,0.2,0.14,3.0,6.85,0.0,0.0,0.12582781456953643,0.1,0.1,0.08,3.0,7.944444444444445,0.0,0.0,0.11258278145695365,0.1,0.15,0.14,1.0,8.8125,0.0,1.0,0.08609271523178808,0.0,0.0,0.04,23.0,9.416666666666666,0.0,0.0,0.08609271523178808,0.0,0.0,0.0,52.0,6.083333333333333,0.0,0.0,0.10596026490066225,0.1,0.05,0.08,6.0,8.2,0.0,0.0,0.07947019867549669,0.3,0.15,0.1,2.0,13.0,0.0,0.0,0.09271523178807947,0.3,0.15,0.16,4.0,11.076923076923077,0.0,0.0,0.10596026490066225,0.0,0.1,0.14,10.0,9.066666666666666,0.0,0.0,0.10596026490066225,0.0,0.15,0.16,11.0,8.866666666666667,0.0,0.0,0.11920529801324503,0.2,0.1,0.08,4.0,8.352941176470589,0.0,0.0,0.09933774834437085,0.1,0.2,0.12,0.0,10.642857142857142,1.0,1.0,0.0728476821192053,0.0,0.05,0.04,13.0,12.9,0.0,0.0,0.0728476821192053,0.0,0.05,0.04,10.0,11.9,0.0,0.0,0.0728476821192053,0.2,0.15,0.08,1.0,14.9,0.0,1.0,0.09271523178807947,0.0,0.1,0.1,14.0,10.461538461538462,0.0,0.0,0.11258278145695365,0.2,0.1,0.14,0.0,9.1875,1.0,1.0,0.12582781456953643,0.1,0.05,0.1,7.0,7.777777777777778,0.0,0.0,0.10596026490066225,0.3,0.2,0.16,0.0,9.666666666666666,1.0,1.0,0.059602649006622516,0.0,0.05,0.06,14.0,15.25,0.0,0.0,0.08609271523178808,0.1,0.1,0.06,1.0,12.333333333333334,0.0,1.0,0.09271523178807947,0.0,0.0,0.12,21.0,9.76923076923077,0.0,0.0,0.13245033112582782,0.2,0.15,0.18,4.0,7.2631578947368425,0.0,0.0,0.07947019867549669,0.2,0.1,0.08,3.0,12.272727272727273,0.0,0.0,0.11920529801324503,0.1,0.15,0.2,2.0,8.705882352941176,0.0,0.0,0.12582781456953643,0.1,0.15,0.12,8.0,7.833333333333333,0.0,0.0,0.09271523178807947,0.0,0.0,0.04,29.0,9.307692307692308,0.0,0.0,0.09271523178807947,0.1,0.1,0.12,8.0,9.23076923076923,0.0,0.0,0.18543046357615894,0.1,0.15,0.14,5.0,5.185185185185185,0.0,0.0,0.09271523178807947,0.0,0.1,0.08,15.0,7.923076923076923,0.0,0.0,0.06622516556291391,0.1,0.05,0.04,2.0,15.555555555555555,0.0,0.0,0.09271523178807947,0.0,0.0,0.08,24.0,9.615384615384615,0.0,0.0,0.09933774834437085,0.0,0.05,0.14,12.0,9.285714285714286,0.0,0.0,0.08609271523178808,0.2,0.2,0.1,0.0,11.583333333333334,1.0,1.0,0.08609271523178808,0.0,0.0,0.06,22.0,10.583333333333334,0.0,0.0,0.10596026490066225,0.0,0.1,0.06,10.0,8.733333333333333,0.0,0.0,0.1390728476821192,0.1,0.15,0.12,9.0,6.45,0.0,0.0,0.12582781456953643,0.1,0.1,0.16,2.0,8.222222222222221,0.0,0.0,0.11258278145695365,0.1,0.15,0.14,5.0,8.625,0.0,0.0,127.0,2.0,34.0,1.0,1.0,2.0,1.0,151.0,12.0,13.0,2.0,0,0,0,0,0,0,0,0,0,0,0,0,0,0,0,1,0,0,0,0,0,0,0,1,0,0,0,1,0,1,0,0,0,0,0,1,0,0,0,0,0,0,0,0,0,0,0,0
2023-12-20,0.16447368421052633,0.2,0.2,0.18,2.0,6.125,0.0,0.0,0.1118421052631579,0.0,0.15,0.14,14.0,8.375,0.0,0.0,0.09868421052631579,0.1,0.15,0.08,9.0,9.714285714285714,0.0,0.0,0.07236842105263158,0.0,0.0,0.04,21.0,10.0,0.0,0.0,0.1118421052631579,0.1,0.05,0.12,5.0,8.9375,0.0,0.0,0.07894736842105263,0.2,0.1,0.08,7.0,12.727272727272727,0.0,0.0,0.11842105263157894,0.4,0.2,0.12,2.0,7.352941176470588,0.0,0.0,0.08552631578947369,0.0,0.0,0.06,28.0,9.666666666666666,0.0,0.0,0.16447368421052633,0.1,0.25,0.18,1.0,5.958333333333333,0.0,1.0,0.13815789473684212,0.2,0.15,0.12,4.0,6.85,0.0,0.0,0.125,0.1,0.1,0.06,4.0,7.944444444444445,0.0,0.0,0.1118421052631579,0.1,0.15,0.14,2.0,8.8125,0.0,0.0,0.08552631578947369,0.0,0.0,0.04,24.0,9.416666666666666,0.0,0.0,0.08552631578947369,0.0,0.0,0.0,53.0,6.083333333333333,0.0,0.0,0.10526315789473684,0.1,0.05,0.08,7.0,8.2,0.0,0.0,0.08552631578947369,0.4,0.2,0.12,0.0,12.166666666666666,1.0,1.0,0.09210526315789473,0.3,0.15,0.16,5.0,11.076923076923077,0.0,0.0,0.10526315789473684,0.0,0.1,0.12,11.0,9.066666666666666,0.0,0.0,0.10526315789473684,0.0,0.1,0.16,12.0,8.866666666666667,0.0,0.0,0.11842105263157894,0.1,0.1,0.08,5.0,8.352941176470589,0.0,0.0,0.09868421052631579,0.1,0.15,0.12,1.0,10.642857142857142,0.0,1.0,0.07236842105263158,0.0,0.05,0.04,14.0,12.9,0.0,0.0,0.07236842105263158,0.0,0.05,0.04,11.0,11.9,0.0,0.0,0.07894736842105263,0.3,0.2,0.1,0.0,13.727272727272727,1.0,1.0,0.09210526315789473,0.0,0.1,0.1,15.0,10.461538461538462,0.0,0.0,0.1118421052631579,0.2,0.1,0.12,1.0,9.1875,0.0,1.0,0.125,0.1,0.05,0.1,8.0,7.777777777777778,0.0,0.0,0.1118421052631579,0.4,0.2,0.18,0.0,9.125,1.0,1.0,0.05921052631578947,0.0,0.05,0.06,15.0,15.25,0.0,0.0,0.09210526315789473,0.2,0.15,0.08,0.0,11.538461538461538,1.0,1.0,0.09210526315789473,0.0,0.0,0.12,22.0,9.76923076923077,0.0,0.0,0.13157894736842105,0.2,0.15,0.18,5.0,7.2631578947368425,0.0,0.0,0.07894736842105263,0.1,0.1,0.08,4.0,12.272727272727273,0.0,0.0,0.11842105263157894,0.1,0.15,0.2,3.0,8.705882352941176,0.0,0.0,0.125,0.1,0.15,0.12,9.0,7.833333333333333,0.0,0.0,0.09868421052631579,0.1,0.05,0.06,0.0,10.785714285714286,1.0,1.0,0.09210526315789473,0.1,0.05,0.12,9.0,9.23076923076923,0.0,0.0,0.18421052631578946,0.1,0.15,0.14,6.0,5.185185185185185,0.0,0.0,0.09210526315789473,0.0,0.1,0.08,16.0,7.923076923076923,0.0,0.0,0.06578947368421052,0.1,0.05,0.04,3.0,15.555555555555555,0.0,0.0,0.09210526315789473,0.0,0.0,0.08,25.0,9.615384615384615,0.0,0.0,0.09868421052631579,0.0,0.05,0.14,13.0,9.285714285714286,0.0,0.0,0.08552631578947369,0.2,0.2,0.08,1.0,11.583333333333334,0.0,1.0,0.08552631578947369,0.0,0.0,0.06,23.0,10.583333333333334,0.0,0.0,0.10526315789473684,0.0,0.1,0.06,11.0,8.733333333333333,0.0,0.0,0.13815789473684212,0.0,0.15,0.12,10.0,6.45,0.0,0.0,0.125,0.1,0.1,0.16,3.0,8.222222222222221,0.0,0.0,0.1118421052631579,0.1,0.15,0.14,6.0,8.625,0.0,0.0,134.0,5.0,20.0,0.0,2.0,3.0,0.0,152.0,12.0,17.0,6.0,0,0,0,0,0,0,0,0,0,0,1,0,0,0,0,0,0,0,0,0,0,0,0,0,0,0,0,0,0,1,0,0,0,0,1,0,0,0,0,0,0,0,0,0,0,1,1,0
2023-12-27,0.16339869281045752,0.2,0.2,0.18,3.0,6.125,0.0,0.0,0.1111111111111111,0.0,0.1,0.14,15.0,8.375,0.0,0.0,0.09803921568627451,0.0,0.15,0.08,10.0,9.714285714285714,0.0,0.0,0.0718954248366013,0.0,0.0,0.04,22.0,10.0,0.0,0.0,0.1111111111111111,0.1,0.05,0.12,6.0,8.9375,0.0,0.0,0.0784313725490196,0.2,0.1,0.08,8.0,12.727272727272727,0.0,0.0,0.11764705882352941,0.3,0.2,0.12,3.0,7.352941176470588,0.0,0.0,0.08496732026143791,0.0,0.0,0.06,29.0,9.666666666666666,0.0,0.0,0.16339869281045752,0.1,0.25,0.18,2.0,5.958333333333333,0.0,0.0,0.13725490196078433,0.2,0.15,0.12,5.0,6.85,0.0,0.0,0.13071895424836602,0.2,0.1,0.08,0.0,7.7894736842105265,1.0,1.0,0.1111111111111111,0.1,0.15,0.14,3.0,8.8125,0.0,0.0,0.08496732026143791,0.0,0.0,0.04,25.0,9.416666666666666,0.0,0.0,0.08496732026143791,0.0,0.0,0.0,54.0,6.083333333333333,0.0,0.0,0.10457516339869281,0.1,0.05,0.08,8.0,8.2,0.0,0.0,0.08496732026143791,0.4,0.2,0.12,1.0,12.166666666666666,0.0,1.0,0.0915032679738562,0.3,0.15,0.16,6.0,11.076923076923077,0.0,0.0,0.10457516339869281,0.0,0.1,0.12,12.0,9.066666666666666,0.0,0.0,0.10457516339869281,0.0,0.1,0.14,13.0,8.866666666666667,0.0,0.0,0.11764705882352941,0.1,0.1,0.08,6.0,8.352941176470589,0.0,0.0,0.09803921568627451,0.1,0.15,0.12,2.0,10.642857142857142,0.0,0.0,0.0718954248366013,0.0,0.05,0.04,15.0,12.9,0.0,0.0,0.0718954248366013,0.0,0.05,0.04,12.0,11.9,0.0,0.0,0.0784313725490196,0.3,0.15,0.1,1.0,13.727272727272727,0.0,1.0,0.0915032679738562,0.0,0.1,0.1,16.0,10.461538461538462,0.0,0.0,0.1111111111111111,0.2,0.1,0.12,2.0,9.1875,0.0,0.0,0.12418300653594772,0.1,0.05,0.1,9.0,7.777777777777778,0.0,0.0,0.1111111111111111,0.4,0.2,0.18,1.0,9.125,0.0,1.0,0.058823529411764705,0.0,0.05,0.06,16.0,15.25,0.0,0.0,0.09803921568627451,0.3,0.2,0.1,0.0,10.785714285714286,1.0,1.0,0.0915032679738562,0.0,0.0,0.12,23.0,9.76923076923077,0.0,0.0,0.13071895424836602,0.1,0.15,0.18,6.0,7.2631578947368425,0.0,0.0,0.0784313725490196,0.1,0.1,0.06,5.0,12.272727272727273,0.0,0.0,0.11764705882352941,0.1,0.15,0.2,4.0,8.705882352941176,0.0,0.0,0.13071895424836602,0.1,0.15,0.14,0.0,7.947368421052632,1.0,1.0,0.09803921568627451,0.1,0.05,0.06,1.0,10.785714285714286,0.0,1.0,0.0915032679738562,0.0,0.05,0.1,10.0,9.23076923076923,0.0,0.0,0.1830065359477124,0.1,0.15,0.14,7.0,5.185185185185185,0.0,0.0,0.0915032679738562,0.0,0.1,0.08,17.0,7.923076923076923,0.0,0.0,0.06535947712418301,0.1,0.05,0.02,4.0,15.555555555555555,0.0,0.0,0.0915032679738562,0.0,0.0,0.08,26.0,9.615384615384615,0.0,0.0,0.09803921568627451,0.0,0.05,0.12,14.0,9.285714285714286,0.0,0.0,0.08496732026143791,0.2,0.2,0.08,2.0,11.583333333333334,0.0,0.0,0.08496732026143791,0.0,0.0,0.06,24.0,10.583333333333334,0.0,0.0,0.10457516339869281,0.0,0.1,0.06,12.0,8.733333333333333,0.0,0.0,0.1437908496732026,0.1,0.15,0.14,0.0,6.666666666666667,1.0,1.0,0.13071895424836602,0.2,0.15,0.18,0.0,8.0,1.0,1.0,0.1111111111111111,0.1,0.15,0.14,7.0,8.625,0.0,0.0,169.0,2.0,36.0,1.0,0.0,2.0,2.0,153.0,12.0,20.0,2.0,0,0,0,0,0,0,0,0,0,0,0,0,0,1,0,0,0,1,0,0,1,0,0,0,0,0,0,0,0,0,0,0,0,0,0,0,1,0,0,0,0,1,0,0,0,0,0,0
2024-10-23,0.16233766233766234,0.1,0.2,0.18,4.0,6.125,0.0,0.0,0.11038961038961038,0.0,0.1,0.14,16.0,8.375,0.0,0.0,0.09740259740259741,0.0,0.15,0.06,11.0,9.714285714285714,0.0,0.0,0.07142857142857142,0.0,0.0,0.04,23.0,10.0,0.0,0.0,0.11038961038961038,0.1,0.05,0.12,7.0,8.9375,0.0,0.0,0.07792207792207792,0.1,0.1,0.08,9.0,12.727272727272727,0.0,0.0,0.11688311688311688,0.3,0.2,0.12,4.0,7.352941176470588,0.0,0.0,0.08441558441558442,0.0,0.0,0.06,30.0,9.666666666666666,0.0,0.0,0.16233766233766234,0.1,0.25,0.18,3.0,5.958333333333333,0.0,0.0,0.13636363636363635,0.2,0.15,0.12,6.0,6.85,0.0,0.0,0.12987012987012986,0.2,0.1,0.08,1.0,7.7894736842105265,0.0,1.0,0.11038961038961038,0.1,0.15,0.14,4.0,8.8125,0.0,0.0,0.08441558441558442,0.0,0.0,0.04,26.0,9.416666666666666,0.0,0.0,0.09090909090909091,0.1,0.05,0.02,0.0,9.846153846153847,1.0,1.0,0.1038961038961039,0.1,0.05,0.08,9.0,8.2,0.0,0.0,0.08441558441558442,0.3,0.2,0.12,2.0,12.166666666666666,0.0,0.0,0.09090909090909091,0.3,0.15,0.16,7.0,11.076923076923077,0.0,0.0,0.11038961038961038,0.1,0.15,0.14,0.0,9.3125,1.0,1.0,0.1038961038961039,0.0,0.1,0.14,14.0,8.866666666666667,0.0,0.0,0.11688311688311688,0.1,0.1,0.08,7.0,8.352941176470589,0.0,0.0,0.1038961038961039,0.2,0.2,0.14,0.0,10.133333333333333,1.0,1.0,0.07142857142857142,0.0,0.05,0.04,16.0,12.9,0.0,0.0,0.07142857142857142,0.0,0.05,0.02,13.0,11.9,0.0,0.0,0.07792207792207792,0.3,0.15,0.1,2.0,13.727272727272727,0.0,0.0,0.09090909090909091,0.0,0.1,0.1,17.0,10.461538461538462,0.0,0.0,0.11038961038961038,0.2,0.1,0.1,3.0,9.1875,0.0,0.0,0.12337662337662338,0.0,0.05,0.1,10.0,7.777777777777778,0.0,0.0,0.11038961038961038,0.3,0.2,0.18,2.0,9.125,0.0,0.0,0.05844155844155844,0.0,0.05,0.06,17.0,15.25,0.0,0.0,0.09740259740259741,0.3,0.2,0.1,1.0,10.785714285714286,0.0,1.0,0.09090909090909091,0.0,0.0,0.1,24.0,9.76923076923077,0.0,0.0,0.12987012987012986,0.1,0.15,0.18,7.0,7.2631578947368425,0.0,0.0,0.07792207792207792,0.1,0.1,0.06,6.0,12.272727272727273,0.0,0.0,0.11688311688311688,0.1,0.15,0.2,5.0,8.705882352941176,0.0,0.0,0.12987012987012986,0.1,0.1,0.14,1.0,7.947368421052632,0.0,1.0,0.09740259740259741,0.1,0.05,0.04,2.0,10.785714285714286,0.0,0.0,0.09740259740259741,0.1,0.1,0.12,0.0,9.357142857142858,1.0,1.0,0.18181818181818182,0.1,0.15,0.14,8.0,5.185185185185185,0.0,0.0,0.09090909090909091,0.0,0.05,0.08,18.0,7.923076923076923,0.0,0.0,0.06493506493506493,0.1,0.05,0.02,5.0,15.555555555555555,0.0,0.0,0.09090909090909091,0.0,0.0,0.08,27.0,9.615384615384615,0.0,0.0,0.1038961038961039,0.1,0.1,0.14,0.0,9.666666666666666,1.0,1.0,0.08441558441558442,0.2,0.15,0.08,3.0,11.583333333333334,0.0,0.0,0.08441558441558442,0.0,0.0,0.06,25.0,10.583333333333334,0.0,0.0,0.1038961038961039,0.0,0.1,0.06,13.0,8.733333333333333,0.0,0.0,0.14285714285714285,0.1,0.1,0.14,1.0,6.666666666666667,0.0,1.0,0.12987012987012986,0.2,0.15,0.18,1.0,8.0,0.0,1.0,0.11038961038961038,0.1,0.1,0.14,8.0,8.625,0.0,0.0,132.0,3.0,28.0,0.0,3.0,0.0,2.0,154.0,12.0,27.0,2.0,0,0,0,0,0,0,0,0,0,0,1,0,0,0,1,0,0,0,0,0,0,0,0,0,0,0,0,0,0,0,0,0,0,0,0,1,0,0,0,0,0,0,1,0,0,0,0,1
2024-10-28,0.16129032258064516,0.1,0.2,0.18,5.0,6.125,0.0,0.0,0.10967741935483871,0.0,0.1,0.14,17.0,8.375,0.0,0.0,0.0967741935483871,0.0,0.1,0.06,12.0,9.714285714285714,0.0,0.0,0.07096774193548387,0.0,0.0,0.04,24.0,10.0,0.0,0.0,0.10967741935483871,0.1,0.05,0.12,8.0,8.9375,0.0,0.0,0.07741935483870968,0.0,0.1,0.08,10.0,12.727272727272727,0.0,0.0,0.11612903225806452,0.2,0.2,0.12,5.0,7.352941176470588,0.0,0.0,0.08387096774193549,0.0,0.0,0.06,31.0,9.666666666666666,0.0,0.0,0.16129032258064516,0.1,0.2,0.18,4.0,5.958333333333333,0.0,0.0,0.13548387096774195,0.2,0.15,0.12,7.0,6.85,0.0,0.0,0.13548387096774195,0.3,0.15,0.1,0.0,7.5,1.0,1.0,0.10967741935483871,0.1,0.1,0.14,5.0,8.8125,0.0,0.0,0.08387096774193549,0.0,0.0,0.04,27.0,9.416666666666666,0.0,0.0,0.09032258064516129,0.1,0.05,0.02,1.0,9.846153846153847,0.0,1.0,0.10967741935483871,0.1,0.1,0.1,0.0,8.3125,1.0,1.0,0.08387096774193549,0.3,0.2,0.12,3.0,12.166666666666666,0.0,0.0,0.09032258064516129,0.2,0.15,0.14,8.0,11.076923076923077,0.0,0.0,0.10967741935483871,0.1,0.15,0.14,1.0,9.3125,0.0,1.0,0.1032258064516129,0.0,0.05,0.14,15.0,8.866666666666667,0.0,0.0,0.11612903225806452,0.1,0.1,0.08,8.0,8.352941176470589,0.0,0.0,0.1032258064516129,0.2,0.2,0.14,1.0,10.133333333333333,0.0,1.0,0.07096774193548387,0.0,0.05,0.04,17.0,12.9,0.0,0.0,0.07096774193548387,0.0,0.05,0.02,14.0,11.9,0.0,0.0,0.07741935483870968,0.2,0.15,0.1,3.0,13.727272727272727,0.0,0.0,0.09032258064516129,0.0,0.1,0.1,18.0,10.461538461538462,0.0,0.0,0.10967741935483871,0.2,0.1,0.1,4.0,9.1875,0.0,0.0,0.12258064516129032,0.0,0.05,0.08,11.0,7.777777777777778,0.0,0.0,0.10967741935483871,0.3,0.2,0.16,3.0,9.125,0.0,0.0,0.05806451612903226,0.0,0.05,0.06,18.0,15.25,0.0,0.0,0.0967741935483871,0.3,0.2,0.1,2.0,10.785714285714286,0.0,0.0,0.09032258064516129,0.0,0.0,0.1,25.0,9.76923076923077,0.0,0.0,0.12903225806451613,0.1,0.15,0.18,8.0,7.2631578947368425,0.0,0.0,0.07741935483870968,0.1,0.1,0.06,7.0,12.272727272727273,0.0,0.0,0.11612903225806452,0.1,0.15,0.18,6.0,8.705882352941176,0.0,0.0,0.12903225806451613,0.1,0.1,0.14,2.0,7.947368421052632,0.0,0.0,0.1032258064516129,0.2,0.1,0.06,0.0,10.266666666666667,1.0,1.0,0.0967741935483871,0.1,0.1,0.12,1.0,9.357142857142858,0.0,1.0,0.18064516129032257,0.1,0.15,0.14,9.0,5.185185185185185,0.0,0.0,0.09032258064516129,0.0,0.05,0.08,19.0,7.923076923076923,0.0,0.0,0.06451612903225806,0.1,0.05,0.02,6.0,15.555555555555555,0.0,0.0,0.09032258064516129,0.0,0.0,0.08,28.0,9.615384615384615,0.0,0.0,0.1032258064516129,0.1,0.1,0.14,1.0,9.666666666666666,0.0,1.0,0.09032258064516129,0.3,0.2,0.1,0.0,11.0,1.0,1.0,0.08387096774193549,0.0,0.0,0.06,26.0,10.583333333333334,0.0,0.0,0.1032258064516129,0.0,0.05,0.06,14.0,8.733333333333333,0.0,0.0,0.14193548387096774,0.1,0.1,0.12,2.0,6.666666666666667,0.0,0.0,0.12903225806451613,0.2,0.15,0.18,2.0,8.0,0.0,0.0,0.11612903225806452,0.2,0.15,0.16,0.0,8.647058823529411,1.0,1.0,153.0,2.0,37.0,1.0,1.0,1.0,2.0,155.0,10.0,23.0,2.0,0,1,0,0,0,0,0,0,1,0,0,0,0,1,0,0,1,0,0,0,0,0,0,0,0,0,0,0,0,0,0,0,0,0,0,0,0,0,0,0,0,0,0,0,0,1,0,0
2024-10-31,0.16025641025641027,0.1,0.15,0.16,6.0,6.125,0.0,0.0,0.11538461538461539,0.1,0.1,0.16,0.0,8.941176470588236,1.0,1.0,0.09615384615384616,0.0,0.1,0.06,13.0,9.714285714285714,0.0,0.0,0.07051282051282051,0.0,0.0,0.04,25.0,10.0,0.0,0.0,0.10897435897435898,0.1,0.05,0.1,9.0,8.9375,0.0,0.0,0.07692307692307693,0.0,0.1,0.08,11.0,12.727272727272727,0.0,0.0,0.11538461538461539,0.1,0.2,0.12,6.0,7.352941176470588,0.0,0.0,0.08333333333333333,0.0,0.0,0.06,32.0,9.666666666666666,0.0,0.0,0.16666666666666666,0.2,0.25,0.2,0.0,5.92,1.0,1.0,0.1346153846153846,0.1,0.15,0.12,8.0,6.85,0.0,0.0,0.1346153846153846,0.3,0.15,0.1,1.0,7.5,0.0,1.0,0.10897435897435898,0.1,0.1,0.14,6.0,8.8125,0.0,0.0,0.08333333333333333,0.0,0.0,0.04,28.0,9.416666666666666,0.0,0.0,0.09615384615384616,0.2,0.1,0.04,0.0,9.285714285714286,1.0,1.0,0.10897435897435898,0.1,0.1,0.1,1.0,8.3125,0.0,1.0,0.08333333333333333,0.3,0.2,0.12,4.0,12.166666666666666,0.0,0.0,0.09615384615384616,0.2,0.2,0.14,0.0,10.928571428571429,1.0,1.0,0.10897435897435898,0.1,0.15,0.14,2.0,9.3125,0.0,0.0,0.10256410256410256,0.0,0.05,0.14,16.0,8.866666666666667,0.0,0.0,0.11538461538461539,0.1,0.1,0.08,9.0,8.352941176470589,0.0,0.0,0.10256410256410256,0.2,0.15,0.14,2.0,10.133333333333333,0.0,0.0,0.07051282051282051,0.0,0.05,0.04,18.0,12.9,0.0,0.0,0.07051282051282051,0.0,0.05,0.02,15.0,11.9,0.0,0.0,0.07692307692307693,0.2,0.15,0.08,4.0,13.727272727272727,0.0,0.0,0.08974358974358974,0.0,0.05,0.1,19.0,10.461538461538462,0.0,0.0,0.10897435897435898,0.2,0.1,0.1,5.0,9.1875,0.0,0.0,0.12179487179487179,0.0,0.05,0.08,12.0,7.777777777777778,0.0,0.0,0.10897435897435898,0.3,0.2,0.16,4.0,9.125,0.0,0.0,0.057692307692307696,0.0,0.05,0.06,19.0,15.25,0.0,0.0,0.09615384615384616,0.3,0.2,0.1,3.0,10.785714285714286,0.0,0.0,0.08974358974358974,0.0,0.0,0.08,26.0,9.76923076923077,0.0,0.0,0.1282051282051282,0.1,0.15,0.18,9.0,7.2631578947368425,0.0,0.0,0.07692307692307693,0.1,0.1,0.06,8.0,12.272727272727273,0.0,0.0,0.11538461538461539,0.1,0.15,0.18,7.0,8.705882352941176,0.0,0.0,0.1282051282051282,0.1,0.1,0.14,3.0,7.947368421052632,0.0,0.0,0.10256410256410256,0.2,0.1,0.06,1.0,10.266666666666667,0.0,1.0,0.09615384615384616,0.1,0.1,0.12,2.0,9.357142857142858,0.0,0.0,0.1794871794871795,0.0,0.15,0.14,10.0,5.185185185185185,0.0,0.0,0.08974358974358974,0.0,0.0,0.08,20.0,7.923076923076923,0.0,0.0,0.0641025641025641,0.1,0.05,0.02,7.0,15.555555555555555,0.0,0.0,0.08974358974358974,0.0,0.0,0.08,29.0,9.615384615384615,0.0,0.0,0.10256410256410256,0.1,0.1,0.14,2.0,9.666666666666666,0.0,0.0,0.08974358974358974,0.3,0.2,0.1,1.0,11.0,0.0,1.0,0.08333333333333333,0.0,0.0,0.06,27.0,10.583333333333334,0.0,0.0,0.10256410256410256,0.0,0.05,0.06,15.0,8.733333333333333,0.0,0.0,0.14743589743589744,0.2,0.15,0.14,0.0,6.5,1.0,1.0,0.1282051282051282,0.2,0.15,0.18,3.0,8.0,0.0,0.0,0.11538461538461539,0.1,0.15,0.16,1.0,8.647058823529411,0.0,1.0,88.0,3.0,44.0,2.0,2.0,0.0,1.0,156.0,10.0,28.0,0.0,0,0,0,1,0,0,0,0,0,1,0,1,0,0,0,0,0,0,0,1,0,0,0,0,0,0,0,0,0,0,0,0,0,0,0,0,1,0,0,0,0,0,0,0,0,0,0,0
2024-11-04,0.1592356687898089,0.1,0.15,0.16,7.0,6.125,0.0,0.0,0.11464968152866242,0.1,0.1,0.16,1.0,8.941176470588236,0.0,1.0,0.09554140127388536,0.0,0.1,0.06,14.0,9.714285714285714,0.0,0.0,0.07643312101910828,0.1,0.05,0.06,0.0,11.454545454545455,1.0,1.0,0.10828025477707007,0.0,0.05,0.08,10.0,8.9375,0.0,0.0,0.07643312101910828,0.0,0.1,0.08,12.0,12.727272727272727,0.0,0.0,0.11464968152866242,0.1,0.2,0.12,7.0,7.352941176470588,0.0,0.0,0.08280254777070063,0.0,0.0,0.04,33.0,9.666666666666666,0.0,0.0,0.16560509554140126,0.2,0.25,0.2,1.0,5.92,0.0,1.0,0.14012738853503184,0.2,0.2,0.14,0.0,6.9523809523809526,1.0,1.0,0.1337579617834395,0.3,0.15,0.1,2.0,7.5,0.0,0.0,0.11464968152866242,0.2,0.15,0.16,0.0,8.705882352941176,1.0,1.0,0.08280254777070063,0.0,0.0,0.04,29.0,9.416666666666666,0.0,0.0,0.09554140127388536,0.2,0.1,0.04,1.0,9.285714285714286,0.0,1.0,0.10828025477707007,0.1,0.1,0.1,2.0,8.3125,0.0,0.0,0.08280254777070063,0.3,0.2,0.12,5.0,12.166666666666666,0.0,0.0,0.09554140127388536,0.1,0.2,0.14,1.0,10.928571428571429,0.0,1.0,0.10828025477707007,0.1,0.1,0.14,3.0,9.3125,0.0,0.0,0.10191082802547771,0.0,0.05,0.12,17.0,8.866666666666667,0.0,0.0,0.12101910828025478,0.1,0.15,0.1,0.0,8.444444444444445,1.0,1.0,0.10191082802547771,0.2,0.15,0.14,3.0,10.133333333333333,0.0,0.0,0.07006369426751592,0.0,0.05,0.04,19.0,12.9,0.0,0.0,0.07006369426751592,0.0,0.05,0.02,16.0,11.9,0.0,0.0,0.07643312101910828,0.2,0.15,0.08,5.0,13.727272727272727,0.0,0.0,0.08917197452229299,0.0,0.0,0.1,20.0,10.461538461538462,0.0,0.0,0.10828025477707007,0.2,0.1,0.1,6.0,9.1875,0.0,0.0,0.12101910828025478,0.0,0.05,0.08,13.0,7.777777777777778,0.0,0.0,0.10828025477707007,0.2,0.2,0.16,5.0,9.125,0.0,0.0,0.05732484076433121,0.0,0.0,0.06,20.0,15.25,0.0,0.0,0.09554140127388536,0.3,0.2,0.1,4.0,10.785714285714286,0.0,0.0,0.08917197452229299,0.0,0.0,0.06,27.0,9.76923076923077,0.0,0.0,0.12738853503184713,0.0,0.15,0.16,10.0,7.2631578947368425,0.0,0.0,0.07643312101910828,0.1,0.1,0.06,9.0,12.272727272727273,0.0,0.0,0.11464968152866242,0.1,0.1,0.18,8.0,8.705882352941176,0.0,0.0,0.12738853503184713,0.1,0.1,0.14,4.0,7.947368421052632,0.0,0.0,0.10191082802547771,0.2,0.1,0.06,2.0,10.266666666666667,0.0,0.0,0.10191082802547771,0.2,0.15,0.14,0.0,8.933333333333334,1.0,1.0,0.17834394904458598,0.0,0.1,0.14,11.0,5.185185185185185,0.0,0.0,0.08917197452229299,0.0,0.0,0.08,21.0,7.923076923076923,0.0,0.0,0.06369426751592357,0.1,0.05,0.02,8.0,15.555555555555555,0.0,0.0,0.08917197452229299,0.0,0.0,0.08,30.0,9.615384615384615,0.0,0.0,0.10191082802547771,0.1,0.1,0.14,3.0,9.666666666666666,0.0,0.0,0.08917197452229299,0.3,0.2,0.1,2.0,11.0,0.0,0.0,0.08280254777070063,0.0,0.0,0.06,28.0,10.583333333333334,0.0,0.0,0.10191082802547771,0.0,0.05,0.06,16.0,8.733333333333333,0.0,0.0,0.1464968152866242,0.2,0.15,0.14,1.0,6.5,0.0,1.0,0.12738853503184713,0.2,0.15,0.18,4.0,8.0,0.0,0.0,0.11464968152866242,0.1,0.15,0.16,2.0,8.647058823529411,0.0,0.0,83.0,4.0,33.0,3.0,1.0,0.0,1.0,157.0,10.0,31.0,3.0,0,0,0,0,0,0,0,0,1,0,0,0,0,0,0,0,0,0,1,0,1,0,0,0,0,0,0,0,0,0,0,0,0,0,0,0,0,0,0,0,0,0,0,0,0,1,0,1
2024-11-07,0.15822784810126583,0.1,0.15,0.16,8.0,6.125,0.0,0.0,0.11392405063291139,0.1,0.05,0.16,2.0,8.941176470588236,0.0,0.0,0.0949367088607595,0.0,0.05,0.06,15.0,9.714285714285714,0.0,0.0,0.0759493670886076,0.1,0.05,0.06,1.0,11.454545454545455,0.0,1.0,0.10759493670886076,0.0,0.05,0.08,11.0,8.9375,0.0,0.0,0.0759493670886076,0.0,0.1,0.08,13.0,12.727272727272727,0.0,0.0,0.11392405063291139,0.1,0.2,0.12,8.0,7.352941176470588,0.0,0.0,0.08227848101265822,0.0,0.0,0.02,34.0,9.666666666666666,0.0,0.0,0.17088607594936708,0.3,0.25,0.22,0.0,5.769230769230769,1.0,1.0,0.13924050632911392,0.1,0.2,0.14,1.0,6.9523809523809526,0.0,1.0,0.13291139240506328,0.2,0.15,0.08,3.0,7.5,0.0,0.0,0.11392405063291139,0.2,0.15,0.16,1.0,8.705882352941176,0.0,1.0,0.08227848101265822,0.0,0.0,0.02,30.0,9.416666666666666,0.0,0.0,0.0949367088607595,0.2,0.1,0.04,2.0,9.285714285714286,0.0,0.0,0.10759493670886076,0.1,0.1,0.1,3.0,8.3125,0.0,0.0,0.08227848101265822,0.2,0.2,0.12,6.0,12.166666666666666,0.0,0.0,0.0949367088607595,0.1,0.2,0.14,2.0,10.928571428571429,0.0,0.0,0.10759493670886076,0.1,0.1,0.14,4.0,9.3125,0.0,0.0,0.10759493670886076,0.1,0.1,0.12,0.0,9.4375,1.0,1.0,0.12025316455696203,0.1,0.15,0.1,1.0,8.444444444444445,0.0,1.0,0.10759493670886076,0.3,0.2,0.16,0.0,9.75,1.0,1.0,0.06962025316455696,0.0,0.0,0.04,20.0,12.9,0.0,0.0,0.06962025316455696,0.0,0.05,0.02,17.0,11.9,0.0,0.0,0.0759493670886076,0.2,0.15,0.08,6.0,13.727272727272727,0.0,0.0,0.08860759493670886,0.0,0.0,0.1,21.0,10.461538461538462,0.0,0.0,0.10759493670886076,0.2,0.1,0.1,7.0,9.1875,0.0,0.0,0.12025316455696203,0.0,0.05,0.08,14.0,7.777777777777778,0.0,0.0,0.10759493670886076,0.2,0.2,0.16,6.0,9.125,0.0,0.0,0.056962025316455694,0.0,0.0,0.06,21.0,15.25,0.0,0.0,0.0949367088607595,0.3,0.2,0.1,5.0,10.785714285714286,0.0,0.0,0.08860759493670886,0.0,0.0,0.06,28.0,9.76923076923077,0.0,0.0,0.12658227848101267,0.0,0.1,0.16,11.0,7.2631578947368425,0.0,0.0,0.0759493670886076,0.0,0.1,0.06,10.0,12.272727272727273,0.0,0.0,0.11392405063291139,0.1,0.1,0.18,9.0,8.705882352941176,0.0,0.0,0.12658227848101267,0.1,0.1,0.12,5.0,7.947368421052632,0.0,0.0,0.10126582278481013,0.2,0.1,0.06,3.0,10.266666666666667,0.0,0.0,0.10126582278481013,0.2,0.15,0.14,1.0,8.933333333333334,0.0,1.0,0.17721518987341772,0.0,0.1,0.14,12.0,5.185185185185185,0.0,0.0,0.08860759493670886,0.0,0.0,0.08,22.0,7.923076923076923,0.0,0.0,0.06329113924050633,0.1,0.05,0.02,9.0,15.555555555555555,0.0,0.0,0.08860759493670886,0.0,0.0,0.08,31.0,9.615384615384615,0.0,0.0,0.10126582278481013,0.1,0.1,0.14,4.0,9.666666666666666,0.0,0.0,0.08860759493670886,0.2,0.2,0.1,3.0,11.0,0.0,0.0,0.08227848101265822,0.0,0.0,0.06,29.0,10.583333333333334,0.0,0.0,0.10126582278481013,0.0,0.05,0.06,17.0,8.733333333333333,0.0,0.0,0.1518987341772152,0.3,0.2,0.16,0.0,6.304347826086956,1.0,1.0,0.12658227848101267,0.2,0.15,0.18,5.0,8.0,0.0,0.0,0.12025316455696203,0.2,0.2,0.18,0.0,8.333333333333334,1.0,1.0,143.0,2.0,39.0,1.0,2.0,0.0,2.0,158.0,11.0,4.0,0.0,1,0,0,0,0,0,0,0,0,0,0,0,0,0,0,0,0,0,0,0,0,0,0,0,1,0,0,0,0,0,0,0,1,0,0,1,1,0,0,0,0,0,0,0,0,0,0,0
2024-11-10,0.16352201257861634,0.2,0.2,0.16,0.0,6.24,1.0,1.0,0.11320754716981132,0.1,0.05,0.16,3.0,8.941176470588236,0.0,0.0,0.09433962264150944,0.0,0.05,0.06,16.0,9.714285714285714,0.0,0.0,0.07547169811320754,0.1,0.05,0.06,2.0,11.454545454545455,0.0,0.0,0.1069182389937107,0.0,0.05,0.08,12.0,8.9375,0.0,0.0,0.07547169811320754,0.0,0.1,0.08,14.0,12.727272727272727,0.0,0.0,0.11320754716981132,0.1,0.2,0.12,9.0,7.352941176470588,0.0,0.0,0.08176100628930817,0.0,0.0,0.02,35.0,9.666666666666666,0.0,0.0,0.16981132075471697,0.3,0.2,0.22,1.0,5.769230769230769,0.0,1.0,0.13836477987421383,0.1,0.2,0.14,2.0,6.9523809523809526,0.0,0.0,0.1320754716981132,0.2,0.15,0.08,4.0,7.5,0.0,0.0,0.11320754716981132,0.2,0.1,0.16,2.0,8.705882352941176,0.0,0.0,0.08176100628930817,0.0,0.0,0.02,31.0,9.416666666666666,0.0,0.0,0.09433962264150944,0.2,0.1,0.04,3.0,9.285714285714286,0.0,0.0,0.1069182389937107,0.1,0.1,0.1,4.0,8.3125,0.0,0.0,0.08176100628930817,0.1,0.2,0.12,7.0,12.166666666666666,0.0,0.0,0.09433962264150944,0.1,0.2,0.14,3.0,10.928571428571429,0.0,0.0,0.1069182389937107,0.1,0.1,0.12,5.0,9.3125,0.0,0.0,0.1069182389937107,0.1,0.1,0.12,1.0,9.4375,0.0,1.0,0.11949685534591195,0.1,0.15,0.1,2.0,8.444444444444445,0.0,0.0,0.1069182389937107,0.3,0.2,0.16,1.0,9.75,0.0,1.0,0.06918238993710692,0.0,0.0,0.04,21.0,12.9,0.0,0.0,0.06918238993710692,0.0,0.05,0.02,18.0,11.9,0.0,0.0,0.07547169811320754,0.2,0.15,0.08,7.0,13.727272727272727,0.0,0.0,0.09433962264150944,0.1,0.05,0.1,0.0,11.285714285714286,1.0,1.0,0.1069182389937107,0.1,0.1,0.1,8.0,9.1875,0.0,0.0,0.11949685534591195,0.0,0.05,0.08,15.0,7.777777777777778,0.0,0.0,0.1069182389937107,0.2,0.2,0.16,7.0,9.125,0.0,0.0,0.05660377358490566,0.0,0.0,0.06,22.0,15.25,0.0,0.0,0.09433962264150944,0.3,0.2,0.1,6.0,10.785714285714286,0.0,0.0,0.0880503144654088,0.0,0.0,0.06,29.0,9.76923076923077,0.0,0.0,0.12578616352201258,0.0,0.1,0.16,12.0,7.2631578947368425,0.0,0.0,0.08176100628930817,0.1,0.15,0.08,0.0,12.166666666666666,1.0,1.0,0.11320754716981132,0.0,0.1,0.18,10.0,8.705882352941176,0.0,0.0,0.12578616352201258,0.1,0.1,0.12,6.0,7.947368421052632,0.0,0.0,0.1069182389937107,0.3,0.15,0.08,0.0,9.875,1.0,1.0,0.1069182389937107,0.3,0.2,0.16,0.0,8.5,1.0,1.0,0.1761006289308176,0.0,0.1,0.14,13.0,5.185185185185185,0.0,0.0,0.0880503144654088,0.0,0.0,0.08,23.0,7.923076923076923,0.0,0.0,0.06289308176100629,0.0,0.05,0.02,10.0,15.555555555555555,0.0,0.0,0.0880503144654088,0.0,0.0,0.08,32.0,9.615384615384615,0.0,0.0,0.10062893081761007,0.1,0.05,0.12,5.0,9.666666666666666,0.0,0.0,0.0880503144654088,0.2,0.15,0.1,4.0,11.0,0.0,0.0,0.08176100628930817,0.0,0.0,0.06,30.0,10.583333333333334,0.0,0.0,0.10062893081761007,0.0,0.05,0.06,18.0,8.733333333333333,0.0,0.0,0.1509433962264151,0.3,0.2,0.16,1.0,6.304347826086956,0.0,1.0,0.12578616352201258,0.1,0.15,0.18,6.0,8.0,0.0,0.0,0.11949685534591195,0.2,0.15,0.16,1.0,8.333333333333334,0.0,1.0,132.0,1.0,36.0,1.0,0.0,3.0,1.0,159.0,11.0,7.0,3.0,0,0,0,0,1,0,0,0,0,0,0,0,0,0,0,0,0,0,0,0,0,0,0,0,0,0,0,0,0,0,0,0,0,0,0,0,1,1,0,1,0,1,0,0,0,0,0,0
2024-11-13,0.1625,0.1,0.2,0.16,1.0,6.24,0.0,1.0,0.1125,0.1,0.05,0.16,4.0,8.941176470588236,0.0,0.0,0.09375,0.0,0.05,0.06,17.0,9.714285714285714,0.0,0.0,0.075,0.1,0.05,0.06,3.0,11.454545454545455,0.0,0.0,0.1125,0.1,0.1,0.1,0.0,9.176470588235293,1.0,1.0,0.075,0.0,0.1,0.08,15.0,12.727272727272727,0.0,0.0,0.1125,0.0,0.2,0.12,10.0,7.352941176470588,0.0,0.0,0.08125,0.0,0.0,0.02,36.0,9.666666666666666,0.0,0.0,0.16875,0.3,0.15,0.22,2.0,5.769230769230769,0.0,0.0,0.1375,0.1,0.2,0.14,3.0,6.9523809523809526,0.0,0.0,0.13125,0.2,0.15,0.08,5.0,7.5,0.0,0.0,0.1125,0.1,0.1,0.16,3.0,8.705882352941176,0.0,0.0,0.08125,0.0,0.0,0.02,32.0,9.416666666666666,0.0,0.0,0.09375,0.2,0.1,0.04,4.0,9.285714285714286,0.0,0.0,0.10625,0.1,0.1,0.1,5.0,8.3125,0.0,0.0,0.08125,0.1,0.2,0.12,8.0,12.166666666666666,0.0,0.0,0.09375,0.1,0.2,0.14,4.0,10.928571428571429,0.0,0.0,0.10625,0.1,0.1,0.12,6.0,9.3125,0.0,0.0,0.10625,0.1,0.05,0.1,2.0,9.4375,0.0,0.0,0.11875,0.1,0.15,0.1,3.0,8.444444444444445,0.0,0.0,0.10625,0.3,0.15,0.16,2.0,9.75,0.0,0.0,0.06875,0.0,0.0,0.04,22.0,12.9,0.0,0.0,0.06875,0.0,0.05,0.02,19.0,11.9,0.0,0.0,0.075,0.1,0.15,0.08,8.0,13.727272727272727,0.0,0.0,0.09375,0.1,0.05,0.1,1.0,11.285714285714286,0.0,1.0,0.10625,0.1,0.1,0.1,9.0,9.1875,0.0,0.0,0.11875,0.0,0.05,0.08,16.0,7.777777777777778,0.0,0.0,0.10625,0.2,0.2,0.14,8.0,9.125,0.0,0.0,0.05625,0.0,0.0,0.06,23.0,15.25,0.0,0.0,0.09375,0.2,0.2,0.1,7.0,10.785714285714286,0.0,0.0,0.0875,0.0,0.0,0.06,30.0,9.76923076923077,0.0,0.0,0.125,0.0,0.1,0.14,13.0,7.2631578947368425,0.0,0.0,0.08125,0.1,0.15,0.08,1.0,12.166666666666666,0.0,1.0,0.1125,0.0,0.05,0.18,11.0,8.705882352941176,0.0,0.0,0.125,0.1,0.1,0.12,7.0,7.947368421052632,0.0,0.0,0.10625,0.3,0.15,0.08,1.0,9.875,0.0,1.0,0.1125,0.4,0.25,0.18,0.0,8.058823529411764,1.0,1.0,0.18125,0.1,0.1,0.16,0.0,5.5,1.0,1.0,0.0875,0.0,0.0,0.08,24.0,7.923076923076923,0.0,0.0,0.06875,0.1,0.1,0.04,0.0,15.1,1.0,1.0,0.0875,0.0,0.0,0.06,33.0,9.615384615384615,0.0,0.0,0.10625,0.2,0.1,0.12,0.0,9.4375,1.0,1.0,0.0875,0.2,0.15,0.1,5.0,11.0,0.0,0.0,0.08125,0.0,0.0,0.06,31.0,10.583333333333334,0.0,0.0,0.1,0.0,0.05,0.06,19.0,8.733333333333333,0.0,0.0,0.15,0.3,0.2,0.16,2.0,6.304347826086956,0.0,0.0,0.125,0.1,0.15,0.18,7.0,8.0,0.0,0.0,0.11875,0.2,0.15,0.16,2.0,8.333333333333334,0.0,0.0,162.0,3.0,37.0,1.0,0.0,0.0,4.0,160.0,11.0,10.0,6.0,0,0,0,0,0,0,0,1,0,0,0,1,0,0,0,0,0,0,1,0,0,0,0,0,0,0,0,0,0,0,0,0,0,0,0,0,0,0,1,0,0,0,0,0,1,0,0,0
2024-11-17,0.16149068322981366,0.1,0.2,0.16,2.0,6.24,0.0,0.0,0.11180124223602485,0.1,0.05,0.14,5.0,8.941176470588236,0.0,0.0,0.09316770186335403,0.0,0.05,0.06,18.0,9.714285714285714,0.0,0.0,0.07453416149068323,0.1,0.05,0.04,4.0,11.454545454545455,0.0,0.0,0.11180124223602485,0.1,0.1,0.1,1.0,9.176470588235293,0.0,1.0,0.07453416149068323,0.0,0.1,0.06,16.0,12.727272727272727,0.0,0.0,0.11180124223602485,0.0,0.2,0.12,11.0,7.352941176470588,0.0,0.0,0.08695652173913043,0.1,0.05,0.04,0.0,11.76923076923077,1.0,1.0,0.16770186335403728,0.2,0.15,0.22,3.0,5.769230769230769,0.0,0.0,0.13664596273291926,0.1,0.2,0.14,4.0,6.9523809523809526,0.0,0.0,0.13043478260869565,0.2,0.15,0.08,6.0,7.5,0.0,0.0,0.11801242236024845,0.2,0.15,0.18,0.0,8.444444444444445,1.0,1.0,0.08074534161490683,0.0,0.0,0.02,33.0,9.416666666666666,0.0,0.0,0.09316770186335403,0.2,0.1,0.04,5.0,9.285714285714286,0.0,0.0,0.10559006211180125,0.1,0.1,0.1,6.0,8.3125,0.0,0.0,0.08074534161490683,0.1,0.2,0.12,9.0,12.166666666666666,0.0,0.0,0.09316770186335403,0.1,0.2,0.14,5.0,10.928571428571429,0.0,0.0,0.10559006211180125,0.1,0.05,0.12,7.0,9.3125,0.0,0.0,0.11180124223602485,0.2,0.1,0.12,0.0,9.058823529411764,1.0,1.0,0.11801242236024845,0.1,0.15,0.08,4.0,8.444444444444445,0.0,0.0,0.10559006211180125,0.2,0.15,0.16,3.0,9.75,0.0,0.0,0.06832298136645963,0.0,0.0,0.04,23.0,12.9,0.0,0.0,0.06832298136645963,0.0,0.0,0.02,20.0,11.9,0.0,0.0,0.07453416149068323,0.1,0.15,0.08,9.0,13.727272727272727,0.0,0.0,0.09316770186335403,0.1,0.05,0.1,2.0,11.285714285714286,0.0,0.0,0.10559006211180125,0.0,0.1,0.1,10.0,9.1875,0.0,0.0,0.11801242236024845,0.0,0.05,0.08,17.0,7.777777777777778,0.0,0.0,0.10559006211180125,0.1,0.2,0.14,9.0,9.125,0.0,0.0,0.055900621118012424,0.0,0.0,0.06,24.0,15.25,0.0,0.0,0.09316770186335403,0.2,0.15,0.1,8.0,10.785714285714286,0.0,0.0,0.08695652173913043,0.0,0.0,0.06,31.0,9.76923076923077,0.0,0.0,0.12422360248447205,0.0,0.1,0.14,14.0,7.2631578947368425,0.0,0.0,0.08074534161490683,0.1,0.15,0.08,2.0,12.166666666666666,0.0,0.0,0.11180124223602485,0.0,0.05,0.18,12.0,8.705882352941176,0.0,0.0,0.12422360248447205,0.1,0.1,0.12,8.0,7.947368421052632,0.0,0.0,0.10559006211180125,0.3,0.15,0.08,2.0,9.875,0.0,0.0,0.11180124223602485,0.4,0.25,0.18,1.0,8.058823529411764,0.0,1.0,0.18012422360248448,0.1,0.1,0.16,1.0,5.5,0.0,1.0,0.09316770186335403,0.1,0.05,0.1,0.0,9.142857142857142,1.0,1.0,0.06832298136645963,0.1,0.1,0.04,1.0,15.1,0.0,1.0,0.08695652173913043,0.0,0.0,0.04,34.0,9.615384615384615,0.0,0.0,0.10559006211180125,0.2,0.1,0.12,1.0,9.4375,0.0,1.0,0.08695652173913043,0.1,0.15,0.1,6.0,11.0,0.0,0.0,0.08074534161490683,0.0,0.0,0.06,32.0,10.583333333333334,0.0,0.0,0.10559006211180125,0.1,0.05,0.08,0.0,9.4375,1.0,1.0,0.14906832298136646,0.3,0.2,0.16,3.0,6.304347826086956,0.0,0.0,0.12422360248447205,0.1,0.1,0.18,8.0,8.0,0.0,0.0,0.11801242236024845,0.2,0.15,0.16,3.0,8.333333333333334,0.0,0.0,123.0,2.0,37.0,2.0,1.0,0.0,2.0,161.0,11.0,13.0,2.0,0,0,0,0,0,0,0,1,0,0,0,0,0,0,0,0,0,0,0,0,0,0,0,0,0,0,1,0,0,0,1,0,0,0,0,0,0,0,0,0,1,0,0,0,0,0,1,0
2024-11-20,0.16049382716049382,0.1,0.15,0.16,3.0,6.24,0.0,0.0,0.1111111111111111,0.1,0.05,0.14,6.0,8.941176470588236,0.0,0.0,0.09259259259259259,0.0,0.05,0.06,19.0,9.714285714285714,0.0,0.0,0.07407407407407407,0.1,0.05,0.04,5.0,11.454545454545455,0.0,0.0,0.1111111111111111,0.1,0.1,0.1,2.0,9.176470588235293,0.0,0.0,0.07407407407407407,0.0,0.1,0.06,17.0,12.727272727272727,0.0,0.0,0.1111111111111111,0.0,0.2,0.12,12.0,7.352941176470588,0.0,0.0,0.09259259259259259,0.2,0.1,0.06,0.0,11.0,1.0,1.0,0.16666666666666666,0.2,0.15,0.22,4.0,5.769230769230769,0.0,0.0,0.13580246913580246,0.1,0.15,0.14,5.0,6.9523809523809526,0.0,0.0,0.12962962962962962,0.2,0.15,0.08,7.0,7.5,0.0,0.0,0.11728395061728394,0.2,0.15,0.16,1.0,8.444444444444445,0.0,1.0,0.08024691358024691,0.0,0.0,0.02,34.0,9.416666666666666,0.0,0.0,0.09259259259259259,0.2,0.1,0.04,6.0,9.285714285714286,0.0,0.0,0.10493827160493827,0.1,0.1,0.1,7.0,8.3125,0.0,0.0,0.08024691358024691,0.0,0.2,0.12,10.0,12.166666666666666,0.0,0.0,0.09259259259259259,0.1,0.2,0.14,6.0,10.928571428571429,0.0,0.0,0.10493827160493827,0.1,0.05,0.1,8.0,9.3125,0.0,0.0,0.1111111111111111,0.2,0.1,0.12,1.0,9.058823529411764,0.0,1.0,0.11728395061728394,0.1,0.1,0.08,5.0,8.444444444444445,0.0,0.0,0.10493827160493827,0.2,0.15,0.16,4.0,9.75,0.0,0.0,0.06790123456790123,0.0,0.0,0.04,24.0,12.9,0.0,0.0,0.06790123456790123,0.0,0.0,0.02,21.0,11.9,0.0,0.0,0.07407407407407407,0.0,0.15,0.08,10.0,13.727272727272727,0.0,0.0,0.09259259259259259,0.1,0.05,0.1,3.0,11.285714285714286,0.0,0.0,0.10493827160493827,0.0,0.1,0.1,11.0,9.1875,0.0,0.0,0.12345679012345678,0.1,0.1,0.1,0.0,8.31578947368421,1.0,1.0,0.10493827160493827,0.0,0.2,0.14,10.0,9.125,0.0,0.0,0.05555555555555555,0.0,0.0,0.06,25.0,15.25,0.0,0.0,0.09259259259259259,0.1,0.15,0.1,9.0,10.785714285714286,0.0,0.0,0.09259259259259259,0.1,0.05,0.08,0.0,11.357142857142858,1.0,1.0,0.12345679012345678,0.0,0.1,0.14,15.0,7.2631578947368425,0.0,0.0,0.08024691358024691,0.1,0.1,0.08,3.0,12.166666666666666,0.0,0.0,0.1111111111111111,0.0,0.05,0.18,13.0,8.705882352941176,0.0,0.0,0.12345679012345678,0.1,0.1,0.1,9.0,7.947368421052632,0.0,0.0,0.10493827160493827,0.2,0.15,0.08,3.0,9.875,0.0,0.0,0.1111111111111111,0.4,0.25,0.18,2.0,8.058823529411764,0.0,0.0,0.17901234567901234,0.1,0.1,0.14,2.0,5.5,0.0,0.0,0.09259259259259259,0.1,0.05,0.1,1.0,9.142857142857142,0.0,1.0,0.06790123456790123,0.1,0.1,0.04,2.0,15.1,0.0,0.0,0.09259259259259259,0.1,0.05,0.06,0.0,11.428571428571429,1.0,1.0,0.10493827160493827,0.2,0.1,0.12,2.0,9.4375,0.0,0.0,0.08641975308641975,0.1,0.15,0.1,7.0,11.0,0.0,0.0,0.08024691358024691,0.0,0.0,0.06,33.0,10.583333333333334,0.0,0.0,0.10493827160493827,0.1,0.05,0.08,1.0,9.4375,0.0,1.0,0.14814814814814814,0.3,0.15,0.16,4.0,6.304347826086956,0.0,0.0,0.12962962962962962,0.2,0.15,0.2,0.0,8.05,1.0,1.0,0.11728395061728394,0.2,0.15,0.14,4.0,8.333333333333334,0.0,0.0,154.0,1.0,39.0,1.0,0.0,2.0,2.0,162.0,11.0,17.0,6.0,0,1,0,0,1,0,1,0,0,0,0,0,1,1,0,0,0,0,0,0,0,0,0,0,0,0,0,0,0,0,0,0,0,0,0,0,0,0,0,0,0,0,0,0,0,0,0,0
2024-11-25,0.15950920245398773,0.1,0.15,0.16,4.0,6.24,0.0,0.0,0.1165644171779141,0.2,0.1,0.16,0.0,8.833333333333334,1.0,1.0,0.09202453987730061,0.0,0.0,0.06,20.0,9.714285714285714,0.0,0.0,0.0736196319018405,0.1,0.05,0.04,6.0,11.454545454545455,0.0,0.0,0.1165644171779141,0.2,0.15,0.12,0.0,8.833333333333334,1.0,1.0,0.0736196319018405,0.0,0.1,0.06,18.0,12.727272727272727,0.0,0.0,0.1165644171779141,0.1,0.2,0.14,0.0,7.666666666666667,1.0,1.0,0.09202453987730061,0.2,0.1,0.06,1.0,11.0,0.0,1.0,0.1656441717791411,0.2,0.15,0.22,5.0,5.769230769230769,0.0,0.0,0.13496932515337423,0.1,0.15,0.14,6.0,6.9523809523809526,0.0,0.0,0.12883435582822086,0.1,0.15,0.08,8.0,7.5,0.0,0.0,0.1165644171779141,0.2,0.15,0.14,2.0,8.444444444444445,0.0,0.0,0.08588957055214724,0.1,0.05,0.04,0.0,11.384615384615385,1.0,1.0,0.09815950920245399,0.3,0.15,0.06,0.0,9.133333333333333,1.0,1.0,0.10429447852760736,0.1,0.1,0.1,8.0,8.3125,0.0,0.0,0.07975460122699386,0.0,0.2,0.12,11.0,12.166666666666666,0.0,0.0,0.09202453987730061,0.1,0.2,0.14,7.0,10.928571428571429,0.0,0.0,0.10429447852760736,0.1,0.05,0.1,9.0,9.3125,0.0,0.0,0.11042944785276074,0.2,0.1,0.12,2.0,9.058823529411764,0.0,0.0,0.1165644171779141,0.1,0.1,0.08,6.0,8.444444444444445,0.0,0.0,0.10429447852760736,0.2,0.15,0.16,5.0,9.75,0.0,0.0,0.06748466257668712,0.0,0.0,0.04,25.0,12.9,0.0,0.0,0.06748466257668712,0.0,0.0,0.02,22.0,11.9,0.0,0.0,0.0736196319018405,0.0,0.15,0.08,11.0,13.727272727272727,0.0,0.0,0.09202453987730061,0.1,0.05,0.1,4.0,11.285714285714286,0.0,0.0,0.10429447852760736,0.0,0.1,0.1,12.0,9.1875,0.0,0.0,0.12269938650306748,0.1,0.1,0.1,1.0,8.31578947368421,0.0,1.0,0.10429447852760736,0.0,0.2,0.14,11.0,9.125,0.0,0.0,0.05521472392638037,0.0,0.0,0.04,26.0,15.25,0.0,0.0,0.09202453987730061,0.0,0.15,0.1,10.0,10.785714285714286,0.0,0.0,0.09202453987730061,0.1,0.05,0.08,1.0,11.357142857142858,0.0,1.0,0.12269938650306748,0.0,0.05,0.12,16.0,7.2631578947368425,0.0,0.0,0.07975460122699386,0.1,0.1,0.08,4.0,12.166666666666666,0.0,0.0,0.11042944785276074,0.0,0.05,0.18,14.0,8.705882352941176,0.0,0.0,0.12269938650306748,0.0,0.05,0.1,10.0,7.947368421052632,0.0,0.0,0.10429447852760736,0.2,0.15,0.08,4.0,9.875,0.0,0.0,0.11042944785276074,0.4,0.2,0.18,3.0,8.058823529411764,0.0,0.0,0.17791411042944785,0.1,0.1,0.12,3.0,5.5,0.0,0.0,0.09202453987730061,0.1,0.05,0.1,2.0,9.142857142857142,0.0,0.0,0.06748466257668712,0.1,0.1,0.04,3.0,15.1,0.0,0.0,0.09202453987730061,0.1,0.05,0.06,1.0,11.428571428571429,0.0,1.0,0.10429447852760736,0.2,0.1,0.12,3.0,9.4375,0.0,0.0,0.08588957055214724,0.1,0.15,0.1,8.0,11.0,0.0,0.0,0.07975460122699386,0.0,0.0,0.06,34.0,10.583333333333334,0.0,0.0,0.10429447852760736,0.1,0.05,0.08,2.0,9.4375,0.0,0.0,0.147239263803681,0.2,0.15,0.16,5.0,6.304347826086956,0.0,0.0,0.12883435582822086,0.1,0.15,0.2,1.0,8.05,0.0,1.0,0.1165644171779141,0.2,0.15,0.12,5.0,8.333333333333334,0.0,0.0,41.0,2.0,12.0,3.0,2.0,0.0,0.0,163.0,11.0,20.0,2.0,0,0,0,0,0,0,1,0,1,1,0,0,0,0,0,0,0,0,0,0,0,0,0,0,0,0,0,0,1,0,0,0,0,0,0,0,0,0,0,0,0,1,0,0,0,0,0,0
2024-11-28,0.15853658536585366,0.1,0.1,0.14,5.0,6.24,0.0,0.0,0.11585365853658537,0.2,0.1,0.16,1.0,8.833333333333334,0.0,1.0,0.09146341463414634,0.0,0.0,0.06,21.0,9.714285714285714,0.0,0.0,0.07317073170731707,0.1,0.05,0.04,7.0,11.454545454545455,0.0,0.0,0.11585365853658537,0.2,0.15,0.1,1.0,8.833333333333334,0.0,1.0,0.07317073170731707,0.0,0.05,0.06,19.0,12.727272727272727,0.0,0.0,0.12195121951219512,0.2,0.25,0.16,0.0,7.315789473684211,1.0,1.0,0.09146341463414634,0.2,0.1,0.06,2.0,11.0,0.0,0.0,0.17073170731707318,0.3,0.2,0.24,0.0,5.777777777777778,1.0,1.0,0.1402439024390244,0.2,0.2,0.16,0.0,6.954545454545454,1.0,1.0,0.12804878048780488,0.1,0.15,0.08,9.0,7.5,0.0,0.0,0.11585365853658537,0.2,0.15,0.14,3.0,8.444444444444445,0.0,0.0,0.08536585365853659,0.1,0.05,0.04,1.0,11.384615384615385,0.0,1.0,0.0975609756097561,0.2,0.15,0.06,1.0,9.133333333333333,0.0,1.0,0.10365853658536585,0.1,0.1,0.1,9.0,8.3125,0.0,0.0,0.07926829268292683,0.0,0.15,0.12,12.0,12.166666666666666,0.0,0.0,0.09146341463414634,0.1,0.2,0.12,8.0,10.928571428571429,0.0,0.0,0.10365853658536585,0.0,0.05,0.08,10.0,9.3125,0.0,0.0,0.10975609756097561,0.2,0.1,0.12,3.0,9.058823529411764,0.0,0.0,0.11585365853658537,0.1,0.1,0.08,7.0,8.444444444444445,0.0,0.0,0.10365853658536585,0.1,0.15,0.16,6.0,9.75,0.0,0.0,0.06707317073170732,0.0,0.0,0.04,26.0,12.9,0.0,0.0,0.06707317073170732,0.0,0.0,0.02,23.0,11.9,0.0,0.0,0.07317073170731707,0.0,0.15,0.08,12.0,13.727272727272727,0.0,0.0,0.09146341463414634,0.1,0.05,0.1,5.0,11.285714285714286,0.0,0.0,0.10365853658536585,0.0,0.1,0.1,13.0,9.1875,0.0,0.0,0.12195121951219512,0.1,0.05,0.1,2.0,8.31578947368421,0.0,0.0,0.10365853658536585,0.0,0.15,0.14,12.0,9.125,0.0,0.0,0.06097560975609756,0.1,0.05,0.04,0.0,16.555555555555557,1.0,1.0,0.09146341463414634,0.0,0.15,0.1,11.0,10.785714285714286,0.0,0.0,0.09146341463414634,0.1,0.05,0.08,2.0,11.357142857142858,0.0,0.0,0.12195121951219512,0.0,0.05,0.12,17.0,7.2631578947368425,0.0,0.0,0.07926829268292683,0.1,0.1,0.08,5.0,12.166666666666666,0.0,0.0,0.10975609756097561,0.0,0.05,0.18,15.0,8.705882352941176,0.0,0.0,0.12195121951219512,0.0,0.05,0.1,11.0,7.947368421052632,0.0,0.0,0.10365853658536585,0.2,0.15,0.08,5.0,9.875,0.0,0.0,0.10975609756097561,0.3,0.2,0.18,4.0,8.058823529411764,0.0,0.0,0.17682926829268292,0.1,0.1,0.12,4.0,5.5,0.0,0.0,0.09146341463414634,0.1,0.05,0.1,3.0,9.142857142857142,0.0,0.0,0.06707317073170732,0.1,0.1,0.04,4.0,15.1,0.0,0.0,0.09146341463414634,0.1,0.05,0.06,2.0,11.428571428571429,0.0,0.0,0.10975609756097561,0.2,0.15,0.14,0.0,9.117647058823529,1.0,1.0,0.08536585365853659,0.1,0.15,0.1,9.0,11.0,0.0,0.0,0.07926829268292683,0.0,0.0,0.06,35.0,10.583333333333334,0.0,0.0,0.10365853658536585,0.1,0.05,0.08,3.0,9.4375,0.0,0.0,0.14634146341463414,0.2,0.15,0.16,6.0,6.304347826086956,0.0,0.0,0.12804878048780488,0.1,0.15,0.2,2.0,8.05,0.0,0.0,0.11585365853658537,0.2,0.15,0.12,6.0,8.333333333333334,0.0,0.0,97.0,2.0,35.0,3.0,0.0,1.0,1.0,164.0,11.0,25.0,0.0,0,0,1,0,0,0,0,0,0,0,0,0,1,0,0,0,0,0,0,1,0,1,0,0,0,0,0,0,0,0,0,0,0,0,0,1,0,0,0,0,0,0,0,0,0,0,0,0
2024-12-01,0.15757575757575756,0.1,0.1,0.14,6.0,6.24,0.0,0.0,0.11515151515151516,0.2,0.1,0.16,2.0,8.833333333333334,0.0,0.0,0.09696969696969697,0.1,0.05,0.08,0.0,10.533333333333333,1.0,1.0,0.07272727272727272,0.1,0.05,0.04,8.0,11.454545454545455,0.0,0.0,0.11515151515151516,0.2,0.15,0.1,2.0,8.833333333333334,0.0,0.0,0.07272727272727272,0.0,0.0,0.06,20.0,12.727272727272727,0.0,0.0,0.12121212121212122,0.2,0.2,0.16,1.0,7.315789473684211,0.0,1.0,0.09090909090909091,0.2,0.1,0.06,3.0,11.0,0.0,0.0,0.1696969696969697,0.3,0.2,0.24,1.0,5.777777777777778,0.0,1.0,0.1393939393939394,0.2,0.2,0.16,1.0,6.954545454545454,0.0,1.0,0.12727272727272726,0.0,0.15,0.08,10.0,7.5,0.0,0.0,0.11515151515151516,0.2,0.15,0.14,4.0,8.444444444444445,0.0,0.0,0.09090909090909091,0.2,0.1,0.06,0.0,10.714285714285714,1.0,1.0,0.09696969696969697,0.2,0.15,0.06,2.0,9.133333333333333,0.0,0.0,0.10303030303030303,0.0,0.05,0.1,10.0,8.3125,0.0,0.0,0.07878787878787878,0.0,0.15,0.12,13.0,12.166666666666666,0.0,0.0,0.09090909090909091,0.1,0.15,0.12,9.0,10.928571428571429,0.0,0.0,0.10303030303030303,0.0,0.05,0.08,11.0,9.3125,0.0,0.0,0.10909090909090909,0.2,0.1,0.12,4.0,9.058823529411764,0.0,0.0,0.12121212121212122,0.2,0.15,0.08,0.0,8.421052631578947,1.0,1.0,0.10303030303030303,0.1,0.15,0.16,7.0,9.75,0.0,0.0,0.07272727272727272,0.1,0.05,0.06,0.0,14.181818181818182,1.0,1.0,0.06666666666666667,0.0,0.0,0.02,24.0,11.9,0.0,0.0,0.07272727272727272,0.0,0.1,0.08,13.0,13.727272727272727,0.0,0.0,0.09090909090909091,0.1,0.05,0.08,6.0,11.285714285714286,0.0,0.0,0.10303030303030303,0.0,0.1,0.1,14.0,9.1875,0.0,0.0,0.12121212121212122,0.1,0.05,0.1,3.0,8.31578947368421,0.0,0.0,0.10303030303030303,0.0,0.15,0.14,13.0,9.125,0.0,0.0,0.06060606060606061,0.1,0.05,0.04,1.0,16.555555555555557,0.0,1.0,0.09090909090909091,0.0,0.15,0.1,12.0,10.785714285714286,0.0,0.0,0.09090909090909091,0.1,0.05,0.08,3.0,11.357142857142858,0.0,0.0,0.12121212121212122,0.0,0.05,0.1,18.0,7.2631578947368425,0.0,0.0,0.07878787878787878,0.1,0.1,0.08,6.0,12.166666666666666,0.0,0.0,0.10909090909090909,0.0,0.05,0.18,16.0,8.705882352941176,0.0,0.0,0.12121212121212122,0.0,0.05,0.1,12.0,7.947368421052632,0.0,0.0,0.10909090909090909,0.2,0.2,0.1,0.0,9.647058823529411,1.0,1.0,0.10909090909090909,0.3,0.2,0.18,5.0,8.058823529411764,0.0,0.0,0.17575757575757575,0.1,0.1,0.12,5.0,5.5,0.0,0.0,0.09090909090909091,0.1,0.05,0.1,4.0,9.142857142857142,0.0,0.0,0.06666666666666667,0.1,0.1,0.04,5.0,15.1,0.0,0.0,0.09090909090909091,0.1,0.05,0.06,3.0,11.428571428571429,0.0,0.0,0.10909090909090909,0.2,0.15,0.12,1.0,9.117647058823529,0.0,1.0,0.08484848484848485,0.0,0.15,0.1,10.0,11.0,0.0,0.0,0.07878787878787878,0.0,0.0,0.06,36.0,10.583333333333334,0.0,0.0,0.10303030303030303,0.1,0.05,0.08,4.0,9.4375,0.0,0.0,0.14545454545454545,0.2,0.15,0.16,7.0,6.304347826086956,0.0,0.0,0.12727272727272726,0.1,0.15,0.18,3.0,8.05,0.0,0.0,0.11515151515151516,0.1,0.15,0.12,7.0,8.333333333333334,0.0,0.0,94.0,3.0,33.0,1.0,3.0,1.0,0.0,165.0,11.0,28.0,3.0,0,0,0,0,0,0,0,0,0,1,0,0,0,0,0,1,0,0,1,0,0,0,1,0,0,0,1,0,0,0,0,0,0,0,0,0,0,0,0,0,0,0,0,0,0,0,0,0
2024-12-04,0.1566265060240964,0.1,0.1,0.12,7.0,6.24,0.0,0.0,0.1144578313253012,0.1,0.1,0.16,3.0,8.833333333333334,0.0,0.0,0.0963855421686747,0.1,0.05,0.08,1.0,10.533333333333333,0.0,1.0,0.07228915662650602,0.1,0.05,0.04,9.0,11.454545454545455,0.0,0.0,0.1144578313253012,0.2,0.15,0.1,3.0,8.833333333333334,0.0,0.0,0.07228915662650602,0.0,0.0,0.06,21.0,12.727272727272727,0.0,0.0,0.12048192771084337,0.2,0.15,0.16,2.0,7.315789473684211,0.0,0.0,0.09036144578313253,0.2,0.1,0.06,4.0,11.0,0.0,0.0,0.1686746987951807,0.2,0.2,0.24,2.0,5.777777777777778,0.0,0.0,0.14457831325301204,0.3,0.2,0.18,0.0,6.739130434782608,1.0,1.0,0.12650602409638553,0.0,0.15,0.08,11.0,7.5,0.0,0.0,0.1144578313253012,0.2,0.15,0.14,5.0,8.444444444444445,0.0,0.0,0.09036144578313253,0.2,0.1,0.06,1.0,10.714285714285714,0.0,1.0,0.0963855421686747,0.1,0.15,0.06,3.0,9.133333333333333,0.0,0.0,0.10240963855421686,0.0,0.05,0.1,11.0,8.3125,0.0,0.0,0.08433734939759036,0.1,0.2,0.12,0.0,12.307692307692308,1.0,1.0,0.09036144578313253,0.0,0.1,0.12,10.0,10.928571428571429,0.0,0.0,0.10240963855421686,0.0,0.05,0.08,12.0,9.3125,0.0,0.0,0.1144578313253012,0.3,0.15,0.12,0.0,8.833333333333334,1.0,1.0,0.12048192771084337,0.2,0.15,0.08,1.0,8.421052631578947,0.0,1.0,0.10240963855421686,0.1,0.15,0.16,8.0,9.75,0.0,0.0,0.07228915662650602,0.1,0.05,0.06,1.0,14.181818181818182,0.0,1.0,0.07228915662650602,0.1,0.05,0.04,0.0,13.090909090909092,1.0,1.0,0.07228915662650602,0.0,0.1,0.08,14.0,13.727272727272727,0.0,0.0,0.09036144578313253,0.1,0.05,0.06,7.0,11.285714285714286,0.0,0.0,0.10240963855421686,0.0,0.1,0.1,15.0,9.1875,0.0,0.0,0.12650602409638553,0.2,0.1,0.12,0.0,8.1,1.0,1.0,0.10240963855421686,0.0,0.15,0.14,14.0,9.125,0.0,0.0,0.060240963855421686,0.1,0.05,0.04,2.0,16.555555555555557,0.0,0.0,0.09036144578313253,0.0,0.15,0.1,13.0,10.785714285714286,0.0,0.0,0.09036144578313253,0.1,0.05,0.08,4.0,11.357142857142858,0.0,0.0,0.12048192771084337,0.0,0.05,0.1,19.0,7.2631578947368425,0.0,0.0,0.0783132530120482,0.1,0.1,0.08,7.0,12.166666666666666,0.0,0.0,0.10843373493975904,0.0,0.05,0.16,17.0,8.705882352941176,0.0,0.0,0.12048192771084337,0.0,0.05,0.1,13.0,7.947368421052632,0.0,0.0,0.10843373493975904,0.2,0.2,0.1,1.0,9.647058823529411,0.0,1.0,0.10843373493975904,0.3,0.2,0.18,6.0,8.058823529411764,0.0,0.0,0.1746987951807229,0.1,0.05,0.12,6.0,5.5,0.0,0.0,0.09036144578313253,0.1,0.05,0.1,5.0,9.142857142857142,0.0,0.0,0.06626506024096386,0.1,0.1,0.04,6.0,15.1,0.0,0.0,0.09036144578313253,0.1,0.05,0.06,4.0,11.428571428571429,0.0,0.0,0.10843373493975904,0.2,0.15,0.12,2.0,9.117647058823529,0.0,0.0,0.08433734939759036,0.0,0.15,0.1,11.0,11.0,0.0,0.0,0.0783132530120482,0.0,0.0,0.06,37.0,10.583333333333334,0.0,0.0,0.10240963855421686,0.1,0.05,0.08,5.0,9.4375,0.0,0.0,0.14457831325301204,0.1,0.15,0.16,8.0,6.304347826086956,0.0,0.0,0.12650602409638553,0.1,0.15,0.18,4.0,8.05,0.0,0.0,0.1144578313253012,0.1,0.1,0.12,8.0,8.333333333333334,0.0,0.0,95.0,2.0,17.0,1.0,3.0,1.0,0.0,166.0,12.0,1.0,6.0,1,0,0,1,0,0,0,0,0,0,0,0,0,0,0,0,0,0,0,0,0,0,0,0,0,0,0,0,0,0,0,0,0,0,0,0,0,0,1,0,1,0,0,0,0,0,1,0
2024-12-08,0.16167664670658682,0.2,0.15,0.14,0.0,6.3076923076923075,1.0,1.0,0.11377245508982035,0.1,0.1,0.16,4.0,8.833333333333334,0.0,0.0,0.09580838323353294,0.1,0.05,0.08,2.0,10.533333333333333,0.0,0.0,0.07784431137724551,0.1,0.1,0.06,0.0,11.333333333333334,1.0,1.0,0.11377245508982035,0.2,0.1,0.1,4.0,8.833333333333334,0.0,0.0,0.0718562874251497,0.0,0.0,0.06,22.0,12.727272727272727,0.0,0.0,0.11976047904191617,0.2,0.15,0.16,3.0,7.315789473684211,0.0,0.0,0.08982035928143713,0.2,0.1,0.06,5.0,11.0,0.0,0.0,0.16766467065868262,0.2,0.2,0.22,3.0,5.777777777777778,0.0,0.0,0.1437125748502994,0.2,0.2,0.18,1.0,6.739130434782608,0.0,1.0,0.12574850299401197,0.0,0.15,0.08,12.0,7.5,0.0,0.0,0.11377245508982035,0.1,0.15,0.14,6.0,8.444444444444445,0.0,0.0,0.08982035928143713,0.2,0.1,0.06,2.0,10.714285714285714,0.0,0.0,0.09580838323353294,0.1,0.15,0.06,4.0,9.133333333333333,0.0,0.0,0.10179640718562874,0.0,0.05,0.1,12.0,8.3125,0.0,0.0,0.08383233532934131,0.1,0.2,0.12,1.0,12.307692307692308,0.0,1.0,0.08982035928143713,0.0,0.05,0.12,11.0,10.928571428571429,0.0,0.0,0.10179640718562874,0.0,0.05,0.08,13.0,9.3125,0.0,0.0,0.11377245508982035,0.3,0.15,0.12,1.0,8.833333333333334,0.0,1.0,0.11976047904191617,0.1,0.1,0.08,2.0,8.421052631578947,0.0,0.0,0.10179640718562874,0.1,0.15,0.16,9.0,9.75,0.0,0.0,0.0718562874251497,0.1,0.05,0.06,2.0,14.181818181818182,0.0,0.0,0.0718562874251497,0.1,0.05,0.04,1.0,13.090909090909092,0.0,1.0,0.0718562874251497,0.0,0.1,0.08,15.0,13.727272727272727,0.0,0.0,0.08982035928143713,0.1,0.05,0.06,8.0,11.285714285714286,0.0,0.0,0.10179640718562874,0.0,0.1,0.1,16.0,9.1875,0.0,0.0,0.12574850299401197,0.2,0.1,0.12,1.0,8.1,0.0,1.0,0.10179640718562874,0.0,0.1,0.14,15.0,9.125,0.0,0.0,0.059880239520958084,0.1,0.05,0.04,3.0,16.555555555555557,0.0,0.0,0.08982035928143713,0.0,0.15,0.1,14.0,10.785714285714286,0.0,0.0,0.08982035928143713,0.1,0.05,0.08,5.0,11.357142857142858,0.0,0.0,0.11976047904191617,0.0,0.0,0.1,20.0,7.2631578947368425,0.0,0.0,0.07784431137724551,0.1,0.1,0.08,8.0,12.166666666666666,0.0,0.0,0.10778443113772455,0.0,0.05,0.14,18.0,8.705882352941176,0.0,0.0,0.11976047904191617,0.0,0.05,0.1,14.0,7.947368421052632,0.0,0.0,0.10778443113772455,0.2,0.2,0.1,2.0,9.647058823529411,0.0,0.0,0.10778443113772455,0.2,0.2,0.16,7.0,8.058823529411764,0.0,0.0,0.17365269461077845,0.1,0.05,0.12,7.0,5.5,0.0,0.0,0.09580838323353294,0.2,0.1,0.12,0.0,8.933333333333334,1.0,1.0,0.0658682634730539,0.1,0.1,0.04,7.0,15.1,0.0,0.0,0.09580838323353294,0.2,0.1,0.08,0.0,11.0,1.0,1.0,0.10778443113772455,0.2,0.15,0.12,3.0,9.117647058823529,0.0,0.0,0.08383233532934131,0.0,0.15,0.1,12.0,11.0,0.0,0.0,0.07784431137724551,0.0,0.0,0.06,38.0,10.583333333333334,0.0,0.0,0.10179640718562874,0.1,0.05,0.06,6.0,9.4375,0.0,0.0,0.1437125748502994,0.1,0.15,0.16,9.0,6.304347826086956,0.0,0.0,0.1317365269461078,0.2,0.2,0.2,0.0,7.904761904761905,1.0,1.0,0.11377245508982035,0.1,0.1,0.1,9.0,8.333333333333334,0.0,0.0,132.0,1.0,46.0,2.0,0.0,0.0,3.0,167.0,12.0,4.0,2.0,0,0,0,0,0,0,0,0,1,1,0,0,0,0,0,0,0,0,0,0,0,1,0,0,0,0,0,0,0,0,0,0,0,1,0,0,0,0,0,0,0,0,0,0,1,0,0,0
2024-12-11,0.16071428571428573,0.2,0.15,0.14,1.0,6.3076923076923075,0.0,1.0,0.1130952380952381,0.1,0.1,0.16,5.0,8.833333333333334,0.0,0.0,0.09523809523809523,0.1,0.05,0.08,3.0,10.533333333333333,0.0,0.0,0.07738095238095238,0.1,0.1,0.06,1.0,11.333333333333334,0.0,1.0,0.1130952380952381,0.2,0.1,0.1,5.0,8.833333333333334,0.0,0.0,0.07142857142857142,0.0,0.0,0.06,23.0,12.727272727272727,0.0,0.0,0.11904761904761904,0.2,0.15,0.16,4.0,7.315789473684211,0.0,0.0,0.08928571428571429,0.2,0.1,0.06,6.0,11.0,0.0,0.0,0.17261904761904762,0.2,0.25,0.24,0.0,5.714285714285714,1.0,1.0,0.1488095238095238,0.3,0.2,0.2,0.0,6.541666666666667,1.0,1.0,0.125,0.0,0.1,0.08,13.0,7.5,0.0,0.0,0.1130952380952381,0.1,0.15,0.14,7.0,8.444444444444445,0.0,0.0,0.08928571428571429,0.2,0.1,0.06,3.0,10.714285714285714,0.0,0.0,0.09523809523809523,0.1,0.15,0.06,5.0,9.133333333333333,0.0,0.0,0.10119047619047619,0.0,0.05,0.08,13.0,8.3125,0.0,0.0,0.08333333333333333,0.1,0.15,0.12,2.0,12.307692307692308,0.0,0.0,0.08928571428571429,0.0,0.05,0.12,12.0,10.928571428571429,0.0,0.0,0.10119047619047619,0.0,0.05,0.08,14.0,9.3125,0.0,0.0,0.1130952380952381,0.2,0.15,0.12,2.0,8.833333333333334,0.0,0.0,0.11904761904761904,0.1,0.1,0.08,3.0,8.421052631578947,0.0,0.0,0.10119047619047619,0.0,0.15,0.14,10.0,9.75,0.0,0.0,0.07738095238095238,0.2,0.1,0.08,0.0,13.25,1.0,1.0,0.07142857142857142,0.1,0.05,0.04,2.0,13.090909090909092,0.0,0.0,0.07142857142857142,0.0,0.1,0.08,16.0,13.727272727272727,0.0,0.0,0.08928571428571429,0.1,0.05,0.06,9.0,11.285714285714286,0.0,0.0,0.10119047619047619,0.0,0.1,0.1,17.0,9.1875,0.0,0.0,0.125,0.2,0.1,0.12,2.0,8.1,0.0,0.0,0.10119047619047619,0.0,0.1,0.14,16.0,9.125,0.0,0.0,0.05952380952380952,0.1,0.05,0.04,4.0,16.555555555555557,0.0,0.0,0.08928571428571429,0.0,0.15,0.1,15.0,10.785714285714286,0.0,0.0,0.08928571428571429,0.1,0.05,0.08,6.0,11.357142857142858,0.0,0.0,0.11904761904761904,0.0,0.0,0.1,21.0,7.2631578947368425,0.0,0.0,0.07738095238095238,0.1,0.05,0.08,9.0,12.166666666666666,0.0,0.0,0.1130952380952381,0.1,0.1,0.14,0.0,9.277777777777779,1.0,1.0,0.11904761904761904,0.0,0.05,0.1,15.0,7.947368421052632,0.0,0.0,0.10714285714285714,0.2,0.2,0.1,3.0,9.647058823529411,0.0,0.0,0.10714285714285714,0.2,0.2,0.16,8.0,8.058823529411764,0.0,0.0,0.17261904761904762,0.1,0.05,0.1,8.0,5.5,0.0,0.0,0.09523809523809523,0.2,0.1,0.12,1.0,8.933333333333334,0.0,1.0,0.06547619047619048,0.1,0.1,0.04,8.0,15.1,0.0,0.0,0.09523809523809523,0.2,0.1,0.08,1.0,11.0,0.0,1.0,0.10714285714285714,0.2,0.15,0.12,4.0,9.117647058823529,0.0,0.0,0.08333333333333333,0.0,0.1,0.1,13.0,11.0,0.0,0.0,0.07738095238095238,0.0,0.0,0.06,39.0,10.583333333333334,0.0,0.0,0.10714285714285714,0.2,0.1,0.08,0.0,9.294117647058824,1.0,1.0,0.14285714285714285,0.0,0.15,0.14,10.0,6.304347826086956,0.0,0.0,0.13095238095238096,0.2,0.2,0.2,1.0,7.904761904761905,0.0,1.0,0.1130952380952381,0.0,0.1,0.1,10.0,8.333333333333334,0.0,0.0,120.0,3.0,36.0,2.0,1.0,1.0,1.0,168.0,12.0,8.0,6.0,0,0,0,0,0,0,0,0,0,0,0,0,0,0,0,0,0,0,1,1,0,0,0,0,0,0,1,0,0,0,0,0,0,0,0,0,0,0,1,0,0,1,0,0,0,0,0,0
2024-12-15,0.15976331360946747,0.1,0.15,0.14,2.0,6.3076923076923075,0.0,0.0,0.11242603550295859,0.1,0.1,0.14,6.0,8.833333333333334,0.0,0.0,0.09467455621301775,0.1,0.05,0.08,4.0,10.533333333333333,0.0,0.0,0.07692307692307693,0.1,0.1,0.06,2.0,11.333333333333334,0.0,0.0,0.11242603550295859,0.2,0.1,0.1,6.0,8.833333333333334,0.0,0.0,0.07100591715976332,0.0,0.0,0.06,24.0,12.727272727272727,0.0,0.0,0.11834319526627218,0.2,0.15,0.14,5.0,7.315789473684211,0.0,0.0,0.08875739644970414,0.2,0.1,0.06,7.0,11.0,0.0,0.0,0.17159763313609466,0.2,0.25,0.22,1.0,5.714285714285714,0.0,1.0,0.14792899408284024,0.3,0.2,0.2,1.0,6.541666666666667,0.0,1.0,0.1242603550295858,0.0,0.1,0.08,14.0,7.5,0.0,0.0,0.11242603550295859,0.1,0.15,0.14,8.0,8.444444444444445,0.0,0.0,0.08875739644970414,0.2,0.1,0.06,4.0,10.714285714285714,0.0,0.0,0.09467455621301775,0.1,0.15,0.06,6.0,9.133333333333333,0.0,0.0,0.10059171597633136,0.0,0.05,0.08,14.0,8.3125,0.0,0.0,0.08284023668639054,0.1,0.1,0.12,3.0,12.307692307692308,0.0,0.0,0.08875739644970414,0.0,0.05,0.12,13.0,10.928571428571429,0.0,0.0,0.10059171597633136,0.0,0.05,0.08,15.0,9.3125,0.0,0.0,0.11834319526627218,0.3,0.2,0.14,0.0,8.526315789473685,1.0,1.0,0.1242603550295858,0.2,0.15,0.1,0.0,8.2,1.0,1.0,0.10059171597633136,0.0,0.15,0.14,11.0,9.75,0.0,0.0,0.07692307692307693,0.2,0.1,0.08,1.0,13.25,0.0,1.0,0.07100591715976332,0.1,0.05,0.04,3.0,13.090909090909092,0.0,0.0,0.07100591715976332,0.0,0.1,0.08,17.0,13.727272727272727,0.0,0.0,0.08875739644970414,0.0,0.05,0.06,10.0,11.285714285714286,0.0,0.0,0.10059171597633136,0.0,0.05,0.1,18.0,9.1875,0.0,0.0,0.1301775147928994,0.3,0.15,0.14,0.0,7.857142857142857,1.0,1.0,0.10059171597633136,0.0,0.1,0.14,17.0,9.125,0.0,0.0,0.05917159763313609,0.1,0.05,0.04,5.0,16.555555555555557,0.0,0.0,0.08875739644970414,0.0,0.15,0.1,16.0,10.785714285714286,0.0,0.0,0.08875739644970414,0.1,0.05,0.08,7.0,11.357142857142858,0.0,0.0,0.11834319526627218,0.0,0.0,0.1,22.0,7.2631578947368425,0.0,0.0,0.07692307692307693,0.0,0.05,0.08,10.0,12.166666666666666,0.0,0.0,0.11242603550295859,0.1,0.05,0.12,1.0,9.277777777777779,0.0,1.0,0.11834319526627218,0.0,0.05,0.1,16.0,7.947368421052632,0.0,0.0,0.10650887573964497,0.1,0.2,0.1,4.0,9.647058823529411,0.0,0.0,0.10650887573964497,0.1,0.2,0.16,9.0,8.058823529411764,0.0,0.0,0.17159763313609466,0.1,0.05,0.1,9.0,5.5,0.0,0.0,0.10059171597633136,0.3,0.15,0.14,0.0,8.5,1.0,1.0,0.0650887573964497,0.1,0.05,0.04,9.0,15.1,0.0,0.0,0.09467455621301775,0.2,0.1,0.08,2.0,11.0,0.0,0.0,0.11242603550295859,0.3,0.2,0.14,0.0,8.88888888888889,1.0,1.0,0.08284023668639054,0.0,0.1,0.1,14.0,11.0,0.0,0.0,0.07692307692307693,0.0,0.0,0.06,40.0,10.583333333333334,0.0,0.0,0.10650887573964497,0.2,0.1,0.08,1.0,9.294117647058824,0.0,1.0,0.14201183431952663,0.0,0.15,0.14,11.0,6.304347826086956,0.0,0.0,0.1301775147928994,0.2,0.15,0.18,2.0,7.904761904761905,0.0,0.0,0.11242603550295859,0.0,0.1,0.1,11.0,8.333333333333334,0.0,0.0,147.0,2.0,23.0,0.0,2.0,1.0,2.0,169.0,12.0,11.0,2.0,0,0,0,0,0,0,0,0,0,0,0,0,1,0,1,0,0,0,0,0,0,1,0,0,0,0,0,0,1,0,0,0,1,0,0,0,0,0,0,0,0,0,0,0,0,0,0,0
2024-12-18,0.1588235294117647,0.1,0.1,0.14,3.0,6.3076923076923075,0.0,0.0,0.11176470588235295,0.1,0.1,0.14,7.0,8.833333333333334,0.0,0.0,0.09411764705882353,0.1,0.05,0.08,5.0,10.533333333333333,0.0,0.0,0.07647058823529412,0.1,0.1,0.06,3.0,11.333333333333334,0.0,0.0,0.11176470588235295,0.1,0.1,0.1,7.0,8.833333333333334,0.0,0.0,0.07058823529411765,0.0,0.0,0.06,25.0,12.727272727272727,0.0,0.0,0.11764705882352941,0.2,0.1,0.14,6.0,7.315789473684211,0.0,0.0,0.08823529411764706,0.2,0.1,0.06,8.0,11.0,0.0,0.0,0.17058823529411765,0.2,0.25,0.22,2.0,5.714285714285714,0.0,0.0,0.14705882352941177,0.3,0.2,0.2,2.0,6.541666666666667,0.0,0.0,0.12352941176470589,0.0,0.1,0.08,15.0,7.5,0.0,0.0,0.11176470588235295,0.1,0.1,0.14,9.0,8.444444444444445,0.0,0.0,0.09411764705882353,0.3,0.15,0.08,0.0,10.333333333333334,1.0,1.0,0.09411764705882353,0.1,0.15,0.06,7.0,9.133333333333333,0.0,0.0,0.10588235294117647,0.1,0.1,0.1,0.0,8.705882352941176,1.0,1.0,0.08235294117647059,0.1,0.1,0.12,4.0,12.307692307692308,0.0,0.0,0.08823529411764706,0.0,0.05,0.12,14.0,10.928571428571429,0.0,0.0,0.1,0.0,0.05,0.08,16.0,9.3125,0.0,0.0,0.11764705882352941,0.3,0.2,0.14,1.0,8.526315789473685,0.0,1.0,0.12352941176470589,0.2,0.15,0.1,1.0,8.2,0.0,1.0,0.1,0.0,0.15,0.14,12.0,9.75,0.0,0.0,0.08235294117647059,0.3,0.15,0.1,0.0,12.384615384615385,1.0,1.0,0.07058823529411765,0.1,0.05,0.04,4.0,13.090909090909092,0.0,0.0,0.07058823529411765,0.0,0.05,0.08,18.0,13.727272727272727,0.0,0.0,0.08823529411764706,0.0,0.05,0.06,11.0,11.285714285714286,0.0,0.0,0.1,0.0,0.05,0.1,19.0,9.1875,0.0,0.0,0.12941176470588237,0.3,0.15,0.14,1.0,7.857142857142857,0.0,1.0,0.1,0.0,0.1,0.12,18.0,9.125,0.0,0.0,0.06470588235294118,0.2,0.1,0.06,0.0,15.5,1.0,1.0,0.08823529411764706,0.0,0.1,0.08,17.0,10.785714285714286,0.0,0.0,0.08823529411764706,0.1,0.05,0.08,8.0,11.357142857142858,0.0,0.0,0.11764705882352941,0.0,0.0,0.1,23.0,7.2631578947368425,0.0,0.0,0.08235294117647059,0.1,0.1,0.1,0.0,12.076923076923077,1.0,1.0,0.11176470588235295,0.1,0.05,0.1,2.0,9.277777777777779,0.0,0.0,0.11764705882352941,0.0,0.05,0.1,17.0,7.947368421052632,0.0,0.0,0.10588235294117647,0.1,0.2,0.1,5.0,9.647058823529411,0.0,0.0,0.10588235294117647,0.0,0.2,0.14,10.0,8.058823529411764,0.0,0.0,0.17058823529411765,0.0,0.05,0.1,10.0,5.5,0.0,0.0,0.1,0.3,0.15,0.14,1.0,8.5,0.0,1.0,0.06470588235294118,0.0,0.05,0.04,10.0,15.1,0.0,0.0,0.09411764705882353,0.2,0.1,0.08,3.0,11.0,0.0,0.0,0.11176470588235295,0.2,0.2,0.14,1.0,8.88888888888889,0.0,1.0,0.08235294117647059,0.0,0.1,0.1,15.0,11.0,0.0,0.0,0.07647058823529412,0.0,0.0,0.04,41.0,10.583333333333334,0.0,0.0,0.10588235294117647,0.2,0.1,0.08,2.0,9.294117647058824,0.0,0.0,0.1411764705882353,0.0,0.15,0.14,12.0,6.304347826086956,0.0,0.0,0.12941176470588237,0.2,0.15,0.18,3.0,7.904761904761905,0.0,0.0,0.11176470588235295,0.0,0.1,0.1,12.0,8.333333333333334,0.0,0.0,112.0,1.0,20.0,0.0,3.0,2.0,0.0,170.0,12.0,15.0,6.0,0,0,0,0,1,0,0,0,0,0,0,0,0,0,0,0,0,0,0,0,0,0,1,0,0,0,0,0,0,0,0,1,0,0,0,0,0,0,0,1,0,0,0,1,0,0,0,0
2024-12-22,0.15789473684210525,0.1,0.1,0.14,4.0,6.3076923076923075,0.0,0.0,0.1111111111111111,0.1,0.1,0.14,8.0,8.833333333333334,0.0,0.0,0.0935672514619883,0.1,0.05,0.08,6.0,10.533333333333333,0.0,0.0,0.07602339181286549,0.1,0.1,0.06,4.0,11.333333333333334,0.0,0.0,0.11695906432748537,0.2,0.15,0.1,0.0,8.789473684210526,1.0,1.0,0.07017543859649122,0.0,0.0,0.06,26.0,12.727272727272727,0.0,0.0,0.11695906432748537,0.2,0.1,0.14,7.0,7.315789473684211,0.0,0.0,0.08771929824561403,0.1,0.1,0.06,9.0,11.0,0.0,0.0,0.1695906432748538,0.2,0.2,0.22,3.0,5.714285714285714,0.0,0.0,0.14619883040935672,0.3,0.2,0.2,3.0,6.541666666666667,0.0,0.0,0.12280701754385964,0.0,0.1,0.08,16.0,7.5,0.0,0.0,0.1111111111111111,0.0,0.1,0.14,10.0,8.444444444444445,0.0,0.0,0.0935672514619883,0.3,0.15,0.08,1.0,10.333333333333334,0.0,1.0,0.0935672514619883,0.1,0.15,0.06,8.0,9.133333333333333,0.0,0.0,0.10526315789473684,0.1,0.1,0.1,1.0,8.705882352941176,0.0,1.0,0.08187134502923976,0.1,0.1,0.12,5.0,12.307692307692308,0.0,0.0,0.08771929824561403,0.0,0.05,0.12,15.0,10.928571428571429,0.0,0.0,0.09941520467836257,0.0,0.05,0.06,17.0,9.3125,0.0,0.0,0.11695906432748537,0.2,0.2,0.14,2.0,8.526315789473685,0.0,0.0,0.12280701754385964,0.2,0.15,0.1,2.0,8.2,0.0,0.0,0.09941520467836257,0.0,0.1,0.14,13.0,9.75,0.0,0.0,0.08187134502923976,0.3,0.15,0.1,1.0,12.384615384615385,0.0,1.0,0.07602339181286549,0.2,0.1,0.06,0.0,12.416666666666666,1.0,1.0,0.07017543859649122,0.0,0.05,0.08,19.0,13.727272727272727,0.0,0.0,0.08771929824561403,0.0,0.05,0.06,12.0,11.285714285714286,0.0,0.0,0.09941520467836257,0.0,0.0,0.08,20.0,9.1875,0.0,0.0,0.1286549707602339,0.3,0.15,0.14,2.0,7.857142857142857,0.0,0.0,0.09941520467836257,0.0,0.05,0.12,19.0,9.125,0.0,0.0,0.06432748538011696,0.2,0.1,0.06,1.0,15.5,0.0,1.0,0.08771929824561403,0.0,0.1,0.08,18.0,10.785714285714286,0.0,0.0,0.08771929824561403,0.1,0.05,0.08,9.0,11.357142857142858,0.0,0.0,0.12280701754385964,0.1,0.05,0.12,0.0,8.1,1.0,1.0,0.08187134502923976,0.1,0.1,0.1,1.0,12.076923076923077,0.0,1.0,0.1111111111111111,0.1,0.05,0.1,3.0,9.277777777777779,0.0,0.0,0.11695906432748537,0.0,0.05,0.1,18.0,7.947368421052632,0.0,0.0,0.10526315789473684,0.1,0.2,0.1,6.0,9.647058823529411,0.0,0.0,0.10526315789473684,0.0,0.2,0.14,11.0,8.058823529411764,0.0,0.0,0.1695906432748538,0.0,0.05,0.1,11.0,5.5,0.0,0.0,0.09941520467836257,0.2,0.15,0.14,2.0,8.5,0.0,0.0,0.07017543859649122,0.1,0.1,0.06,0.0,14.727272727272727,1.0,1.0,0.0935672514619883,0.2,0.1,0.08,4.0,11.0,0.0,0.0,0.1111111111111111,0.2,0.2,0.14,2.0,8.88888888888889,0.0,0.0,0.08187134502923976,0.0,0.05,0.1,16.0,11.0,0.0,0.0,0.08187134502923976,0.1,0.05,0.04,0.0,13.0,1.0,1.0,0.10526315789473684,0.1,0.1,0.08,3.0,9.294117647058824,0.0,0.0,0.14035087719298245,0.0,0.15,0.12,13.0,6.304347826086956,0.0,0.0,0.1286549707602339,0.2,0.15,0.18,4.0,7.904761904761905,0.0,0.0,0.1111111111111111,0.0,0.1,0.1,13.0,8.333333333333334,0.0,0.0,144.0,3.0,39.0,1.0,1.0,1.0,2.0,171.0,12.0,18.0,2.0,0,1,0,0,0,0,0,0,0,0,0,0,0,0,0,0,0,0,0,0,0,0,0,1,1,0,0,0,0,0,0,0,0,0,0,0,0,0,0,0,1,0,0,0,0,1,0,0
2024-12-26,0.1569767441860465,0.1,0.1,0.14,5.0,6.3076923076923075,0.0,0.0,0.11627906976744186,0.2,0.15,0.16,0.0,8.842105263157896,1.0,1.0,0.09302325581395349,0.1,0.05,0.08,7.0,10.533333333333333,0.0,0.0,0.0755813953488372,0.1,0.1,0.06,5.0,11.333333333333334,0.0,0.0,0.11627906976744186,0.2,0.15,0.1,1.0,8.789473684210526,0.0,1.0,0.06976744186046512,0.0,0.0,0.06,27.0,12.727272727272727,0.0,0.0,0.11627906976744186,0.2,0.1,0.14,8.0,7.315789473684211,0.0,0.0,0.0872093023255814,0.0,0.1,0.06,10.0,11.0,0.0,0.0,0.1686046511627907,0.2,0.2,0.2,4.0,5.714285714285714,0.0,0.0,0.14534883720930233,0.3,0.2,0.18,4.0,6.541666666666667,0.0,0.0,0.12209302325581395,0.0,0.1,0.08,17.0,7.5,0.0,0.0,0.11046511627906977,0.0,0.1,0.14,11.0,8.444444444444445,0.0,0.0,0.09302325581395349,0.3,0.15,0.08,2.0,10.333333333333334,0.0,0.0,0.09302325581395349,0.1,0.15,0.06,9.0,9.133333333333333,0.0,0.0,0.10465116279069768,0.1,0.1,0.1,2.0,8.705882352941176,0.0,0.0,0.08139534883720931,0.1,0.05,0.12,6.0,12.307692307692308,0.0,0.0,0.0872093023255814,0.0,0.05,0.12,16.0,10.928571428571429,0.0,0.0,0.09883720930232558,0.0,0.05,0.06,18.0,9.3125,0.0,0.0,0.11627906976744186,0.2,0.2,0.14,3.0,8.526315789473685,0.0,0.0,0.12209302325581395,0.2,0.15,0.1,3.0,8.2,0.0,0.0,0.09883720930232558,0.0,0.1,0.14,14.0,9.75,0.0,0.0,0.08139534883720931,0.3,0.15,0.1,2.0,12.384615384615385,0.0,0.0,0.0755813953488372,0.2,0.1,0.06,1.0,12.416666666666666,0.0,1.0,0.0755813953488372,0.1,0.05,0.1,0.0,14.25,1.0,1.0,0.09302325581395349,0.1,0.1,0.08,0.0,11.4,1.0,1.0,0.09883720930232558,0.0,0.0,0.08,21.0,9.1875,0.0,0.0,0.12790697674418605,0.2,0.15,0.14,3.0,7.857142857142857,0.0,0.0,0.09883720930232558,0.0,0.0,0.12,20.0,9.125,0.0,0.0,0.06395348837209303,0.2,0.1,0.06,2.0,15.5,0.0,0.0,0.0872093023255814,0.0,0.05,0.08,19.0,10.785714285714286,0.0,0.0,0.0872093023255814,0.0,0.05,0.08,10.0,11.357142857142858,0.0,0.0,0.12209302325581395,0.1,0.05,0.12,1.0,8.1,0.0,1.0,0.08139534883720931,0.1,0.1,0.1,2.0,12.076923076923077,0.0,0.0,0.11046511627906977,0.1,0.05,0.08,4.0,9.277777777777779,0.0,0.0,0.11627906976744186,0.0,0.05,0.1,19.0,7.947368421052632,0.0,0.0,0.10465116279069768,0.1,0.15,0.08,7.0,9.647058823529411,0.0,0.0,0.10465116279069768,0.0,0.2,0.14,12.0,8.058823529411764,0.0,0.0,0.1686046511627907,0.0,0.05,0.1,12.0,5.5,0.0,0.0,0.09883720930232558,0.2,0.15,0.14,3.0,8.5,0.0,0.0,0.06976744186046512,0.1,0.1,0.06,1.0,14.727272727272727,0.0,1.0,0.09883720930232558,0.2,0.15,0.08,0.0,10.625,1.0,1.0,0.11046511627906977,0.2,0.2,0.14,3.0,8.88888888888889,0.0,0.0,0.08139534883720931,0.0,0.05,0.1,17.0,11.0,0.0,0.0,0.08139534883720931,0.1,0.05,0.04,1.0,13.0,0.0,1.0,0.10465116279069768,0.1,0.1,0.08,4.0,9.294117647058824,0.0,0.0,0.14534883720930233,0.1,0.2,0.14,0.0,6.625,1.0,1.0,0.12790697674418605,0.1,0.15,0.18,5.0,7.904761904761905,0.0,0.0,0.11046511627906977,0.0,0.1,0.1,14.0,8.333333333333334,0.0,0.0,138.0,3.0,44.0,1.0,1.0,1.0,2.0,172.0,12.0,22.0,6.0,0,1,0,0,0,1,0,0,0,0,0,0,0,0,0,0,0,0,0,1,0,0,0,0,0,0,0,0,1,0,1,0,0,0,0,0,0,0,0,0,0,0,0,0,0,0,0,0
2024-12-29,0.15606936416184972,0.1,0.1,0.14,6.0,6.3076923076923075,0.0,0.0,0.12138728323699421,0.2,0.2,0.18,0.0,8.45,1.0,1.0,0.09248554913294797,0.1,0.05,0.08,8.0,10.533333333333333,0.0,0.0,0.07514450867052024,0.1,0.1,0.06,6.0,11.333333333333334,0.0,0.0,0.11560693641618497,0.1,0.15,0.1,2.0,8.789473684210526,0.0,0.0,0.07514450867052024,0.1,0.05,0.08,0.0,14.0,1.0,1.0,0.11560693641618497,0.1,0.1,0.12,9.0,7.315789473684211,0.0,0.0,0.08670520231213873,0.0,0.1,0.06,11.0,11.0,0.0,0.0,0.1676300578034682,0.2,0.2,0.2,5.0,5.714285714285714,0.0,0.0,0.14450867052023122,0.3,0.2,0.18,5.0,6.541666666666667,0.0,0.0,0.12138728323699421,0.0,0.05,0.08,18.0,7.5,0.0,0.0,0.10982658959537572,0.0,0.1,0.14,12.0,8.444444444444445,0.0,0.0,0.09248554913294797,0.2,0.15,0.08,3.0,10.333333333333334,0.0,0.0,0.09248554913294797,0.0,0.15,0.06,10.0,9.133333333333333,0.0,0.0,0.10404624277456648,0.1,0.1,0.08,3.0,8.705882352941176,0.0,0.0,0.08092485549132948,0.1,0.05,0.12,7.0,12.307692307692308,0.0,0.0,0.08670520231213873,0.0,0.05,0.12,17.0,10.928571428571429,0.0,0.0,0.09826589595375723,0.0,0.05,0.06,19.0,9.3125,0.0,0.0,0.11560693641618497,0.2,0.2,0.14,4.0,8.526315789473685,0.0,0.0,0.12716763005780346,0.3,0.2,0.12,0.0,8.0,1.0,1.0,0.09826589595375723,0.0,0.1,0.14,15.0,9.75,0.0,0.0,0.08092485549132948,0.3,0.15,0.1,3.0,12.384615384615385,0.0,0.0,0.07514450867052024,0.2,0.1,0.06,2.0,12.416666666666666,0.0,0.0,0.07514450867052024,0.1,0.05,0.1,1.0,14.25,0.0,1.0,0.09248554913294797,0.1,0.1,0.08,1.0,11.4,0.0,1.0,0.09826589595375723,0.0,0.0,0.08,22.0,9.1875,0.0,0.0,0.12716763005780346,0.2,0.15,0.14,4.0,7.857142857142857,0.0,0.0,0.09826589595375723,0.0,0.0,0.12,21.0,9.125,0.0,0.0,0.06936416184971098,0.3,0.15,0.08,0.0,14.363636363636363,1.0,1.0,0.08670520231213873,0.0,0.0,0.08,20.0,10.785714285714286,0.0,0.0,0.09248554913294797,0.1,0.1,0.1,0.0,11.333333333333334,1.0,1.0,0.12138728323699421,0.1,0.05,0.12,2.0,8.1,0.0,0.0,0.08092485549132948,0.1,0.1,0.1,3.0,12.076923076923077,0.0,0.0,0.10982658959537572,0.1,0.05,0.08,5.0,9.277777777777779,0.0,0.0,0.11560693641618497,0.0,0.0,0.1,20.0,7.947368421052632,0.0,0.0,0.10404624277456648,0.1,0.15,0.08,8.0,9.647058823529411,0.0,0.0,0.10404624277456648,0.0,0.2,0.14,13.0,8.058823529411764,0.0,0.0,0.1676300578034682,0.0,0.05,0.08,13.0,5.5,0.0,0.0,0.09826589595375723,0.2,0.15,0.14,4.0,8.5,0.0,0.0,0.06936416184971098,0.1,0.1,0.06,2.0,14.727272727272727,0.0,0.0,0.09826589595375723,0.2,0.15,0.08,1.0,10.625,0.0,1.0,0.10982658959537572,0.2,0.2,0.12,4.0,8.88888888888889,0.0,0.0,0.08092485549132948,0.0,0.05,0.1,18.0,11.0,0.0,0.0,0.08092485549132948,0.1,0.05,0.04,2.0,13.0,0.0,0.0,0.10404624277456648,0.1,0.1,0.08,5.0,9.294117647058824,0.0,0.0,0.14450867052023122,0.1,0.15,0.14,1.0,6.625,0.0,1.0,0.12716763005780346,0.1,0.1,0.16,6.0,7.904761904761905,0.0,0.0,0.10982658959537572,0.0,0.1,0.1,15.0,8.333333333333334,0.0,0.0,88.0,3.0,29.0,2.0,1.0,2.0,0.0,173.0,12.0,26.0,3.0,0,0,1,0,0,0,0,0,0,1,0,0,0,0,0,1,0,0,0,0,0,0,0,0,1,0,0,0,0,0,0,0,0,0,0,0,0,0,0,0,0,0,1,0,0,0,0,0
2025-01-09,0.15517241379310345,0.1,0.1,0.14,7.0,6.3076923076923075,0.0,0.0,0.1206896551724138,0.2,0.2,0.18,1.0,8.45,0.0,1.0,0.09770114942528736,0.2,0.1,0.1,0.0,10.4375,1.0,1.0,0.07471264367816093,0.1,0.1,0.06,7.0,11.333333333333334,0.0,0.0,0.11494252873563218,0.1,0.15,0.1,3.0,8.789473684210526,0.0,0.0,0.07471264367816093,0.1,0.05,0.06,1.0,14.0,0.0,1.0,0.11494252873563218,0.0,0.1,0.12,10.0,7.315789473684211,0.0,0.0,0.08620689655172414,0.0,0.1,0.04,12.0,11.0,0.0,0.0,0.16666666666666666,0.1,0.2,0.2,6.0,5.714285714285714,0.0,0.0,0.14942528735632185,0.3,0.25,0.2,0.0,6.52,1.0,1.0,0.1206896551724138,0.0,0.05,0.08,19.0,7.5,0.0,0.0,0.10919540229885058,0.0,0.1,0.14,13.0,8.444444444444445,0.0,0.0,0.09195402298850575,0.2,0.15,0.08,4.0,10.333333333333334,0.0,0.0,0.09195402298850575,0.0,0.1,0.06,11.0,9.133333333333333,0.0,0.0,0.10344827586206896,0.1,0.1,0.08,4.0,8.705882352941176,0.0,0.0,0.08620689655172414,0.2,0.1,0.14,0.0,12.0,1.0,1.0,0.08620689655172414,0.0,0.05,0.12,18.0,10.928571428571429,0.0,0.0,0.09770114942528736,0.0,0.0,0.06,20.0,9.3125,0.0,0.0,0.11494252873563218,0.2,0.2,0.14,5.0,8.526315789473685,0.0,0.0,0.12643678160919541,0.3,0.2,0.12,1.0,8.0,0.0,1.0,0.09770114942528736,0.0,0.05,0.14,16.0,9.75,0.0,0.0,0.08045977011494253,0.3,0.15,0.1,4.0,12.384615384615385,0.0,0.0,0.07471264367816093,0.2,0.1,0.06,3.0,12.416666666666666,0.0,0.0,0.07471264367816093,0.1,0.05,0.1,2.0,14.25,0.0,0.0,0.09770114942528736,0.2,0.15,0.1,0.0,10.8125,1.0,1.0,0.09770114942528736,0.0,0.0,0.08,23.0,9.1875,0.0,0.0,0.12643678160919541,0.2,0.15,0.12,5.0,7.857142857142857,0.0,0.0,0.09770114942528736,0.0,0.0,0.12,22.0,9.125,0.0,0.0,0.06896551724137931,0.2,0.15,0.08,1.0,14.363636363636363,0.0,1.0,0.08620689655172414,0.0,0.0,0.08,21.0,10.785714285714286,0.0,0.0,0.09195402298850575,0.1,0.1,0.08,1.0,11.333333333333334,0.0,1.0,0.1206896551724138,0.1,0.05,0.12,3.0,8.1,0.0,0.0,0.08045977011494253,0.1,0.1,0.1,4.0,12.076923076923077,0.0,0.0,0.10919540229885058,0.1,0.05,0.08,6.0,9.277777777777779,0.0,0.0,0.11494252873563218,0.0,0.0,0.1,21.0,7.947368421052632,0.0,0.0,0.10344827586206896,0.1,0.15,0.08,9.0,9.647058823529411,0.0,0.0,0.10344827586206896,0.0,0.15,0.14,14.0,8.058823529411764,0.0,0.0,0.16666666666666666,0.0,0.05,0.08,14.0,5.5,0.0,0.0,0.09770114942528736,0.2,0.15,0.12,5.0,8.5,0.0,0.0,0.06896551724137931,0.1,0.1,0.06,3.0,14.727272727272727,0.0,0.0,0.09770114942528736,0.2,0.15,0.08,2.0,10.625,0.0,0.0,0.10919540229885058,0.1,0.15,0.12,5.0,8.88888888888889,0.0,0.0,0.08620689655172414,0.1,0.1,0.12,0.0,11.571428571428571,1.0,1.0,0.08045977011494253,0.1,0.05,0.04,3.0,13.0,0.0,0.0,0.10344827586206896,0.1,0.1,0.08,6.0,9.294117647058824,0.0,0.0,0.14367816091954022,0.1,0.15,0.14,2.0,6.625,0.0,0.0,0.12643678160919541,0.1,0.1,0.16,7.0,7.904761904761905,0.0,0.0,0.10919540229885058,0.0,0.1,0.1,16.0,8.333333333333334,0.0,0.0,97.0,2.0,40.0,2.0,1.0,1.0,1.0,174.0,12.0,29.0,6.0,0,0,0,0,0,0,0,0,0,0,1,0,0,0,0,1,0,0,0,1,0,0,0,1,0,0,0,0,0,0,0,0,0,0,0,0,0,0,0,0,0,0,0,0,0,1,0,0
2025-01-12,0.15428571428571428,0.1,0.1,0.14,8.0,6.3076923076923075,0.0,0.0,0.12,0.2,0.2,0.18,2.0,8.45,0.0,0.0,0.09714285714285714,0.1,0.1,0.1,1.0,10.4375,0.0,1.0,0.07428571428571429,0.1,0.1,0.06,8.0,11.333333333333334,0.0,0.0,0.11428571428571428,0.1,0.15,0.1,4.0,8.789473684210526,0.0,0.0,0.07428571428571429,0.1,0.05,0.06,2.0,14.0,0.0,0.0,0.11428571428571428,0.0,0.1,0.12,11.0,7.315789473684211,0.0,0.0,0.08571428571428572,0.0,0.1,0.04,13.0,11.0,0.0,0.0,0.1657142857142857,0.1,0.2,0.2,7.0,5.714285714285714,0.0,0.0,0.14857142857142858,0.3,0.25,0.2,1.0,6.52,0.0,1.0,0.12571428571428572,0.1,0.05,0.1,0.0,8.095238095238095,1.0,1.0,0.10857142857142857,0.0,0.1,0.14,14.0,8.444444444444445,0.0,0.0,0.09142857142857143,0.1,0.15,0.08,5.0,10.333333333333334,0.0,0.0,0.09142857142857143,0.0,0.1,0.06,12.0,9.133333333333333,0.0,0.0,0.10285714285714286,0.1,0.05,0.08,5.0,8.705882352941176,0.0,0.0,0.09142857142857143,0.3,0.15,0.16,0.0,11.266666666666667,1.0,1.0,0.08571428571428572,0.0,0.05,0.1,19.0,10.928571428571429,0.0,0.0,0.09714285714285714,0.0,0.0,0.06,21.0,9.3125,0.0,0.0,0.11428571428571428,0.2,0.2,0.14,6.0,8.526315789473685,0.0,0.0,0.13142857142857142,0.3,0.25,0.14,0.0,7.7272727272727275,1.0,1.0,0.09714285714285714,0.0,0.05,0.14,17.0,9.75,0.0,0.0,0.08,0.2,0.15,0.1,5.0,12.384615384615385,0.0,0.0,0.07428571428571429,0.2,0.1,0.06,4.0,12.416666666666666,0.0,0.0,0.08,0.2,0.1,0.12,0.0,13.384615384615385,1.0,1.0,0.09714285714285714,0.2,0.15,0.1,1.0,10.8125,0.0,1.0,0.09714285714285714,0.0,0.0,0.08,24.0,9.1875,0.0,0.0,0.12571428571428572,0.2,0.15,0.12,6.0,7.857142857142857,0.0,0.0,0.09714285714285714,0.0,0.0,0.12,23.0,9.125,0.0,0.0,0.06857142857142857,0.2,0.15,0.08,2.0,14.363636363636363,0.0,0.0,0.08571428571428572,0.0,0.0,0.08,22.0,10.785714285714286,0.0,0.0,0.09142857142857143,0.1,0.1,0.06,2.0,11.333333333333334,0.0,0.0,0.12,0.1,0.05,0.1,4.0,8.1,0.0,0.0,0.08,0.1,0.1,0.1,5.0,12.076923076923077,0.0,0.0,0.10857142857142857,0.1,0.05,0.08,7.0,9.277777777777779,0.0,0.0,0.11428571428571428,0.0,0.0,0.1,22.0,7.947368421052632,0.0,0.0,0.10285714285714286,0.0,0.1,0.08,10.0,9.647058823529411,0.0,0.0,0.10285714285714286,0.0,0.15,0.12,15.0,8.058823529411764,0.0,0.0,0.1657142857142857,0.0,0.05,0.08,15.0,5.5,0.0,0.0,0.09714285714285714,0.2,0.15,0.12,6.0,8.5,0.0,0.0,0.06857142857142857,0.1,0.1,0.06,4.0,14.727272727272727,0.0,0.0,0.09714285714285714,0.2,0.15,0.08,3.0,10.625,0.0,0.0,0.10857142857142857,0.1,0.15,0.1,6.0,8.88888888888889,0.0,0.0,0.08571428571428572,0.1,0.05,0.12,1.0,11.571428571428571,0.0,1.0,0.08,0.1,0.05,0.04,4.0,13.0,0.0,0.0,0.10285714285714286,0.1,0.1,0.08,7.0,9.294117647058824,0.0,0.0,0.14857142857142858,0.2,0.2,0.16,0.0,6.48,1.0,1.0,0.12571428571428572,0.1,0.1,0.16,8.0,7.904761904761905,0.0,0.0,0.10857142857142857,0.0,0.05,0.1,17.0,8.333333333333334,0.0,0.0,117.0,4.0,35.0,1.0,3.0,0.0,1.0,175.0,1.0,9.0,3.0,1,0,0,1,0,0,0,0,0,0,0,0,1,1,0,0,0,0,0,0,0,0,0,0,0,1,0,0,0,0,0,0,0,0,0,0,0,0,0,0,0,0,0,0,0,0,0,0
2025-01-15,0.1590909090909091,0.2,0.15,0.16,0.0,6.407407407407407,1.0,1.0,0.11931818181818182,0.2,0.15,0.16,3.0,8.45,0.0,0.0,0.09659090909090909,0.1,0.1,0.1,2.0,10.4375,0.0,0.0,0.07954545454545454,0.2,0.15,0.08,0.0,11.153846153846153,1.0,1.0,0.11363636363636363,0.1,0.15,0.1,5.0,8.789473684210526,0.0,0.0,0.07386363636363637,0.1,0.05,0.06,3.0,14.0,0.0,0.0,0.11363636363636363,0.0,0.1,0.12,12.0,7.315789473684211,0.0,0.0,0.08522727272727272,0.0,0.1,0.04,14.0,11.0,0.0,0.0,0.16477272727272727,0.1,0.15,0.2,8.0,5.714285714285714,0.0,0.0,0.14772727272727273,0.2,0.25,0.2,2.0,6.52,0.0,0.0,0.125,0.1,0.05,0.1,1.0,8.095238095238095,0.0,1.0,0.10795454545454546,0.0,0.1,0.14,15.0,8.444444444444445,0.0,0.0,0.09659090909090909,0.2,0.2,0.1,0.0,10.0625,1.0,1.0,0.09659090909090909,0.1,0.1,0.08,0.0,9.375,1.0,1.0,0.10227272727272728,0.1,0.05,0.08,6.0,8.705882352941176,0.0,0.0,0.09090909090909091,0.2,0.15,0.16,1.0,11.266666666666667,0.0,1.0,0.08522727272727272,0.0,0.0,0.08,20.0,10.928571428571429,0.0,0.0,0.09659090909090909,0.0,0.0,0.06,22.0,9.3125,0.0,0.0,0.11363636363636363,0.1,0.2,0.14,7.0,8.526315789473685,0.0,0.0,0.13068181818181818,0.3,0.25,0.14,1.0,7.7272727272727275,0.0,1.0,0.09659090909090909,0.0,0.05,0.14,18.0,9.75,0.0,0.0,0.07954545454545454,0.2,0.15,0.08,6.0,12.384615384615385,0.0,0.0,0.07386363636363637,0.1,0.1,0.06,5.0,12.416666666666666,0.0,0.0,0.07954545454545454,0.2,0.1,0.12,1.0,13.384615384615385,0.0,1.0,0.09659090909090909,0.2,0.15,0.1,2.0,10.8125,0.0,0.0,0.10227272727272728,0.1,0.05,0.08,0.0,10.117647058823529,1.0,1.0,0.125,0.1,0.15,0.1,7.0,7.857142857142857,0.0,0.0,0.09659090909090909,0.0,0.0,0.12,24.0,9.125,0.0,0.0,0.06818181818181818,0.2,0.15,0.08,3.0,14.363636363636363,0.0,0.0,0.08522727272727272,0.0,0.0,0.08,23.0,10.785714285714286,0.0,0.0,0.09090909090909091,0.1,0.1,0.06,3.0,11.333333333333334,0.0,0.0,0.11931818181818182,0.1,0.05,0.1,5.0,8.1,0.0,0.0,0.07954545454545454,0.1,0.1,0.1,6.0,12.076923076923077,0.0,0.0,0.10795454545454546,0.1,0.05,0.08,8.0,9.277777777777779,0.0,0.0,0.11363636363636363,0.0,0.0,0.1,23.0,7.947368421052632,0.0,0.0,0.10227272727272728,0.0,0.1,0.08,11.0,9.647058823529411,0.0,0.0,0.10227272727272728,0.0,0.15,0.12,16.0,8.058823529411764,0.0,0.0,0.16477272727272727,0.0,0.05,0.08,16.0,5.5,0.0,0.0,0.09659090909090909,0.2,0.15,0.12,7.0,8.5,0.0,0.0,0.06818181818181818,0.1,0.1,0.06,5.0,14.727272727272727,0.0,0.0,0.09659090909090909,0.2,0.15,0.08,4.0,10.625,0.0,0.0,0.10795454545454546,0.1,0.15,0.1,7.0,8.88888888888889,0.0,0.0,0.08522727272727272,0.1,0.05,0.12,2.0,11.571428571428571,0.0,0.0,0.07954545454545454,0.1,0.05,0.04,5.0,13.0,0.0,0.0,0.10227272727272728,0.1,0.1,0.08,8.0,9.294117647058824,0.0,0.0,0.14772727272727273,0.2,0.15,0.16,1.0,6.48,0.0,1.0,0.125,0.1,0.1,0.16,9.0,7.904761904761905,0.0,0.0,0.10795454545454546,0.0,0.05,0.1,18.0,8.333333333333334,0.0,0.0,58.0,3.0,25.0,2.0,2.0,1.0,0.0,176.0,1.0,12.0,6.0,0,0,0,0,0,0,0,0,0,0,1,0,0,0,0,0,0,0,0,0,1,0,0,0,0,0,0,0,0,0,0,0,0,0,0,1,0,1,0,0,0,0,0,1,0,0,0,0
2025-01-19,0.15819209039548024,0.1,0.15,0.16,1.0,6.407407407407407,0.0,1.0,0.11864406779661017,0.2,0.15,0.16,4.0,8.45,0.0,0.0,0.096045197740113,0.1,0.1,0.1,3.0,10.4375,0.0,0.0,0.07909604519774012,0.1,0.1,0.08,1.0,11.153846153846153,0.0,1.0,0.11299435028248588,0.1,0.15,0.1,6.0,8.789473684210526,0.0,0.0,0.07344632768361582,0.1,0.05,0.06,4.0,14.0,0.0,0.0,0.11299435028248588,0.0,0.1,0.12,13.0,7.315789473684211,0.0,0.0,0.0847457627118644,0.0,0.1,0.04,15.0,11.0,0.0,0.0,0.1638418079096045,0.1,0.15,0.18,9.0,5.714285714285714,0.0,0.0,0.14689265536723164,0.2,0.2,0.2,3.0,6.52,0.0,0.0,0.12994350282485875,0.2,0.1,0.12,0.0,7.818181818181818,1.0,1.0,0.10734463276836158,0.0,0.05,0.12,16.0,8.444444444444445,0.0,0.0,0.096045197740113,0.2,0.2,0.1,1.0,10.0625,0.0,1.0,0.096045197740113,0.1,0.1,0.08,1.0,9.375,0.0,1.0,0.1016949152542373,0.1,0.05,0.08,7.0,8.705882352941176,0.0,0.0,0.0903954802259887,0.2,0.15,0.16,2.0,11.266666666666667,0.0,0.0,0.0847457627118644,0.0,0.0,0.08,21.0,10.928571428571429,0.0,0.0,0.096045197740113,0.0,0.0,0.06,23.0,9.3125,0.0,0.0,0.11299435028248588,0.1,0.2,0.14,8.0,8.526315789473685,0.0,0.0,0.12994350282485875,0.3,0.2,0.14,2.0,7.7272727272727275,0.0,0.0,0.1016949152542373,0.1,0.1,0.14,0.0,10.294117647058824,1.0,1.0,0.07909604519774012,0.2,0.15,0.08,7.0,12.384615384615385,0.0,0.0,0.07344632768361582,0.1,0.1,0.06,6.0,12.416666666666666,0.0,0.0,0.07909604519774012,0.2,0.1,0.12,2.0,13.384615384615385,0.0,0.0,0.096045197740113,0.2,0.15,0.1,3.0,10.8125,0.0,0.0,0.1016949152542373,0.1,0.05,0.08,1.0,10.117647058823529,0.0,1.0,0.12429378531073447,0.1,0.15,0.1,8.0,7.857142857142857,0.0,0.0,0.096045197740113,0.0,0.0,0.12,25.0,9.125,0.0,0.0,0.06779661016949153,0.2,0.15,0.08,4.0,14.363636363636363,0.0,0.0,0.0847457627118644,0.0,0.0,0.08,24.0,10.785714285714286,0.0,0.0,0.0903954802259887,0.1,0.1,0.06,4.0,11.333333333333334,0.0,0.0,0.11864406779661017,0.1,0.05,0.08,6.0,8.1,0.0,0.0,0.07909604519774012,0.1,0.1,0.1,7.0,12.076923076923077,0.0,0.0,0.10734463276836158,0.1,0.05,0.08,9.0,9.277777777777779,0.0,0.0,0.11299435028248588,0.0,0.0,0.1,24.0,7.947368421052632,0.0,0.0,0.10734463276836158,0.1,0.15,0.1,0.0,9.777777777777779,1.0,1.0,0.1016949152542373,0.0,0.1,0.12,17.0,8.058823529411764,0.0,0.0,0.1694915254237288,0.1,0.1,0.1,0.0,5.896551724137931,1.0,1.0,0.096045197740113,0.1,0.15,0.12,8.0,8.5,0.0,0.0,0.06779661016949153,0.1,0.1,0.06,6.0,14.727272727272727,0.0,0.0,0.096045197740113,0.1,0.15,0.06,5.0,10.625,0.0,0.0,0.10734463276836158,0.1,0.15,0.1,8.0,8.88888888888889,0.0,0.0,0.0847457627118644,0.1,0.05,0.12,3.0,11.571428571428571,0.0,0.0,0.0847457627118644,0.2,0.1,0.06,0.0,12.5,1.0,1.0,0.1016949152542373,0.1,0.1,0.08,9.0,9.294117647058824,0.0,0.0,0.14689265536723164,0.2,0.15,0.16,2.0,6.48,0.0,0.0,0.12429378531073447,0.0,0.1,0.16,10.0,7.904761904761905,0.0,0.0,0.10734463276836158,0.0,0.05,0.1,19.0,8.333333333333334,0.0,0.0,150.0,3.0,33.0,1.0,1.0,1.0,2.0,177.0,1.0,15.0,2.0,0,0,0,0,0,1,1,0,0,0,0,0,0,0,0,0,0,0,1,1,0,0,0,0,0,0,1,0,0,0,0,0,0,0,0,0,0,0,0,0,0,0,0,0,0,0,0,0
2025-01-22,0.15730337078651685,0.1,0.15,0.14,2.0,6.407407407407407,0.0,0.0,0.11797752808988764,0.2,0.15,0.16,5.0,8.45,0.0,0.0,0.09550561797752809,0.1,0.1,0.1,4.0,10.4375,0.0,0.0,0.07865168539325842,0.1,0.1,0.08,2.0,11.153846153846153,0.0,0.0,0.11235955056179775,0.1,0.15,0.1,7.0,8.789473684210526,0.0,0.0,0.07865168539325842,0.2,0.1,0.08,0.0,13.307692307692308,1.0,1.0,0.11797752808988764,0.1,0.15,0.14,0.0,7.65,1.0,1.0,0.08426966292134831,0.0,0.1,0.04,16.0,11.0,0.0,0.0,0.16292134831460675,0.0,0.1,0.18,10.0,5.714285714285714,0.0,0.0,0.14606741573033707,0.1,0.2,0.18,4.0,6.52,0.0,0.0,0.12921348314606743,0.2,0.1,0.12,1.0,7.818181818181818,0.0,1.0,0.10674157303370786,0.0,0.05,0.12,17.0,8.444444444444445,0.0,0.0,0.09550561797752809,0.2,0.2,0.08,2.0,10.0625,0.0,0.0,0.09550561797752809,0.1,0.1,0.08,2.0,9.375,0.0,0.0,0.10112359550561797,0.1,0.05,0.08,8.0,8.705882352941176,0.0,0.0,0.0898876404494382,0.2,0.15,0.16,3.0,11.266666666666667,0.0,0.0,0.08426966292134831,0.0,0.0,0.08,22.0,10.928571428571429,0.0,0.0,0.09550561797752809,0.0,0.0,0.06,24.0,9.3125,0.0,0.0,0.11797752808988764,0.2,0.2,0.16,0.0,8.55,1.0,1.0,0.1348314606741573,0.4,0.25,0.16,0.0,7.521739130434782,1.0,1.0,0.10112359550561797,0.1,0.05,0.14,1.0,10.294117647058824,0.0,1.0,0.07865168539325842,0.1,0.15,0.08,8.0,12.384615384615385,0.0,0.0,0.07303370786516854,0.1,0.1,0.06,7.0,12.416666666666666,0.0,0.0,0.07865168539325842,0.2,0.1,0.12,3.0,13.384615384615385,0.0,0.0,0.09550561797752809,0.2,0.15,0.1,4.0,10.8125,0.0,0.0,0.10112359550561797,0.1,0.05,0.06,2.0,10.117647058823529,0.0,0.0,0.12921348314606743,0.2,0.2,0.12,0.0,7.909090909090909,1.0,1.0,0.09550561797752809,0.0,0.0,0.12,26.0,9.125,0.0,0.0,0.06741573033707865,0.2,0.15,0.08,5.0,14.363636363636363,0.0,0.0,0.08426966292134831,0.0,0.0,0.08,25.0,10.785714285714286,0.0,0.0,0.0898876404494382,0.1,0.1,0.06,5.0,11.333333333333334,0.0,0.0,0.11797752808988764,0.1,0.05,0.08,7.0,8.1,0.0,0.0,0.07865168539325842,0.1,0.1,0.1,8.0,12.076923076923077,0.0,0.0,0.10674157303370786,0.0,0.05,0.08,10.0,9.277777777777779,0.0,0.0,0.11235955056179775,0.0,0.0,0.1,25.0,7.947368421052632,0.0,0.0,0.10674157303370786,0.1,0.15,0.1,1.0,9.777777777777779,0.0,1.0,0.10112359550561797,0.0,0.1,0.12,18.0,8.058823529411764,0.0,0.0,0.16853932584269662,0.1,0.1,0.1,1.0,5.896551724137931,0.0,1.0,0.09550561797752809,0.1,0.15,0.12,9.0,8.5,0.0,0.0,0.06741573033707865,0.1,0.1,0.06,7.0,14.727272727272727,0.0,0.0,0.09550561797752809,0.1,0.15,0.06,6.0,10.625,0.0,0.0,0.10674157303370786,0.1,0.15,0.1,9.0,8.88888888888889,0.0,0.0,0.08426966292134831,0.1,0.05,0.12,4.0,11.571428571428571,0.0,0.0,0.08426966292134831,0.2,0.1,0.06,1.0,12.5,0.0,1.0,0.10112359550561797,0.0,0.1,0.08,10.0,9.294117647058824,0.0,0.0,0.14606741573033707,0.2,0.1,0.16,3.0,6.48,0.0,0.0,0.12359550561797752,0.0,0.1,0.14,11.0,7.904761904761905,0.0,0.0,0.10674157303370786,0.0,0.0,0.1,20.0,8.333333333333334,0.0,0.0,79.0,2.0,21.0,2.0,2.0,1.0,0.0,178.0,1.0,19.0,6.0,0,0,0,0,1,0,0,0,0,0,0,0,0,0,0,0,0,0,0,1,0,0,0,0,0,0,0,0,0,0,0,0,0,0,0,0,1,0,0,0,0,1,0,1,0,0,0,0
2025-01-26,0.1564245810055866,0.1,0.1,0.14,3.0,6.407407407407407,0.0,0.0,0.11731843575418995,0.2,0.15,0.16,6.0,8.45,0.0,0.0,0.09497206703910614,0.1,0.1,0.1,5.0,10.4375,0.0,0.0,0.0782122905027933,0.1,0.1,0.08,3.0,11.153846153846153,0.0,0.0,0.11731843575418995,0.2,0.2,0.1,0.0,8.75,1.0,1.0,0.0782122905027933,0.2,0.1,0.08,1.0,13.307692307692308,0.0,1.0,0.11731843575418995,0.1,0.15,0.14,1.0,7.65,0.0,1.0,0.08379888268156424,0.0,0.1,0.04,17.0,11.0,0.0,0.0,0.16201117318435754,0.0,0.1,0.18,11.0,5.714285714285714,0.0,0.0,0.1452513966480447,0.1,0.2,0.18,5.0,6.52,0.0,0.0,0.12849162011173185,0.2,0.1,0.12,2.0,7.818181818181818,0.0,0.0,0.10614525139664804,0.0,0.05,0.1,18.0,8.444444444444445,0.0,0.0,0.09497206703910614,0.2,0.2,0.08,3.0,10.0625,0.0,0.0,0.09497206703910614,0.1,0.1,0.08,3.0,9.375,0.0,0.0,0.1005586592178771,0.1,0.05,0.08,9.0,8.705882352941176,0.0,0.0,0.0893854748603352,0.2,0.15,0.16,4.0,11.266666666666667,0.0,0.0,0.08379888268156424,0.0,0.0,0.08,23.0,10.928571428571429,0.0,0.0,0.09497206703910614,0.0,0.0,0.06,25.0,9.3125,0.0,0.0,0.11731843575418995,0.1,0.2,0.16,1.0,8.55,0.0,1.0,0.13966480446927373,0.4,0.3,0.18,0.0,7.25,1.0,1.0,0.1005586592178771,0.1,0.05,0.14,2.0,10.294117647058824,0.0,0.0,0.0782122905027933,0.1,0.15,0.08,9.0,12.384615384615385,0.0,0.0,0.07262569832402235,0.1,0.1,0.06,8.0,12.416666666666666,0.0,0.0,0.0782122905027933,0.2,0.1,0.12,4.0,13.384615384615385,0.0,0.0,0.09497206703910614,0.2,0.1,0.1,5.0,10.8125,0.0,0.0,0.1005586592178771,0.1,0.05,0.06,3.0,10.117647058823529,0.0,0.0,0.12849162011173185,0.1,0.2,0.12,1.0,7.909090909090909,0.0,1.0,0.09497206703910614,0.0,0.0,0.12,27.0,9.125,0.0,0.0,0.0670391061452514,0.2,0.15,0.08,6.0,14.363636363636363,0.0,0.0,0.08379888268156424,0.0,0.0,0.08,26.0,10.785714285714286,0.0,0.0,0.0893854748603352,0.1,0.1,0.06,6.0,11.333333333333334,0.0,0.0,0.11731843575418995,0.1,0.05,0.08,8.0,8.1,0.0,0.0,0.0782122905027933,0.1,0.05,0.08,9.0,12.076923076923077,0.0,0.0,0.10614525139664804,0.0,0.05,0.08,11.0,9.277777777777779,0.0,0.0,0.11173184357541899,0.0,0.0,0.1,26.0,7.947368421052632,0.0,0.0,0.10614525139664804,0.1,0.1,0.1,2.0,9.777777777777779,0.0,0.0,0.10614525139664804,0.1,0.1,0.14,0.0,8.666666666666666,1.0,1.0,0.16759776536312848,0.1,0.1,0.1,2.0,5.896551724137931,0.0,0.0,0.09497206703910614,0.0,0.15,0.12,10.0,8.5,0.0,0.0,0.0670391061452514,0.1,0.1,0.06,8.0,14.727272727272727,0.0,0.0,0.09497206703910614,0.1,0.15,0.06,7.0,10.625,0.0,0.0,0.11173184357541899,0.1,0.2,0.12,0.0,8.947368421052632,1.0,1.0,0.08379888268156424,0.1,0.05,0.12,5.0,11.571428571428571,0.0,0.0,0.0893854748603352,0.3,0.15,0.06,0.0,11.8,1.0,1.0,0.1005586592178771,0.0,0.1,0.08,11.0,9.294117647058824,0.0,0.0,0.1452513966480447,0.2,0.1,0.16,4.0,6.48,0.0,0.0,0.12290502793296089,0.0,0.1,0.12,12.0,7.904761904761905,0.0,0.0,0.10614525139664804,0.0,0.0,0.1,21.0,8.333333333333334,0.0,0.0,148.0,3.0,39.0,1.0,1.0,0.0,3.0,179.0,1.0,22.0,2.0,0,0,0,1,0,0,0,0,0,1,0,0,0,0,1,0,0,0,1,0,0,0,0,1,0,0,0,0,0,0,0,0,0,0,0,0,0,0,0,0,0,0,0,0,0,0,0,0
2025-01-29,0.15555555555555556,0.1,0.1,0.14,4.0,6.407407407407407,0.0,0.0,0.11666666666666667,0.2,0.15,0.14,7.0,8.45,0.0,0.0,0.09444444444444444,0.1,0.1,0.1,6.0,10.4375,0.0,0.0,0.08333333333333333,0.2,0.15,0.1,0.0,10.642857142857142,1.0,1.0,0.11666666666666667,0.2,0.15,0.1,1.0,8.75,0.0,1.0,0.07777777777777778,0.2,0.1,0.08,2.0,13.307692307692308,0.0,0.0,0.11666666666666667,0.1,0.15,0.14,2.0,7.65,0.0,0.0,0.08333333333333333,0.0,0.1,0.04,18.0,11.0,0.0,0.0,0.16111111111111112,0.0,0.1,0.18,12.0,5.714285714285714,0.0,0.0,0.15,0.2,0.25,0.2,0.0,6.5,1.0,1.0,0.12777777777777777,0.2,0.1,0.12,3.0,7.818181818181818,0.0,0.0,0.10555555555555556,0.0,0.05,0.1,19.0,8.444444444444445,0.0,0.0,0.09444444444444444,0.1,0.2,0.08,4.0,10.0625,0.0,0.0,0.09444444444444444,0.1,0.1,0.08,4.0,9.375,0.0,0.0,0.10555555555555556,0.1,0.1,0.1,0.0,8.777777777777779,1.0,1.0,0.08888888888888889,0.2,0.15,0.14,5.0,11.266666666666667,0.0,0.0,0.08333333333333333,0.0,0.0,0.08,24.0,10.928571428571429,0.0,0.0,0.09444444444444444,0.0,0.0,0.06,26.0,9.3125,0.0,0.0,0.12222222222222222,0.2,0.25,0.18,0.0,8.238095238095237,1.0,1.0,0.1388888888888889,0.4,0.3,0.18,1.0,7.25,0.0,1.0,0.1,0.1,0.05,0.14,3.0,10.294117647058824,0.0,0.0,0.07777777777777778,0.0,0.15,0.08,10.0,12.384615384615385,0.0,0.0,0.07222222222222222,0.1,0.1,0.06,9.0,12.416666666666666,0.0,0.0,0.08333333333333333,0.3,0.15,0.14,0.0,12.785714285714286,1.0,1.0,0.09444444444444444,0.2,0.1,0.1,6.0,10.8125,0.0,0.0,0.1,0.1,0.05,0.06,4.0,10.117647058823529,0.0,0.0,0.12777777777777777,0.1,0.2,0.12,2.0,7.909090909090909,0.0,0.0,0.09444444444444444,0.0,0.0,0.12,28.0,9.125,0.0,0.0,0.06666666666666667,0.1,0.15,0.08,7.0,14.363636363636363,0.0,0.0,0.08333333333333333,0.0,0.0,0.08,27.0,10.785714285714286,0.0,0.0,0.08888888888888889,0.1,0.1,0.04,7.0,11.333333333333334,0.0,0.0,0.11666666666666667,0.1,0.05,0.08,9.0,8.1,0.0,0.0,0.07777777777777778,0.0,0.05,0.08,10.0,12.076923076923077,0.0,0.0,0.10555555555555556,0.0,0.05,0.08,12.0,9.277777777777779,0.0,0.0,0.1111111111111111,0.0,0.0,0.08,27.0,7.947368421052632,0.0,0.0,0.10555555555555556,0.1,0.1,0.1,3.0,9.777777777777779,0.0,0.0,0.10555555555555556,0.1,0.05,0.14,1.0,8.666666666666666,0.0,1.0,0.16666666666666666,0.1,0.05,0.1,3.0,5.896551724137931,0.0,0.0,0.09444444444444444,0.0,0.15,0.12,11.0,8.5,0.0,0.0,0.06666666666666667,0.1,0.05,0.06,9.0,14.727272727272727,0.0,0.0,0.09444444444444444,0.1,0.15,0.06,8.0,10.625,0.0,0.0,0.1111111111111111,0.1,0.15,0.12,1.0,8.947368421052632,0.0,1.0,0.08333333333333333,0.1,0.05,0.12,6.0,11.571428571428571,0.0,0.0,0.08888888888888889,0.3,0.15,0.06,1.0,11.8,0.0,1.0,0.1,0.0,0.1,0.08,12.0,9.294117647058824,0.0,0.0,0.14444444444444443,0.2,0.1,0.16,5.0,6.48,0.0,0.0,0.12222222222222222,0.0,0.1,0.1,13.0,7.904761904761905,0.0,0.0,0.10555555555555556,0.0,0.0,0.1,22.0,8.333333333333334,0.0,0.0,72.0,3.0,20.0,2.0,3.0,0.0,0.0,180.0,1.0,26.0,6.0,0,0,0,0,0,0,0,0,0,0,0,0,0,0,1,0,0,0,0,0,1,0,0,0,0,0,0,0,0,0,0,0,0,0,0,0,0,0,0,1,0,0,1,0,1,0,0,0
2025-02-02,0.15469613259668508,0.1,0.1,0.14,5.0,6.407407407407407,0.0,0.0,0.11602209944751381,0.2,0.15,0.14,8.0,8.45,0.0,0.0,0.09392265193370165,0.1,0.1,0.1,7.0,10.4375,0.0,0.0,0.08287292817679558,0.2,0.15,0.08,1.0,10.642857142857142,0.0,1.0,0.11602209944751381,0.1,0.15,0.1,2.0,8.75,0.0,0.0,0.07734806629834254,0.2,0.1,0.08,3.0,13.307692307692308,0.0,0.0,0.11602209944751381,0.1,0.15,0.14,3.0,7.65,0.0,0.0,0.08287292817679558,0.0,0.05,0.04,19.0,11.0,0.0,0.0,0.16022099447513813,0.0,0.1,0.18,13.0,5.714285714285714,0.0,0.0,0.14917127071823205,0.2,0.25,0.2,1.0,6.5,0.0,1.0,0.1270718232044199,0.2,0.1,0.12,4.0,7.818181818181818,0.0,0.0,0.10497237569060773,0.0,0.0,0.1,20.0,8.444444444444445,0.0,0.0,0.09392265193370165,0.1,0.2,0.08,5.0,10.0625,0.0,0.0,0.09392265193370165,0.1,0.1,0.08,5.0,9.375,0.0,0.0,0.11049723756906077,0.2,0.15,0.1,0.0,8.368421052631579,1.0,1.0,0.08839779005524862,0.2,0.15,0.14,6.0,11.266666666666667,0.0,0.0,0.08287292817679558,0.0,0.0,0.08,25.0,10.928571428571429,0.0,0.0,0.09392265193370165,0.0,0.0,0.06,27.0,9.3125,0.0,0.0,0.12154696132596685,0.2,0.2,0.18,1.0,8.238095238095237,0.0,1.0,0.13812154696132597,0.4,0.3,0.18,2.0,7.25,0.0,0.0,0.10497237569060773,0.2,0.1,0.16,0.0,9.944444444444445,1.0,1.0,0.07734806629834254,0.0,0.15,0.08,11.0,12.384615384615385,0.0,0.0,0.0718232044198895,0.0,0.1,0.06,10.0,12.416666666666666,0.0,0.0,0.08287292817679558,0.3,0.15,0.14,1.0,12.785714285714286,0.0,1.0,0.09392265193370165,0.2,0.1,0.1,7.0,10.8125,0.0,0.0,0.09944751381215469,0.1,0.05,0.06,5.0,10.117647058823529,0.0,0.0,0.1270718232044199,0.1,0.2,0.1,3.0,7.909090909090909,0.0,0.0,0.09392265193370165,0.0,0.0,0.1,29.0,9.125,0.0,0.0,0.06629834254143646,0.1,0.15,0.08,8.0,14.363636363636363,0.0,0.0,0.08287292817679558,0.0,0.0,0.08,28.0,10.785714285714286,0.0,0.0,0.08839779005524862,0.1,0.1,0.04,8.0,11.333333333333334,0.0,0.0,0.11602209944751381,0.0,0.05,0.08,10.0,8.1,0.0,0.0,0.07734806629834254,0.0,0.05,0.08,11.0,12.076923076923077,0.0,0.0,0.10497237569060773,0.0,0.05,0.08,13.0,9.277777777777779,0.0,0.0,0.11049723756906077,0.0,0.0,0.08,28.0,7.947368421052632,0.0,0.0,0.10497237569060773,0.1,0.1,0.1,4.0,9.777777777777779,0.0,0.0,0.10497237569060773,0.1,0.05,0.14,2.0,8.666666666666666,0.0,0.0,0.16574585635359115,0.1,0.05,0.1,4.0,5.896551724137931,0.0,0.0,0.09392265193370165,0.0,0.1,0.1,12.0,8.5,0.0,0.0,0.0718232044198895,0.1,0.1,0.08,0.0,14.333333333333334,1.0,1.0,0.09392265193370165,0.1,0.15,0.06,9.0,10.625,0.0,0.0,0.11049723756906077,0.1,0.15,0.12,2.0,8.947368421052632,0.0,0.0,0.08839779005524862,0.2,0.1,0.14,0.0,11.266666666666667,1.0,1.0,0.08839779005524862,0.2,0.15,0.06,2.0,11.8,0.0,0.0,0.10497237569060773,0.1,0.1,0.1,0.0,9.5,1.0,1.0,0.143646408839779,0.2,0.1,0.16,6.0,6.48,0.0,0.0,0.12154696132596685,0.0,0.1,0.1,14.0,7.904761904761905,0.0,0.0,0.10497237569060773,0.0,0.0,0.1,23.0,8.333333333333334,0.0,0.0,164.0,1.0,30.0,0.0,2.0,0.0,3.0,181.0,1.0,29.0,2.0,1,0,0,0,0,0,0,0,0,0,0,0,0,0,0,0,0,0,0,1,0,0,0,0,0,0,0,1,0,0,0,0,0,1,0,0,0,0,0,0,0,0,0,0,0,0,1,0
2025-02-05,0.15934065934065933,0.2,0.15,0.16,0.0,6.392857142857143,1.0,1.0,0.11538461538461539,0.1,0.15,0.14,9.0,8.45,0.0,0.0,0.09340659340659341,0.1,0.1,0.1,8.0,10.4375,0.0,0.0,0.08241758241758242,0.2,0.15,0.08,2.0,10.642857142857142,0.0,0.0,0.11538461538461539,0.1,0.15,0.1,3.0,8.75,0.0,0.0,0.07692307692307693,0.2,0.1,0.08,4.0,13.307692307692308,0.0,0.0,0.11538461538461539,0.1,0.15,0.14,4.0,7.65,0.0,0.0,0.08241758241758242,0.0,0.0,0.04,20.0,11.0,0.0,0.0,0.15934065934065933,0.0,0.1,0.18,14.0,5.714285714285714,0.0,0.0,0.14835164835164835,0.2,0.25,0.18,2.0,6.5,0.0,0.0,0.12637362637362637,0.2,0.1,0.12,5.0,7.818181818181818,0.0,0.0,0.1043956043956044,0.0,0.0,0.1,21.0,8.444444444444445,0.0,0.0,0.09340659340659341,0.1,0.2,0.08,6.0,10.0625,0.0,0.0,0.09340659340659341,0.1,0.1,0.08,6.0,9.375,0.0,0.0,0.10989010989010989,0.2,0.15,0.1,1.0,8.368421052631579,0.0,1.0,0.08791208791208792,0.2,0.15,0.14,7.0,11.266666666666667,0.0,0.0,0.08241758241758242,0.0,0.0,0.08,26.0,10.928571428571429,0.0,0.0,0.09340659340659341,0.0,0.0,0.06,28.0,9.3125,0.0,0.0,0.12087912087912088,0.2,0.2,0.16,2.0,8.238095238095237,0.0,0.0,0.14285714285714285,0.5,0.35,0.2,0.0,7.08,1.0,1.0,0.1043956043956044,0.2,0.1,0.14,1.0,9.944444444444445,0.0,1.0,0.07692307692307693,0.0,0.15,0.08,12.0,12.384615384615385,0.0,0.0,0.07142857142857142,0.0,0.1,0.06,11.0,12.416666666666666,0.0,0.0,0.08241758241758242,0.2,0.15,0.14,2.0,12.785714285714286,0.0,0.0,0.09340659340659341,0.1,0.1,0.1,8.0,10.8125,0.0,0.0,0.0989010989010989,0.1,0.05,0.06,6.0,10.117647058823529,0.0,0.0,0.12637362637362637,0.1,0.15,0.1,4.0,7.909090909090909,0.0,0.0,0.0989010989010989,0.1,0.05,0.1,0.0,10.352941176470589,1.0,1.0,0.06593406593406594,0.1,0.15,0.08,9.0,14.363636363636363,0.0,0.0,0.08241758241758242,0.0,0.0,0.08,29.0,10.785714285714286,0.0,0.0,0.08791208791208792,0.1,0.05,0.04,9.0,11.333333333333334,0.0,0.0,0.11538461538461539,0.0,0.05,0.08,11.0,8.1,0.0,0.0,0.07692307692307693,0.0,0.05,0.08,12.0,12.076923076923077,0.0,0.0,0.10989010989010989,0.1,0.1,0.1,0.0,9.526315789473685,1.0,1.0,0.10989010989010989,0.0,0.0,0.08,29.0,7.947368421052632,0.0,0.0,0.1043956043956044,0.1,0.1,0.1,5.0,9.777777777777779,0.0,0.0,0.1043956043956044,0.1,0.05,0.12,3.0,8.666666666666666,0.0,0.0,0.16483516483516483,0.1,0.05,0.1,5.0,5.896551724137931,0.0,0.0,0.09340659340659341,0.0,0.1,0.1,13.0,8.5,0.0,0.0,0.07142857142857142,0.1,0.1,0.08,1.0,14.333333333333334,0.0,1.0,0.09340659340659341,0.0,0.1,0.06,10.0,10.625,0.0,0.0,0.10989010989010989,0.1,0.15,0.12,3.0,8.947368421052632,0.0,0.0,0.08791208791208792,0.2,0.1,0.14,1.0,11.266666666666667,0.0,1.0,0.08791208791208792,0.2,0.15,0.06,3.0,11.8,0.0,0.0,0.1043956043956044,0.1,0.1,0.1,1.0,9.5,0.0,1.0,0.14285714285714285,0.1,0.1,0.16,7.0,6.48,0.0,0.0,0.12637362637362637,0.1,0.1,0.12,0.0,8.227272727272727,1.0,1.0,0.1043956043956044,0.0,0.0,0.1,24.0,8.333333333333334,0.0,0.0,130.0,3.0,46.0,1.0,1.0,2.0,1.0,182.0,2.0,2.0,6.0,0,0,1,0,0,0,0,0,0,0,0,0,0,1,0,0,0,0,0,0,0,0,0,0,0,0,0,0,0,0,1,0,0,0,0,0,0,0,0,0,0,1,0,0,0,0,0,1
2025-02-09,0.15846994535519127,0.2,0.15,0.16,1.0,6.392857142857143,0.0,1.0,0.11475409836065574,0.0,0.1,0.12,10.0,8.45,0.0,0.0,0.09836065573770492,0.2,0.15,0.12,0.0,10.352941176470589,1.0,1.0,0.08196721311475409,0.2,0.15,0.08,3.0,10.642857142857142,0.0,0.0,0.11475409836065574,0.1,0.1,0.1,4.0,8.75,0.0,0.0,0.07650273224043716,0.1,0.1,0.08,5.0,13.307692307692308,0.0,0.0,0.11475409836065574,0.1,0.1,0.14,5.0,7.65,0.0,0.0,0.08196721311475409,0.0,0.0,0.04,21.0,11.0,0.0,0.0,0.15846994535519127,0.0,0.1,0.18,15.0,5.714285714285714,0.0,0.0,0.14754098360655737,0.2,0.25,0.18,3.0,6.5,0.0,0.0,0.12568306010928962,0.2,0.1,0.1,6.0,7.818181818181818,0.0,0.0,0.10382513661202186,0.0,0.0,0.1,22.0,8.444444444444445,0.0,0.0,0.09289617486338798,0.1,0.15,0.08,7.0,10.0625,0.0,0.0,0.09836065573770492,0.2,0.1,0.1,0.0,9.235294117647058,1.0,1.0,0.1092896174863388,0.2,0.15,0.1,2.0,8.368421052631579,0.0,0.0,0.08743169398907104,0.2,0.15,0.14,8.0,11.266666666666667,0.0,0.0,0.08196721311475409,0.0,0.0,0.08,27.0,10.928571428571429,0.0,0.0,0.09289617486338798,0.0,0.0,0.06,29.0,9.3125,0.0,0.0,0.12021857923497267,0.2,0.2,0.16,3.0,8.238095238095237,0.0,0.0,0.14207650273224043,0.4,0.35,0.2,1.0,7.08,0.0,1.0,0.10382513661202186,0.2,0.1,0.14,2.0,9.944444444444445,0.0,0.0,0.07650273224043716,0.0,0.15,0.08,13.0,12.384615384615385,0.0,0.0,0.07103825136612021,0.0,0.1,0.06,12.0,12.416666666666666,0.0,0.0,0.08196721311475409,0.2,0.15,0.12,3.0,12.785714285714286,0.0,0.0,0.09289617486338798,0.1,0.1,0.1,9.0,10.8125,0.0,0.0,0.09836065573770492,0.1,0.05,0.06,7.0,10.117647058823529,0.0,0.0,0.12568306010928962,0.1,0.15,0.1,5.0,7.909090909090909,0.0,0.0,0.09836065573770492,0.1,0.05,0.1,1.0,10.352941176470589,0.0,1.0,0.06557377049180328,0.0,0.15,0.08,10.0,14.363636363636363,0.0,0.0,0.08196721311475409,0.0,0.0,0.08,30.0,10.785714285714286,0.0,0.0,0.09289617486338798,0.1,0.1,0.06,0.0,11.25,1.0,1.0,0.11475409836065574,0.0,0.05,0.08,12.0,8.1,0.0,0.0,0.07650273224043716,0.0,0.05,0.08,13.0,12.076923076923077,0.0,0.0,0.1092896174863388,0.1,0.1,0.1,1.0,9.526315789473685,0.0,1.0,0.1092896174863388,0.0,0.0,0.06,30.0,7.947368421052632,0.0,0.0,0.10382513661202186,0.1,0.1,0.1,6.0,9.777777777777779,0.0,0.0,0.10382513661202186,0.1,0.05,0.12,4.0,8.666666666666666,0.0,0.0,0.16393442622950818,0.1,0.05,0.1,6.0,5.896551724137931,0.0,0.0,0.09289617486338798,0.0,0.1,0.1,14.0,8.5,0.0,0.0,0.07103825136612021,0.1,0.1,0.08,2.0,14.333333333333334,0.0,0.0,0.09289617486338798,0.0,0.1,0.06,11.0,10.625,0.0,0.0,0.11475409836065574,0.2,0.2,0.14,0.0,8.7,1.0,1.0,0.08743169398907104,0.2,0.1,0.14,2.0,11.266666666666667,0.0,0.0,0.08743169398907104,0.2,0.15,0.06,4.0,11.8,0.0,0.0,0.10382513661202186,0.1,0.1,0.1,2.0,9.5,0.0,0.0,0.14207650273224043,0.1,0.1,0.14,8.0,6.48,0.0,0.0,0.12568306010928962,0.1,0.1,0.12,1.0,8.227272727272727,0.0,1.0,0.1092896174863388,0.1,0.05,0.12,0.0,9.210526315789474,1.0,1.0,138.0,3.0,45.0,1.0,1.0,1.0,2.0,183.0,2.0,5.0,2.0,1,0,0,0,0,0,0,0,0,0,0,0,0,0,0,0,0,0,0,0,0,0,0,0,1,0,0,1,0,0,0,0,0,0,0,0,0,0,1,0,0,0,1,0,0,0,0,0
2025-02-12,0.16304347826086957,0.3,0.2,0.18,0.0,6.241379310344827,1.0,1.0,0.11413043478260869,0.0,0.1,0.12,11.0,8.45,0.0,0.0,0.09782608695652174,0.1,0.15,0.12,1.0,10.352941176470589,0.0,1.0,0.08152173913043478,0.2,0.15,0.08,4.0,10.642857142857142,0.0,0.0,0.11413043478260869,0.1,0.1,0.1,5.0,8.75,0.0,0.0,0.07608695652173914,0.1,0.1,0.08,6.0,13.307692307692308,0.0,0.0,0.11413043478260869,0.1,0.05,0.14,6.0,7.65,0.0,0.0,0.08152173913043478,0.0,0.0,0.04,22.0,11.0,0.0,0.0,0.15760869565217392,0.0,0.05,0.18,16.0,5.714285714285714,0.0,0.0,0.14673913043478262,0.1,0.2,0.18,4.0,6.5,0.0,0.0,0.125,0.2,0.1,0.1,7.0,7.818181818181818,0.0,0.0,0.10326086956521739,0.0,0.0,0.1,23.0,8.444444444444445,0.0,0.0,0.09239130434782608,0.1,0.15,0.08,8.0,10.0625,0.0,0.0,0.09782608695652174,0.2,0.1,0.1,1.0,9.235294117647058,0.0,1.0,0.10869565217391304,0.2,0.15,0.1,3.0,8.368421052631579,0.0,0.0,0.08695652173913043,0.1,0.15,0.14,9.0,11.266666666666667,0.0,0.0,0.08152173913043478,0.0,0.0,0.08,28.0,10.928571428571429,0.0,0.0,0.09239130434782608,0.0,0.0,0.06,30.0,9.3125,0.0,0.0,0.11956521739130435,0.2,0.2,0.16,4.0,8.238095238095237,0.0,0.0,0.14130434782608695,0.4,0.35,0.2,2.0,7.08,0.0,0.0,0.10326086956521739,0.2,0.1,0.14,3.0,9.944444444444445,0.0,0.0,0.07608695652173914,0.0,0.15,0.08,14.0,12.384615384615385,0.0,0.0,0.07065217391304347,0.0,0.1,0.06,13.0,12.416666666666666,0.0,0.0,0.08152173913043478,0.2,0.15,0.12,4.0,12.785714285714286,0.0,0.0,0.09782608695652174,0.1,0.15,0.12,0.0,10.764705882352942,1.0,1.0,0.09782608695652174,0.1,0.05,0.06,8.0,10.117647058823529,0.0,0.0,0.125,0.1,0.15,0.1,6.0,7.909090909090909,0.0,0.0,0.10326086956521739,0.2,0.1,0.12,0.0,9.88888888888889,1.0,1.0,0.06521739130434782,0.0,0.1,0.08,11.0,14.363636363636363,0.0,0.0,0.08152173913043478,0.0,0.0,0.08,31.0,10.785714285714286,0.0,0.0,0.09239130434782608,0.1,0.1,0.06,1.0,11.25,0.0,1.0,0.11413043478260869,0.0,0.05,0.08,13.0,8.1,0.0,0.0,0.07608695652173914,0.0,0.05,0.08,14.0,12.076923076923077,0.0,0.0,0.10869565217391304,0.1,0.1,0.1,2.0,9.526315789473685,0.0,0.0,0.10869565217391304,0.0,0.0,0.04,31.0,7.947368421052632,0.0,0.0,0.10326086956521739,0.1,0.1,0.1,7.0,9.777777777777779,0.0,0.0,0.10326086956521739,0.1,0.05,0.12,5.0,8.666666666666666,0.0,0.0,0.16304347826086957,0.1,0.05,0.1,7.0,5.896551724137931,0.0,0.0,0.09782608695652174,0.1,0.15,0.1,0.0,8.882352941176471,1.0,1.0,0.07065217391304347,0.1,0.1,0.08,3.0,14.333333333333334,0.0,0.0,0.09239130434782608,0.0,0.1,0.06,12.0,10.625,0.0,0.0,0.11413043478260869,0.2,0.15,0.14,1.0,8.7,0.0,1.0,0.09239130434782608,0.2,0.15,0.14,0.0,10.75,1.0,1.0,0.08695652173913043,0.2,0.15,0.06,5.0,11.8,0.0,0.0,0.10326086956521739,0.1,0.1,0.1,3.0,9.5,0.0,0.0,0.14130434782608695,0.1,0.1,0.12,9.0,6.48,0.0,0.0,0.125,0.1,0.1,0.12,2.0,8.227272727272727,0.0,0.0,0.10869565217391304,0.1,0.05,0.1,1.0,9.210526315789474,0.0,1.0,136.0,1.0,42.0,1.0,0.0,2.0,2.0,184.0,2.0,9.0,6.0,0,0,0,0,1,0,0,0,0,0,0,0,0,0,0,0,0,1,0,0,0,0,0,0,1,0,0,0,0,0,1,0,0,1,0,0,0,0,0,0,0,0,0,0,0,0,0,0
2025-02-16,0.16216216216216217,0.3,0.2,0.18,1.0,6.241379310344827,0.0,1.0,0.11351351351351352,0.0,0.1,0.12,12.0,8.45,0.0,0.0,0.0972972972972973,0.1,0.1,0.1,2.0,10.352941176470589,0.0,0.0,0.08108108108108109,0.2,0.15,0.08,5.0,10.642857142857142,0.0,0.0,0.11891891891891893,0.2,0.15,0.12,0.0,8.619047619047619,1.0,1.0,0.07567567567567568,0.1,0.1,0.08,7.0,13.307692307692308,0.0,0.0,0.11351351351351352,0.1,0.05,0.14,7.0,7.65,0.0,0.0,0.08108108108108109,0.0,0.0,0.04,23.0,11.0,0.0,0.0,0.15675675675675677,0.0,0.05,0.16,17.0,5.714285714285714,0.0,0.0,0.14594594594594595,0.1,0.2,0.18,5.0,6.5,0.0,0.0,0.12432432432432433,0.1,0.1,0.1,8.0,7.818181818181818,0.0,0.0,0.10270270270270271,0.0,0.0,0.08,24.0,8.444444444444445,0.0,0.0,0.0918918918918919,0.1,0.1,0.08,9.0,10.0625,0.0,0.0,0.0972972972972973,0.2,0.1,0.1,2.0,9.235294117647058,0.0,0.0,0.10810810810810811,0.2,0.15,0.1,4.0,8.368421052631579,0.0,0.0,0.08648648648648649,0.0,0.15,0.14,10.0,11.266666666666667,0.0,0.0,0.08108108108108109,0.0,0.0,0.08,29.0,10.928571428571429,0.0,0.0,0.0972972972972973,0.1,0.05,0.08,0.0,10.588235294117647,1.0,1.0,0.11891891891891893,0.2,0.2,0.14,5.0,8.238095238095237,0.0,0.0,0.14054054054054055,0.3,0.3,0.2,3.0,7.08,0.0,0.0,0.10270270270270271,0.2,0.1,0.14,4.0,9.944444444444445,0.0,0.0,0.07567567567567568,0.0,0.1,0.08,15.0,12.384615384615385,0.0,0.0,0.07027027027027027,0.0,0.1,0.06,14.0,12.416666666666666,0.0,0.0,0.08108108108108109,0.1,0.15,0.12,5.0,12.785714285714286,0.0,0.0,0.10270270270270271,0.2,0.2,0.14,0.0,10.222222222222221,1.0,1.0,0.0972972972972973,0.1,0.05,0.06,9.0,10.117647058823529,0.0,0.0,0.12432432432432433,0.1,0.15,0.1,7.0,7.909090909090909,0.0,0.0,0.10270270270270271,0.2,0.1,0.12,1.0,9.88888888888889,0.0,1.0,0.06486486486486487,0.0,0.1,0.08,12.0,14.363636363636363,0.0,0.0,0.08108108108108109,0.0,0.0,0.08,32.0,10.785714285714286,0.0,0.0,0.0972972972972973,0.2,0.15,0.08,0.0,10.705882352941176,1.0,1.0,0.11351351351351352,0.0,0.05,0.08,14.0,8.1,0.0,0.0,0.07567567567567568,0.0,0.05,0.08,15.0,12.076923076923077,0.0,0.0,0.11351351351351352,0.2,0.15,0.12,0.0,9.2,1.0,1.0,0.10810810810810811,0.0,0.0,0.04,32.0,7.947368421052632,0.0,0.0,0.10270270270270271,0.1,0.05,0.1,8.0,9.777777777777779,0.0,0.0,0.10270270270270271,0.1,0.05,0.12,6.0,8.666666666666666,0.0,0.0,0.16216216216216217,0.1,0.05,0.1,8.0,5.896551724137931,0.0,0.0,0.0972972972972973,0.1,0.15,0.1,1.0,8.882352941176471,0.0,1.0,0.07027027027027027,0.1,0.1,0.08,4.0,14.333333333333334,0.0,0.0,0.0918918918918919,0.0,0.1,0.06,13.0,10.625,0.0,0.0,0.11351351351351352,0.2,0.15,0.14,2.0,8.7,0.0,0.0,0.0918918918918919,0.2,0.15,0.14,1.0,10.75,0.0,1.0,0.08648648648648649,0.2,0.15,0.06,6.0,11.8,0.0,0.0,0.10270270270270271,0.1,0.1,0.08,4.0,9.5,0.0,0.0,0.14054054054054055,0.0,0.1,0.12,10.0,6.48,0.0,0.0,0.12432432432432433,0.1,0.1,0.12,3.0,8.227272727272727,0.0,0.0,0.10810810810810811,0.1,0.05,0.1,2.0,9.210526315789474,0.0,0.0,113.0,2.0,29.0,1.0,1.0,3.0,0.0,185.0,2.0,12.0,2.0,0,0,0,0,0,1,0,0,0,0,0,0,0,0,0,0,0,1,0,0,0,1,0,0,0,0,0,0,0,0,0,0,0,1,0,0,0,0,0,0,0,0,1,0,0,0,0,0
2025-02-19,0.16129032258064516,0.2,0.2,0.16,2.0,6.241379310344827,0.0,0.0,0.11290322580645161,0.0,0.1,0.1,13.0,8.45,0.0,0.0,0.0967741935483871,0.1,0.1,0.1,3.0,10.352941176470589,0.0,0.0,0.08064516129032258,0.1,0.15,0.08,6.0,10.642857142857142,0.0,0.0,0.11827956989247312,0.2,0.15,0.12,1.0,8.619047619047619,0.0,1.0,0.08064516129032258,0.2,0.15,0.1,0.0,12.928571428571429,1.0,1.0,0.11290322580645161,0.1,0.05,0.14,8.0,7.65,0.0,0.0,0.08064516129032258,0.0,0.0,0.04,24.0,11.0,0.0,0.0,0.15591397849462366,0.0,0.05,0.16,18.0,5.714285714285714,0.0,0.0,0.14516129032258066,0.1,0.15,0.18,6.0,6.5,0.0,0.0,0.12365591397849462,0.1,0.1,0.1,9.0,7.818181818181818,0.0,0.0,0.10215053763440861,0.0,0.0,0.08,25.0,8.444444444444445,0.0,0.0,0.0913978494623656,0.0,0.1,0.08,10.0,10.0625,0.0,0.0,0.0967741935483871,0.1,0.1,0.1,3.0,9.235294117647058,0.0,0.0,0.10752688172043011,0.2,0.15,0.1,5.0,8.368421052631579,0.0,0.0,0.08602150537634409,0.0,0.1,0.14,11.0,11.266666666666667,0.0,0.0,0.08064516129032258,0.0,0.0,0.08,30.0,10.928571428571429,0.0,0.0,0.10215053763440861,0.2,0.1,0.1,0.0,10.055555555555555,1.0,1.0,0.11827956989247312,0.2,0.15,0.14,6.0,8.238095238095237,0.0,0.0,0.13978494623655913,0.3,0.3,0.2,4.0,7.08,0.0,0.0,0.10215053763440861,0.2,0.1,0.12,5.0,9.944444444444445,0.0,0.0,0.08064516129032258,0.1,0.15,0.1,0.0,12.642857142857142,1.0,1.0,0.06989247311827956,0.0,0.05,0.06,15.0,12.416666666666666,0.0,0.0,0.08064516129032258,0.1,0.15,0.12,6.0,12.785714285714286,0.0,0.0,0.10215053763440861,0.2,0.2,0.12,1.0,10.222222222222221,0.0,1.0,0.0967741935483871,0.0,0.05,0.06,10.0,10.117647058823529,0.0,0.0,0.12365591397849462,0.1,0.1,0.1,8.0,7.909090909090909,0.0,0.0,0.10215053763440861,0.2,0.1,0.12,2.0,9.88888888888889,0.0,0.0,0.06451612903225806,0.0,0.1,0.08,13.0,14.363636363636363,0.0,0.0,0.08064516129032258,0.0,0.0,0.08,33.0,10.785714285714286,0.0,0.0,0.0967741935483871,0.2,0.15,0.08,1.0,10.705882352941176,0.0,1.0,0.11290322580645161,0.0,0.05,0.08,15.0,8.1,0.0,0.0,0.07526881720430108,0.0,0.05,0.08,16.0,12.076923076923077,0.0,0.0,0.11827956989247312,0.3,0.2,0.14,0.0,8.80952380952381,1.0,1.0,0.10752688172043011,0.0,0.0,0.04,33.0,7.947368421052632,0.0,0.0,0.10215053763440861,0.1,0.05,0.1,9.0,9.777777777777779,0.0,0.0,0.10215053763440861,0.1,0.05,0.12,7.0,8.666666666666666,0.0,0.0,0.16129032258064516,0.1,0.05,0.1,9.0,5.896551724137931,0.0,0.0,0.0967741935483871,0.1,0.15,0.08,2.0,8.882352941176471,0.0,0.0,0.06989247311827956,0.1,0.1,0.08,5.0,14.333333333333334,0.0,0.0,0.0913978494623656,0.0,0.1,0.06,14.0,10.625,0.0,0.0,0.11290322580645161,0.2,0.15,0.14,3.0,8.7,0.0,0.0,0.0967741935483871,0.3,0.2,0.16,0.0,10.235294117647058,1.0,1.0,0.08602150537634409,0.2,0.15,0.06,7.0,11.8,0.0,0.0,0.10215053763440861,0.1,0.1,0.08,5.0,9.5,0.0,0.0,0.13978494623655913,0.0,0.1,0.12,11.0,6.48,0.0,0.0,0.12365591397849462,0.1,0.1,0.12,4.0,8.227272727272727,0.0,0.0,0.10752688172043011,0.1,0.05,0.1,3.0,9.210526315789474,0.0,0.0,123.0,4.0,37.0,1.0,2.0,1.0,1.0,186.0,2.0,16.0,6.0,0,0,0,1,0,0,0,0,0,0,0,0,0,0,0,0,0,0,1,0,0,0,0,1,0,0,0,0,0,0,0,0,0,0,0,0,0,0,1,0,0,0,0,0,1,0,0,0
2025-02-23,0.16042780748663102,0.2,0.15,0.16,3.0,6.241379310344827,0.0,0.0,0.11229946524064172,0.0,0.1,0.1,14.0,8.45,0.0,0.0,0.0962566844919786,0.1,0.1,0.1,4.0,10.352941176470589,0.0,0.0,0.0855614973262032,0.2,0.15,0.1,0.0,10.4,1.0,1.0,0.11764705882352941,0.2,0.15,0.12,2.0,8.619047619047619,0.0,0.0,0.08021390374331551,0.2,0.15,0.1,1.0,12.928571428571429,0.0,1.0,0.11229946524064172,0.1,0.05,0.14,9.0,7.65,0.0,0.0,0.08021390374331551,0.0,0.0,0.04,25.0,11.0,0.0,0.0,0.15508021390374332,0.0,0.05,0.16,19.0,5.714285714285714,0.0,0.0,0.1443850267379679,0.1,0.15,0.18,7.0,6.5,0.0,0.0,0.12299465240641712,0.0,0.1,0.1,10.0,7.818181818181818,0.0,0.0,0.10160427807486631,0.0,0.0,0.08,26.0,8.444444444444445,0.0,0.0,0.09090909090909091,0.0,0.1,0.08,11.0,10.0625,0.0,0.0,0.0962566844919786,0.1,0.1,0.1,4.0,9.235294117647058,0.0,0.0,0.10695187165775401,0.2,0.15,0.1,6.0,8.368421052631579,0.0,0.0,0.0855614973262032,0.0,0.1,0.14,12.0,11.266666666666667,0.0,0.0,0.08021390374331551,0.0,0.0,0.08,31.0,10.928571428571429,0.0,0.0,0.10160427807486631,0.2,0.1,0.08,1.0,10.055555555555555,0.0,1.0,0.12299465240641712,0.3,0.2,0.16,0.0,8.181818181818182,1.0,1.0,0.13903743315508021,0.3,0.3,0.2,5.0,7.08,0.0,0.0,0.10160427807486631,0.1,0.1,0.12,6.0,9.944444444444445,0.0,0.0,0.08021390374331551,0.1,0.15,0.1,1.0,12.642857142857142,0.0,1.0,0.06951871657754011,0.0,0.05,0.06,16.0,12.416666666666666,0.0,0.0,0.0855614973262032,0.2,0.2,0.14,0.0,12.4,1.0,1.0,0.10160427807486631,0.2,0.2,0.1,2.0,10.222222222222221,0.0,0.0,0.0962566844919786,0.0,0.05,0.06,11.0,10.117647058823529,0.0,0.0,0.12299465240641712,0.1,0.1,0.1,9.0,7.909090909090909,0.0,0.0,0.10160427807486631,0.2,0.1,0.12,3.0,9.88888888888889,0.0,0.0,0.06417112299465241,0.0,0.1,0.06,14.0,14.363636363636363,0.0,0.0,0.08021390374331551,0.0,0.0,0.08,34.0,10.785714285714286,0.0,0.0,0.0962566844919786,0.2,0.15,0.08,2.0,10.705882352941176,0.0,0.0,0.11229946524064172,0.0,0.05,0.08,16.0,8.1,0.0,0.0,0.0748663101604278,0.0,0.05,0.08,17.0,12.076923076923077,0.0,0.0,0.11764705882352941,0.3,0.2,0.12,1.0,8.80952380952381,0.0,1.0,0.10695187165775401,0.0,0.0,0.04,34.0,7.947368421052632,0.0,0.0,0.10160427807486631,0.0,0.05,0.1,10.0,9.777777777777779,0.0,0.0,0.10160427807486631,0.1,0.05,0.12,8.0,8.666666666666666,0.0,0.0,0.16042780748663102,0.0,0.05,0.08,10.0,5.896551724137931,0.0,0.0,0.10160427807486631,0.2,0.15,0.1,0.0,8.555555555555555,1.0,1.0,0.06951871657754011,0.1,0.1,0.08,6.0,14.333333333333334,0.0,0.0,0.09090909090909091,0.0,0.05,0.06,15.0,10.625,0.0,0.0,0.11229946524064172,0.2,0.15,0.14,4.0,8.7,0.0,0.0,0.0962566844919786,0.3,0.2,0.16,1.0,10.235294117647058,0.0,1.0,0.0855614973262032,0.1,0.15,0.06,8.0,11.8,0.0,0.0,0.10695187165775401,0.2,0.15,0.1,0.0,9.31578947368421,1.0,1.0,0.13903743315508021,0.0,0.1,0.12,12.0,6.48,0.0,0.0,0.12299465240641712,0.1,0.05,0.12,5.0,8.227272727272727,0.0,0.0,0.10695187165775401,0.1,0.05,0.1,4.0,9.210526315789474,0.0,0.0,131.0,2.0,41.0,1.0,2.0,0.0,2.0,187.0,2.0,19.0,2.0,0,0,0,0,1,0,0,0,0,0,0,0,0,0,0,0,0,1,0,0,0,0,0,1,0,0,0,0,0,0,0,0,0,0,0,1,0,0,0,0,0,0,0,0,0,1,0,0
2025-02-26,0.1595744680851064,0.2,0.15,0.16,4.0,6.241379310344827,0.0,0.0,0.11170212765957446,0.0,0.1,0.08,15.0,8.45,0.0,0.0,0.09574468085106383,0.1,0.1,0.08,5.0,10.352941176470589,0.0,0.0,0.0851063829787234,0.2,0.15,0.1,1.0,10.4,0.0,1.0,0.12234042553191489,0.3,0.2,0.14,0.0,8.363636363636363,1.0,1.0,0.0797872340425532,0.1,0.15,0.1,2.0,12.928571428571429,0.0,0.0,0.11170212765957446,0.0,0.05,0.14,10.0,7.65,0.0,0.0,0.0797872340425532,0.0,0.0,0.04,26.0,11.0,0.0,0.0,0.15425531914893617,0.0,0.0,0.14,20.0,5.714285714285714,0.0,0.0,0.14361702127659576,0.1,0.1,0.18,8.0,6.5,0.0,0.0,0.12234042553191489,0.0,0.1,0.1,11.0,7.818181818181818,0.0,0.0,0.10106382978723404,0.0,0.0,0.08,27.0,8.444444444444445,0.0,0.0,0.09042553191489362,0.0,0.1,0.08,12.0,10.0625,0.0,0.0,0.09574468085106383,0.1,0.1,0.1,5.0,9.235294117647058,0.0,0.0,0.10638297872340426,0.2,0.15,0.1,7.0,8.368421052631579,0.0,0.0,0.0851063829787234,0.0,0.1,0.14,13.0,11.266666666666667,0.0,0.0,0.0797872340425532,0.0,0.0,0.08,32.0,10.928571428571429,0.0,0.0,0.10638297872340426,0.3,0.15,0.1,0.0,9.631578947368421,1.0,1.0,0.12234042553191489,0.2,0.2,0.16,1.0,8.181818181818182,0.0,1.0,0.13829787234042554,0.2,0.3,0.2,6.0,7.08,0.0,0.0,0.10106382978723404,0.1,0.1,0.12,7.0,9.944444444444445,0.0,0.0,0.0797872340425532,0.1,0.1,0.08,2.0,12.642857142857142,0.0,0.0,0.06914893617021277,0.0,0.05,0.06,17.0,12.416666666666666,0.0,0.0,0.09042553191489362,0.3,0.25,0.16,0.0,11.6875,1.0,1.0,0.10106382978723404,0.2,0.2,0.1,3.0,10.222222222222221,0.0,0.0,0.09574468085106383,0.0,0.05,0.06,12.0,10.117647058823529,0.0,0.0,0.12234042553191489,0.0,0.1,0.1,10.0,7.909090909090909,0.0,0.0,0.10106382978723404,0.2,0.1,0.12,4.0,9.88888888888889,0.0,0.0,0.06382978723404255,0.0,0.1,0.06,15.0,14.363636363636363,0.0,0.0,0.0797872340425532,0.0,0.0,0.08,35.0,10.785714285714286,0.0,0.0,0.09574468085106383,0.2,0.15,0.08,3.0,10.705882352941176,0.0,0.0,0.11170212765957446,0.0,0.05,0.06,17.0,8.1,0.0,0.0,0.07446808510638298,0.0,0.05,0.08,18.0,12.076923076923077,0.0,0.0,0.11702127659574468,0.3,0.15,0.12,2.0,8.80952380952381,0.0,0.0,0.10638297872340426,0.0,0.0,0.04,35.0,7.947368421052632,0.0,0.0,0.10638297872340426,0.1,0.1,0.12,0.0,9.842105263157896,1.0,1.0,0.10106382978723404,0.1,0.05,0.12,9.0,8.666666666666666,0.0,0.0,0.1595744680851064,0.0,0.05,0.08,11.0,5.896551724137931,0.0,0.0,0.10106382978723404,0.2,0.15,0.1,1.0,8.555555555555555,0.0,1.0,0.06914893617021277,0.1,0.1,0.08,7.0,14.333333333333334,0.0,0.0,0.09042553191489362,0.0,0.05,0.06,16.0,10.625,0.0,0.0,0.11170212765957446,0.2,0.15,0.14,5.0,8.7,0.0,0.0,0.09574468085106383,0.3,0.2,0.16,2.0,10.235294117647058,0.0,0.0,0.0851063829787234,0.1,0.15,0.06,9.0,11.8,0.0,0.0,0.10638297872340426,0.2,0.1,0.1,1.0,9.31578947368421,0.0,1.0,0.14361702127659576,0.1,0.15,0.14,0.0,6.730769230769231,1.0,1.0,0.12234042553191489,0.1,0.05,0.12,6.0,8.227272727272727,0.0,0.0,0.10638297872340426,0.1,0.05,0.1,5.0,9.210526315789474,0.0,0.0,129.0,4.0,41.0,1.0,2.0,1.0,1.0,188.0,2.0,23.0,6.0,0,0,0,0,0,0,0,0,0,1,0,0,0,0,0,0,0,0,0,1,0,1,0,0,0,0,0,1,0,0,0,0,0,0,0,0,0,0,0,0,0,0,0,1,0,0,0,0
2025-03-02,0.15873015873015872,0.2,0.15,0.16,5.0,6.241379310344827,0.0,0.0,0.1111111111111111,0.0,0.1,0.08,16.0,8.45,0.0,0.0,0.09523809523809523,0.1,0.1,0.08,6.0,10.352941176470589,0.0,0.0,0.08465608465608465,0.2,0.15,0.1,2.0,10.4,0.0,0.0,0.12169312169312169,0.2,0.2,0.14,1.0,8.363636363636363,0.0,1.0,0.07936507936507936,0.1,0.15,0.1,3.0,12.928571428571429,0.0,0.0,0.1111111111111111,0.0,0.05,0.14,11.0,7.65,0.0,0.0,0.07936507936507936,0.0,0.0,0.04,27.0,11.0,0.0,0.0,0.15343915343915343,0.0,0.0,0.12,21.0,5.714285714285714,0.0,0.0,0.14814814814814814,0.2,0.15,0.2,0.0,6.592592592592593,1.0,1.0,0.12169312169312169,0.0,0.1,0.1,12.0,7.818181818181818,0.0,0.0,0.10052910052910052,0.0,0.0,0.06,28.0,8.444444444444445,0.0,0.0,0.08994708994708994,0.0,0.1,0.08,13.0,10.0625,0.0,0.0,0.09523809523809523,0.1,0.1,0.1,6.0,9.235294117647058,0.0,0.0,0.10582010582010581,0.2,0.15,0.1,8.0,8.368421052631579,0.0,0.0,0.08465608465608465,0.0,0.1,0.14,14.0,11.266666666666667,0.0,0.0,0.07936507936507936,0.0,0.0,0.08,33.0,10.928571428571429,0.0,0.0,0.10582010582010581,0.3,0.15,0.1,1.0,9.631578947368421,0.0,1.0,0.12169312169312169,0.2,0.15,0.16,2.0,8.181818181818182,0.0,0.0,0.14285714285714285,0.2,0.3,0.22,0.0,7.076923076923077,1.0,1.0,0.10052910052910052,0.1,0.1,0.12,8.0,9.944444444444445,0.0,0.0,0.08465608465608465,0.2,0.15,0.1,0.0,12.0,1.0,1.0,0.06878306878306878,0.0,0.05,0.06,18.0,12.416666666666666,0.0,0.0,0.08994708994708994,0.3,0.25,0.16,1.0,11.6875,0.0,1.0,0.10052910052910052,0.2,0.2,0.1,4.0,10.222222222222221,0.0,0.0,0.09523809523809523,0.0,0.05,0.06,13.0,10.117647058823529,0.0,0.0,0.12169312169312169,0.0,0.05,0.1,11.0,7.909090909090909,0.0,0.0,0.10582010582010581,0.3,0.15,0.14,0.0,9.631578947368421,1.0,1.0,0.06349206349206349,0.0,0.1,0.06,16.0,14.363636363636363,0.0,0.0,0.07936507936507936,0.0,0.0,0.08,36.0,10.785714285714286,0.0,0.0,0.09523809523809523,0.2,0.15,0.08,4.0,10.705882352941176,0.0,0.0,0.1111111111111111,0.0,0.05,0.06,18.0,8.1,0.0,0.0,0.07407407407407407,0.0,0.05,0.08,19.0,12.076923076923077,0.0,0.0,0.1164021164021164,0.3,0.15,0.12,3.0,8.80952380952381,0.0,0.0,0.10582010582010581,0.0,0.0,0.04,36.0,7.947368421052632,0.0,0.0,0.10582010582010581,0.1,0.1,0.12,1.0,9.842105263157896,0.0,1.0,0.10052910052910052,0.0,0.05,0.12,10.0,8.666666666666666,0.0,0.0,0.15873015873015872,0.0,0.05,0.08,12.0,5.896551724137931,0.0,0.0,0.10052910052910052,0.2,0.1,0.1,2.0,8.555555555555555,0.0,0.0,0.06878306878306878,0.1,0.1,0.08,8.0,14.333333333333334,0.0,0.0,0.08994708994708994,0.0,0.05,0.06,17.0,10.625,0.0,0.0,0.1111111111111111,0.1,0.1,0.12,6.0,8.7,0.0,0.0,0.09523809523809523,0.3,0.2,0.14,3.0,10.235294117647058,0.0,0.0,0.08994708994708994,0.1,0.2,0.08,0.0,11.6875,1.0,1.0,0.10582010582010581,0.2,0.1,0.1,2.0,9.31578947368421,0.0,0.0,0.14285714285714285,0.1,0.15,0.14,1.0,6.730769230769231,0.0,1.0,0.12169312169312169,0.1,0.05,0.12,7.0,8.227272727272727,0.0,0.0,0.10582010582010581,0.1,0.05,0.08,6.0,9.210526315789474,0.0,0.0,124.0,5.0,34.0,1.0,2.0,1.0,1.0,189.0,2.0,26.0,2.0,0,0,0,0,0,0,0,1,0,0,0,0,1,0,0,0,0,0,0,0,0,0,0,0,0,0,0,0,0,0,0,0,0,0,0,0,0,0,0,1,1,0,0,0,0,1,0,0
2025-03-06,0.15789473684210525,0.2,0.15,0.16,6.0,6.241379310344827,0.0,0.0,0.11052631578947368,0.0,0.1,0.08,17.0,8.45,0.0,0.0,0.09473684210526316,0.1,0.1,0.08,7.0,10.352941176470589,0.0,0.0,0.08421052631578947,0.1,0.15,0.1,3.0,10.4,0.0,0.0,0.12105263157894737,0.2,0.2,0.14,2.0,8.363636363636363,0.0,0.0,0.07894736842105263,0.1,0.15,0.1,4.0,12.928571428571429,0.0,0.0,0.11052631578947368,0.0,0.05,0.14,12.0,7.65,0.0,0.0,0.08421052631578947,0.1,0.05,0.06,0.0,12.133333333333333,1.0,1.0,0.15263157894736842,0.0,0.0,0.1,22.0,5.714285714285714,0.0,0.0,0.14736842105263157,0.1,0.15,0.2,1.0,6.592592592592593,0.0,1.0,0.12105263157894737,0.0,0.1,0.1,13.0,7.818181818181818,0.0,0.0,0.1,0.0,0.0,0.06,29.0,8.444444444444445,0.0,0.0,0.09473684210526316,0.1,0.1,0.1,0.0,10.294117647058824,1.0,1.0,0.09473684210526316,0.1,0.1,0.1,7.0,9.235294117647058,0.0,0.0,0.10526315789473684,0.1,0.1,0.1,9.0,8.368421052631579,0.0,0.0,0.08421052631578947,0.0,0.1,0.14,15.0,11.266666666666667,0.0,0.0,0.07894736842105263,0.0,0.0,0.08,34.0,10.928571428571429,0.0,0.0,0.10526315789473684,0.3,0.15,0.1,2.0,9.631578947368421,0.0,0.0,0.12105263157894737,0.1,0.15,0.14,3.0,8.181818181818182,0.0,0.0,0.14210526315789473,0.2,0.3,0.22,1.0,7.076923076923077,0.0,1.0,0.1,0.1,0.1,0.1,9.0,9.944444444444445,0.0,0.0,0.08421052631578947,0.2,0.1,0.1,1.0,12.0,0.0,1.0,0.06842105263157895,0.0,0.05,0.06,19.0,12.416666666666666,0.0,0.0,0.08947368421052632,0.2,0.25,0.16,2.0,11.6875,0.0,0.0,0.1,0.2,0.2,0.1,5.0,10.222222222222221,0.0,0.0,0.09473684210526316,0.0,0.05,0.06,14.0,10.117647058823529,0.0,0.0,0.12105263157894737,0.0,0.05,0.1,12.0,7.909090909090909,0.0,0.0,0.10526315789473684,0.3,0.15,0.14,1.0,9.631578947368421,0.0,1.0,0.06315789473684211,0.0,0.05,0.06,17.0,14.363636363636363,0.0,0.0,0.07894736842105263,0.0,0.0,0.08,37.0,10.785714285714286,0.0,0.0,0.09473684210526316,0.2,0.15,0.08,5.0,10.705882352941176,0.0,0.0,0.11052631578947368,0.0,0.05,0.06,19.0,8.1,0.0,0.0,0.07368421052631578,0.0,0.0,0.08,20.0,12.076923076923077,0.0,0.0,0.11578947368421053,0.3,0.15,0.1,4.0,8.80952380952381,0.0,0.0,0.10526315789473684,0.0,0.0,0.04,37.0,7.947368421052632,0.0,0.0,0.10526315789473684,0.1,0.1,0.12,2.0,9.842105263157896,0.0,0.0,0.1,0.0,0.05,0.12,11.0,8.666666666666666,0.0,0.0,0.15789473684210525,0.0,0.05,0.06,13.0,5.896551724137931,0.0,0.0,0.1,0.2,0.1,0.1,3.0,8.555555555555555,0.0,0.0,0.07368421052631578,0.2,0.15,0.1,0.0,13.923076923076923,1.0,1.0,0.09473684210526316,0.1,0.1,0.08,0.0,11.058823529411764,1.0,1.0,0.11052631578947368,0.1,0.1,0.12,7.0,8.7,0.0,0.0,0.09473684210526316,0.3,0.2,0.14,4.0,10.235294117647058,0.0,0.0,0.08947368421052632,0.1,0.2,0.08,1.0,11.6875,0.0,1.0,0.10526315789473684,0.2,0.1,0.1,3.0,9.31578947368421,0.0,0.0,0.14736842105263157,0.2,0.2,0.16,0.0,6.555555555555555,1.0,1.0,0.12105263157894737,0.1,0.05,0.12,8.0,8.227272727272727,0.0,0.0,0.10526315789473684,0.1,0.05,0.08,7.0,9.210526315789474,0.0,0.0,148.0,3.0,38.0,1.0,1.0,0.0,3.0,190.0,3.0,2.0,6.0,0,0,0,0,0,0,1,0,0,0,0,0,0,0,0,0,0,1,0,0,0,0,0,0,0,1,0,1,0,0,0,0,0,0,0,0,0,1,0,0,0,0,0,0,0,0,0,0
2025-03-09,0.15706806282722513,0.2,0.15,0.16,7.0,6.241379310344827,0.0,0.0,0.1099476439790576,0.0,0.1,0.08,18.0,8.45,0.0,0.0,0.09424083769633508,0.1,0.1,0.08,8.0,10.352941176470589,0.0,0.0,0.08376963350785341,0.1,0.15,0.1,4.0,10.4,0.0,0.0,0.12041884816753927,0.2,0.15,0.14,3.0,8.363636363636363,0.0,0.0,0.07853403141361257,0.1,0.15,0.1,5.0,12.928571428571429,0.0,0.0,0.11518324607329843,0.1,0.1,0.16,0.0,7.904761904761905,1.0,1.0,0.08376963350785341,0.1,0.05,0.06,1.0,12.133333333333333,0.0,1.0,0.1518324607329843,0.0,0.0,0.1,23.0,5.714285714285714,0.0,0.0,0.14659685863874344,0.1,0.15,0.2,2.0,6.592592592592593,0.0,0.0,0.12041884816753927,0.0,0.1,0.1,14.0,7.818181818181818,0.0,0.0,0.09947643979057591,0.0,0.0,0.06,30.0,8.444444444444445,0.0,0.0,0.09424083769633508,0.1,0.1,0.1,1.0,10.294117647058824,0.0,1.0,0.09424083769633508,0.1,0.1,0.1,8.0,9.235294117647058,0.0,0.0,0.10471204188481675,0.0,0.1,0.1,10.0,8.368421052631579,0.0,0.0,0.08376963350785341,0.0,0.1,0.14,16.0,11.266666666666667,0.0,0.0,0.07853403141361257,0.0,0.0,0.08,35.0,10.928571428571429,0.0,0.0,0.1099476439790576,0.4,0.2,0.1,0.0,9.3,1.0,1.0,0.12041884816753927,0.1,0.15,0.14,4.0,8.181818181818182,0.0,0.0,0.14136125654450263,0.2,0.3,0.22,2.0,7.076923076923077,0.0,0.0,0.09947643979057591,0.0,0.1,0.1,10.0,9.944444444444445,0.0,0.0,0.08376963350785341,0.2,0.1,0.1,2.0,12.0,0.0,0.0,0.06806282722513089,0.0,0.0,0.04,20.0,12.416666666666666,0.0,0.0,0.08900523560209424,0.2,0.25,0.16,3.0,11.6875,0.0,0.0,0.09947643979057591,0.2,0.2,0.1,6.0,10.222222222222221,0.0,0.0,0.09947643979057591,0.1,0.1,0.08,0.0,10.38888888888889,1.0,1.0,0.12041884816753927,0.0,0.05,0.1,13.0,7.909090909090909,0.0,0.0,0.1099476439790576,0.4,0.2,0.16,0.0,9.25,1.0,1.0,0.06282722513089005,0.0,0.05,0.06,18.0,14.363636363636363,0.0,0.0,0.07853403141361257,0.0,0.0,0.06,38.0,10.785714285714286,0.0,0.0,0.09424083769633508,0.2,0.15,0.08,6.0,10.705882352941176,0.0,0.0,0.1099476439790576,0.0,0.0,0.06,20.0,8.1,0.0,0.0,0.07329842931937172,0.0,0.0,0.08,21.0,12.076923076923077,0.0,0.0,0.11518324607329843,0.3,0.15,0.1,5.0,8.80952380952381,0.0,0.0,0.10471204188481675,0.0,0.0,0.04,38.0,7.947368421052632,0.0,0.0,0.10471204188481675,0.1,0.1,0.12,3.0,9.842105263157896,0.0,0.0,0.09947643979057591,0.0,0.05,0.12,12.0,8.666666666666666,0.0,0.0,0.16230366492146597,0.1,0.1,0.08,0.0,6.166666666666667,1.0,1.0,0.09947643979057591,0.2,0.1,0.1,4.0,8.555555555555555,0.0,0.0,0.07329842931937172,0.1,0.1,0.1,1.0,13.923076923076923,0.0,1.0,0.09424083769633508,0.1,0.1,0.08,1.0,11.058823529411764,0.0,1.0,0.1099476439790576,0.1,0.1,0.12,8.0,8.7,0.0,0.0,0.09424083769633508,0.2,0.2,0.14,5.0,10.235294117647058,0.0,0.0,0.08900523560209424,0.1,0.15,0.08,2.0,11.6875,0.0,0.0,0.10471204188481675,0.1,0.1,0.08,4.0,9.31578947368421,0.0,0.0,0.14659685863874344,0.2,0.2,0.16,1.0,6.555555555555555,0.0,1.0,0.12041884816753927,0.1,0.05,0.1,9.0,8.227272727272727,0.0,0.0,0.10471204188481675,0.1,0.05,0.08,8.0,9.210526315789474,0.0,0.0,117.0,4.0,31.0,1.0,1.0,2.0,1.0,191.0,3.0,6.0,3.0,0,0,1,0,0,0,0,1,0,0,0,0,0,0,0,0,1,0,0,0,0,1,1,0,0,0,0,0,0,0,0,0,0,0,0,0,0,0,0,0,0,0,0,0,0,0,0,0
2025-03-12,0.15625,0.1,0.15,0.14,8.0,6.241379310344827,0.0,0.0,0.109375,0.0,0.05,0.08,19.0,8.45,0.0,0.0,0.09895833333333333,0.2,0.15,0.1,0.0,10.277777777777779,1.0,1.0,0.08333333333333333,0.1,0.15,0.1,5.0,10.4,0.0,0.0,0.11979166666666667,0.2,0.15,0.14,4.0,8.363636363636363,0.0,0.0,0.078125,0.1,0.15,0.1,6.0,12.928571428571429,0.0,0.0,0.11458333333333333,0.1,0.1,0.16,1.0,7.904761904761905,0.0,1.0,0.08854166666666667,0.2,0.1,0.08,0.0,11.5,1.0,1.0,0.15104166666666666,0.0,0.0,0.1,24.0,5.714285714285714,0.0,0.0,0.14583333333333334,0.1,0.15,0.18,3.0,6.592592592592593,0.0,0.0,0.11979166666666667,0.0,0.1,0.1,15.0,7.818181818181818,0.0,0.0,0.09895833333333333,0.0,0.0,0.06,31.0,8.444444444444445,0.0,0.0,0.09375,0.1,0.1,0.1,2.0,10.294117647058824,0.0,0.0,0.09375,0.1,0.1,0.1,9.0,9.235294117647058,0.0,0.0,0.10416666666666667,0.0,0.1,0.1,11.0,8.368421052631579,0.0,0.0,0.08333333333333333,0.0,0.1,0.14,17.0,11.266666666666667,0.0,0.0,0.08333333333333333,0.1,0.05,0.1,0.0,12.6,1.0,1.0,0.109375,0.4,0.2,0.1,1.0,9.3,0.0,1.0,0.11979166666666667,0.1,0.15,0.14,5.0,8.181818181818182,0.0,0.0,0.140625,0.1,0.3,0.2,3.0,7.076923076923077,0.0,0.0,0.09895833333333333,0.0,0.1,0.1,11.0,9.944444444444445,0.0,0.0,0.08854166666666667,0.3,0.15,0.12,0.0,11.4375,1.0,1.0,0.07291666666666667,0.1,0.05,0.06,0.0,13.076923076923077,1.0,1.0,0.08854166666666667,0.2,0.2,0.16,4.0,11.6875,0.0,0.0,0.09895833333333333,0.2,0.15,0.1,7.0,10.222222222222221,0.0,0.0,0.09895833333333333,0.1,0.1,0.08,1.0,10.38888888888889,0.0,1.0,0.11979166666666667,0.0,0.05,0.1,14.0,7.909090909090909,0.0,0.0,0.109375,0.3,0.2,0.16,1.0,9.25,0.0,1.0,0.0625,0.0,0.05,0.06,19.0,14.363636363636363,0.0,0.0,0.078125,0.0,0.0,0.06,39.0,10.785714285714286,0.0,0.0,0.09375,0.2,0.15,0.08,7.0,10.705882352941176,0.0,0.0,0.109375,0.0,0.0,0.06,21.0,8.1,0.0,0.0,0.07291666666666667,0.0,0.0,0.06,22.0,12.076923076923077,0.0,0.0,0.11458333333333333,0.2,0.15,0.1,6.0,8.80952380952381,0.0,0.0,0.10416666666666667,0.0,0.0,0.04,39.0,7.947368421052632,0.0,0.0,0.10416666666666667,0.1,0.1,0.12,4.0,9.842105263157896,0.0,0.0,0.09895833333333333,0.0,0.05,0.12,13.0,8.666666666666666,0.0,0.0,0.16145833333333334,0.1,0.1,0.08,1.0,6.166666666666667,0.0,1.0,0.09895833333333333,0.2,0.1,0.1,5.0,8.555555555555555,0.0,0.0,0.07291666666666667,0.1,0.1,0.1,2.0,13.923076923076923,0.0,0.0,0.09375,0.1,0.05,0.08,2.0,11.058823529411764,0.0,0.0,0.109375,0.1,0.1,0.12,9.0,8.7,0.0,0.0,0.09375,0.2,0.2,0.14,6.0,10.235294117647058,0.0,0.0,0.08854166666666667,0.1,0.15,0.08,3.0,11.6875,0.0,0.0,0.10416666666666667,0.1,0.1,0.08,5.0,9.31578947368421,0.0,0.0,0.14583333333333334,0.2,0.15,0.14,2.0,6.555555555555555,0.0,0.0,0.11979166666666667,0.0,0.05,0.1,10.0,8.227272727272727,0.0,0.0,0.10416666666666667,0.1,0.05,0.08,9.0,9.210526315789474,0.0,0.0,73.0,2.0,20.0,2.0,3.0,0.0,0.0,192.0,3.0,9.0,6.0,0,0,1,0,0,0,0,0,0,0,1,0,0,0,1,0,0,0,0,0,0,0,0,0,0,0,0,0,0,0,0,0,0,0,0,0,0,0,0,1,0,0,1,0,0,0,0,0
2025-03-16,0.15544041450777202,0.1,0.15,0.14,9.0,6.241379310344827,0.0,0.0,0.10880829015544041,0.0,0.0,0.08,20.0,8.45,0.0,0.0,0.10362694300518134,0.2,0.2,0.1,0.0,9.789473684210526,1.0,1.0,0.08290155440414508,0.1,0.15,0.1,6.0,10.4,0.0,0.0,0.11917098445595854,0.2,0.15,0.14,5.0,8.363636363636363,0.0,0.0,0.07772020725388601,0.1,0.1,0.1,7.0,12.928571428571429,0.0,0.0,0.11398963730569948,0.1,0.1,0.14,2.0,7.904761904761905,0.0,0.0,0.08808290155440414,0.2,0.1,0.08,1.0,11.5,0.0,1.0,0.15025906735751296,0.0,0.0,0.1,25.0,5.714285714285714,0.0,0.0,0.14507772020725387,0.1,0.15,0.18,4.0,6.592592592592593,0.0,0.0,0.12435233160621761,0.1,0.15,0.12,0.0,8.173913043478262,1.0,1.0,0.09844559585492228,0.0,0.0,0.06,32.0,8.444444444444445,0.0,0.0,0.09326424870466321,0.1,0.1,0.1,3.0,10.294117647058824,0.0,0.0,0.09326424870466321,0.0,0.1,0.1,10.0,9.235294117647058,0.0,0.0,0.10880829015544041,0.1,0.15,0.12,0.0,8.55,1.0,1.0,0.08290155440414508,0.0,0.1,0.14,18.0,11.266666666666667,0.0,0.0,0.08290155440414508,0.1,0.05,0.1,1.0,12.6,0.0,1.0,0.10880829015544041,0.4,0.2,0.1,2.0,9.3,0.0,0.0,0.11917098445595854,0.1,0.15,0.14,6.0,8.181818181818182,0.0,0.0,0.13989637305699482,0.1,0.25,0.2,4.0,7.076923076923077,0.0,0.0,0.09844559585492228,0.0,0.1,0.1,12.0,9.944444444444445,0.0,0.0,0.08808290155440414,0.3,0.15,0.12,1.0,11.4375,0.0,1.0,0.07253886010362694,0.1,0.05,0.06,1.0,13.076923076923077,0.0,1.0,0.08808290155440414,0.2,0.2,0.16,5.0,11.6875,0.0,0.0,0.09844559585492228,0.2,0.15,0.1,8.0,10.222222222222221,0.0,0.0,0.09844559585492228,0.1,0.1,0.08,2.0,10.38888888888889,0.0,0.0,0.11917098445595854,0.0,0.05,0.1,15.0,7.909090909090909,0.0,0.0,0.10880829015544041,0.3,0.2,0.16,2.0,9.25,0.0,0.0,0.06217616580310881,0.0,0.0,0.06,20.0,14.363636363636363,0.0,0.0,0.07772020725388601,0.0,0.0,0.06,40.0,10.785714285714286,0.0,0.0,0.09326424870466321,0.1,0.1,0.08,8.0,10.705882352941176,0.0,0.0,0.10880829015544041,0.0,0.0,0.04,22.0,8.1,0.0,0.0,0.07253886010362694,0.0,0.0,0.06,23.0,12.076923076923077,0.0,0.0,0.11398963730569948,0.2,0.15,0.1,7.0,8.80952380952381,0.0,0.0,0.10362694300518134,0.0,0.0,0.02,40.0,7.947368421052632,0.0,0.0,0.10362694300518134,0.1,0.1,0.12,5.0,9.842105263157896,0.0,0.0,0.09844559585492228,0.0,0.05,0.1,14.0,8.666666666666666,0.0,0.0,0.16062176165803108,0.1,0.1,0.08,2.0,6.166666666666667,0.0,0.0,0.09844559585492228,0.2,0.1,0.1,6.0,8.555555555555555,0.0,0.0,0.07772020725388601,0.2,0.15,0.12,0.0,13.142857142857142,1.0,1.0,0.09326424870466321,0.1,0.05,0.08,3.0,11.058823529411764,0.0,0.0,0.10880829015544041,0.0,0.1,0.12,10.0,8.7,0.0,0.0,0.09844559585492228,0.3,0.25,0.16,0.0,10.055555555555555,1.0,1.0,0.08808290155440414,0.1,0.15,0.08,4.0,11.6875,0.0,0.0,0.10362694300518134,0.1,0.1,0.08,6.0,9.31578947368421,0.0,0.0,0.14507772020725387,0.2,0.15,0.14,3.0,6.555555555555555,0.0,0.0,0.11917098445595854,0.0,0.05,0.1,11.0,8.227272727272727,0.0,0.0,0.10362694300518134,0.0,0.05,0.08,10.0,9.210526315789474,0.0,0.0,112.0,1.0,40.0,2.0,1.0,0.0,2.0,193.0,3.0,12.0,2.0,1,1,0,0,0,0,1,0,0,0,0,0,0,0,0,0,0,0,0,0,0,0,1,0,1,0,0,0,0,0,0,0,0,0,0,0,0,0,0,0,0,0,0,0,0,0,0,0
2025-03-19,0.15979381443298968,0.1,0.2,0.14,0.0,6.366666666666666,1.0,1.0,0.1134020618556701,0.1,0.05,0.1,0.0,9.047619047619047,1.0,1.0,0.10309278350515463,0.2,0.15,0.1,1.0,9.789473684210526,0.0,1.0,0.08247422680412371,0.1,0.15,0.1,7.0,10.4,0.0,0.0,0.11855670103092783,0.2,0.15,0.14,6.0,8.363636363636363,0.0,0.0,0.07731958762886598,0.1,0.1,0.08,8.0,12.928571428571429,0.0,0.0,0.11855670103092783,0.2,0.15,0.16,0.0,7.681818181818182,1.0,1.0,0.08762886597938144,0.2,0.1,0.08,2.0,11.5,0.0,0.0,0.14948453608247422,0.0,0.0,0.1,26.0,5.714285714285714,0.0,0.0,0.14432989690721648,0.1,0.1,0.18,5.0,6.592592592592593,0.0,0.0,0.12371134020618557,0.1,0.15,0.12,1.0,8.173913043478262,0.0,1.0,0.0979381443298969,0.0,0.0,0.06,33.0,8.444444444444445,0.0,0.0,0.09278350515463918,0.1,0.1,0.1,4.0,10.294117647058824,0.0,0.0,0.09278350515463918,0.0,0.1,0.1,11.0,9.235294117647058,0.0,0.0,0.10824742268041238,0.1,0.15,0.12,1.0,8.55,0.0,1.0,0.08247422680412371,0.0,0.05,0.12,19.0,11.266666666666667,0.0,0.0,0.08247422680412371,0.1,0.05,0.1,2.0,12.6,0.0,0.0,0.10824742268041238,0.4,0.2,0.1,3.0,9.3,0.0,0.0,0.11855670103092783,0.1,0.15,0.14,7.0,8.181818181818182,0.0,0.0,0.13917525773195877,0.1,0.25,0.2,5.0,7.076923076923077,0.0,0.0,0.0979381443298969,0.0,0.1,0.1,13.0,9.944444444444445,0.0,0.0,0.08762886597938144,0.3,0.15,0.12,2.0,11.4375,0.0,0.0,0.07731958762886598,0.2,0.1,0.08,0.0,12.285714285714286,1.0,1.0,0.08762886597938144,0.2,0.2,0.16,6.0,11.6875,0.0,0.0,0.10309278350515463,0.2,0.15,0.12,0.0,10.157894736842104,1.0,1.0,0.0979381443298969,0.1,0.1,0.08,3.0,10.38888888888889,0.0,0.0,0.11855670103092783,0.0,0.05,0.08,16.0,7.909090909090909,0.0,0.0,0.10824742268041238,0.2,0.2,0.14,3.0,9.25,0.0,0.0,0.061855670103092786,0.0,0.0,0.06,21.0,14.363636363636363,0.0,0.0,0.07731958762886598,0.0,0.0,0.06,41.0,10.785714285714286,0.0,0.0,0.09278350515463918,0.1,0.1,0.08,9.0,10.705882352941176,0.0,0.0,0.10824742268041238,0.0,0.0,0.04,23.0,8.1,0.0,0.0,0.07216494845360824,0.0,0.0,0.06,24.0,12.076923076923077,0.0,0.0,0.1134020618556701,0.2,0.15,0.1,8.0,8.80952380952381,0.0,0.0,0.10309278350515463,0.0,0.0,0.02,41.0,7.947368421052632,0.0,0.0,0.10309278350515463,0.1,0.1,0.12,6.0,9.842105263157896,0.0,0.0,0.0979381443298969,0.0,0.05,0.1,15.0,8.666666666666666,0.0,0.0,0.15979381443298968,0.1,0.1,0.08,3.0,6.166666666666667,0.0,0.0,0.0979381443298969,0.1,0.1,0.1,7.0,8.555555555555555,0.0,0.0,0.07731958762886598,0.2,0.15,0.12,1.0,13.142857142857142,0.0,1.0,0.09278350515463918,0.1,0.05,0.08,4.0,11.058823529411764,0.0,0.0,0.10824742268041238,0.0,0.1,0.12,11.0,8.7,0.0,0.0,0.0979381443298969,0.2,0.2,0.16,1.0,10.055555555555555,0.0,1.0,0.08762886597938144,0.1,0.15,0.08,5.0,11.6875,0.0,0.0,0.10309278350515463,0.1,0.1,0.08,7.0,9.31578947368421,0.0,0.0,0.14432989690721648,0.2,0.15,0.14,4.0,6.555555555555555,0.0,0.0,0.11855670103092783,0.0,0.05,0.1,12.0,8.227272727272727,0.0,0.0,0.10309278350515463,0.0,0.05,0.08,11.0,9.210526315789474,0.0,0.0,58.0,1.0,24.0,3.0,1.0,1.0,0.0,194.0,3.0,16.0,6.0,0,0,0,0,0,0,1,0,1,0,0,0,0,0,0,0,0,0,0,0,1,0,0,0,0,0,0,0,0,0,0,0,0,0,0,0,0,0,0,0,0,0,1,0,0,1,0,0
2025-03-23,0.15897435897435896,0.1,0.2,0.14,1.0,6.366666666666666,0.0,1.0,0.11282051282051282,0.1,0.05,0.1,1.0,9.047619047619047,0.0,1.0,0.10256410256410256,0.2,0.15,0.1,2.0,9.789473684210526,0.0,0.0,0.08205128205128205,0.1,0.15,0.1,8.0,10.4,0.0,0.0,0.11794871794871795,0.1,0.15,0.14,7.0,8.363636363636363,0.0,0.0,0.07692307692307693,0.1,0.1,0.06,9.0,12.928571428571429,0.0,0.0,0.12307692307692308,0.3,0.2,0.16,0.0,7.391304347826087,1.0,1.0,0.08717948717948718,0.2,0.1,0.08,3.0,11.5,0.0,0.0,0.15384615384615385,0.1,0.05,0.12,0.0,6.448275862068965,1.0,1.0,0.14358974358974358,0.1,0.1,0.18,6.0,6.592592592592593,0.0,0.0,0.12307692307692308,0.1,0.1,0.12,2.0,8.173913043478262,0.0,0.0,0.09743589743589744,0.0,0.0,0.06,34.0,8.444444444444445,0.0,0.0,0.09230769230769231,0.1,0.1,0.1,5.0,10.294117647058824,0.0,0.0,0.09230769230769231,0.0,0.1,0.1,12.0,9.235294117647058,0.0,0.0,0.1076923076923077,0.1,0.15,0.1,2.0,8.55,0.0,0.0,0.08205128205128205,0.0,0.0,0.12,20.0,11.266666666666667,0.0,0.0,0.08205128205128205,0.1,0.05,0.08,3.0,12.6,0.0,0.0,0.1076923076923077,0.3,0.2,0.1,4.0,9.3,0.0,0.0,0.11794871794871795,0.1,0.15,0.14,8.0,8.181818181818182,0.0,0.0,0.13846153846153847,0.1,0.2,0.2,6.0,7.076923076923077,0.0,0.0,0.10256410256410256,0.1,0.15,0.12,0.0,10.157894736842104,1.0,1.0,0.08717948717948718,0.3,0.15,0.12,3.0,11.4375,0.0,0.0,0.07692307692307693,0.2,0.1,0.08,1.0,12.285714285714286,0.0,1.0,0.08717948717948718,0.2,0.15,0.14,7.0,11.6875,0.0,0.0,0.10256410256410256,0.1,0.15,0.12,1.0,10.157894736842104,0.0,1.0,0.09743589743589744,0.1,0.1,0.08,4.0,10.38888888888889,0.0,0.0,0.11794871794871795,0.0,0.05,0.08,17.0,7.909090909090909,0.0,0.0,0.1076923076923077,0.2,0.2,0.14,4.0,9.25,0.0,0.0,0.06153846153846154,0.0,0.0,0.06,22.0,14.363636363636363,0.0,0.0,0.07692307692307693,0.0,0.0,0.06,42.0,10.785714285714286,0.0,0.0,0.09230769230769231,0.0,0.1,0.08,10.0,10.705882352941176,0.0,0.0,0.1076923076923077,0.0,0.0,0.04,24.0,8.1,0.0,0.0,0.07179487179487179,0.0,0.0,0.06,25.0,12.076923076923077,0.0,0.0,0.11282051282051282,0.1,0.15,0.1,9.0,8.80952380952381,0.0,0.0,0.10256410256410256,0.0,0.0,0.02,42.0,7.947368421052632,0.0,0.0,0.10256410256410256,0.1,0.1,0.12,7.0,9.842105263157896,0.0,0.0,0.09743589743589744,0.0,0.05,0.1,16.0,8.666666666666666,0.0,0.0,0.15897435897435896,0.1,0.1,0.08,4.0,6.166666666666667,0.0,0.0,0.09743589743589744,0.1,0.1,0.1,8.0,8.555555555555555,0.0,0.0,0.07692307692307693,0.2,0.15,0.12,2.0,13.142857142857142,0.0,0.0,0.09230769230769231,0.1,0.05,0.08,5.0,11.058823529411764,0.0,0.0,0.1076923076923077,0.0,0.1,0.12,12.0,8.7,0.0,0.0,0.10256410256410256,0.3,0.25,0.18,0.0,9.631578947368421,1.0,1.0,0.08717948717948718,0.1,0.15,0.08,6.0,11.6875,0.0,0.0,0.10256410256410256,0.1,0.1,0.08,8.0,9.31578947368421,0.0,0.0,0.14871794871794872,0.3,0.15,0.16,0.0,6.5,1.0,1.0,0.11794871794871795,0.0,0.05,0.1,13.0,8.227272727272727,0.0,0.0,0.10256410256410256,0.0,0.05,0.08,12.0,9.210526315789474,0.0,0.0,126.0,1.0,39.0,2.0,1.0,0.0,2.0,195.0,3.0,19.0,2.0,0,1,0,0,0,0,0,0,0,1,0,0,0,0,1,0,0,1,0,0,0,0,0,0,0,0,0,0,0,1,0,0,0,0,0,0,0,0,0,0,0,0,0,0,0,0,0,0
2025-03-26,0.15816326530612246,0.1,0.15,0.14,2.0,6.366666666666666,0.0,0.0,0.11734693877551021,0.2,0.1,0.12,0.0,8.727272727272727,1.0,1.0,0.10204081632653061,0.2,0.15,0.1,3.0,9.789473684210526,0.0,0.0,0.08163265306122448,0.1,0.1,0.1,9.0,10.4,0.0,0.0,0.11734693877551021,0.1,0.15,0.14,8.0,8.363636363636363,0.0,0.0,0.07653061224489796,0.0,0.1,0.06,10.0,12.928571428571429,0.0,0.0,0.12244897959183673,0.3,0.2,0.14,1.0,7.391304347826087,0.0,1.0,0.08673469387755102,0.2,0.1,0.08,4.0,11.5,0.0,0.0,0.15306122448979592,0.1,0.05,0.12,1.0,6.448275862068965,0.0,1.0,0.14795918367346939,0.2,0.15,0.18,0.0,6.607142857142857,1.0,1.0,0.12244897959183673,0.1,0.1,0.12,3.0,8.173913043478262,0.0,0.0,0.09693877551020408,0.0,0.0,0.06,35.0,8.444444444444445,0.0,0.0,0.09183673469387756,0.1,0.05,0.1,6.0,10.294117647058824,0.0,0.0,0.09183673469387756,0.0,0.05,0.1,13.0,9.235294117647058,0.0,0.0,0.11224489795918367,0.2,0.2,0.12,0.0,8.285714285714286,1.0,1.0,0.08163265306122448,0.0,0.0,0.12,21.0,11.266666666666667,0.0,0.0,0.08163265306122448,0.1,0.05,0.06,4.0,12.6,0.0,0.0,0.11224489795918367,0.3,0.25,0.12,0.0,9.095238095238095,1.0,1.0,0.11734693877551021,0.1,0.15,0.14,9.0,8.181818181818182,0.0,0.0,0.1377551020408163,0.1,0.2,0.2,7.0,7.076923076923077,0.0,0.0,0.10204081632653061,0.1,0.15,0.12,1.0,10.157894736842104,0.0,1.0,0.08673469387755102,0.2,0.15,0.12,4.0,11.4375,0.0,0.0,0.07653061224489796,0.2,0.1,0.08,2.0,12.285714285714286,0.0,0.0,0.08673469387755102,0.2,0.15,0.14,8.0,11.6875,0.0,0.0,0.10204081632653061,0.1,0.15,0.12,2.0,10.157894736842104,0.0,0.0,0.09693877551020408,0.1,0.05,0.08,5.0,10.38888888888889,0.0,0.0,0.11734693877551021,0.0,0.05,0.08,18.0,7.909090909090909,0.0,0.0,0.10714285714285714,0.2,0.2,0.14,5.0,9.25,0.0,0.0,0.061224489795918366,0.0,0.0,0.06,23.0,14.363636363636363,0.0,0.0,0.08163265306122448,0.1,0.05,0.08,0.0,12.933333333333334,1.0,1.0,0.09183673469387756,0.0,0.1,0.08,11.0,10.705882352941176,0.0,0.0,0.10714285714285714,0.0,0.0,0.04,25.0,8.1,0.0,0.0,0.07142857142857142,0.0,0.0,0.06,26.0,12.076923076923077,0.0,0.0,0.11224489795918367,0.0,0.15,0.1,10.0,8.80952380952381,0.0,0.0,0.10204081632653061,0.0,0.0,0.02,43.0,7.947368421052632,0.0,0.0,0.10204081632653061,0.1,0.1,0.12,8.0,9.842105263157896,0.0,0.0,0.09693877551020408,0.0,0.05,0.1,17.0,8.666666666666666,0.0,0.0,0.15816326530612246,0.1,0.1,0.06,5.0,6.166666666666667,0.0,0.0,0.09693877551020408,0.1,0.1,0.1,9.0,8.555555555555555,0.0,0.0,0.07653061224489796,0.2,0.15,0.12,3.0,13.142857142857142,0.0,0.0,0.09183673469387756,0.1,0.05,0.08,6.0,11.058823529411764,0.0,0.0,0.10714285714285714,0.0,0.1,0.12,13.0,8.7,0.0,0.0,0.10204081632653061,0.2,0.25,0.18,1.0,9.631578947368421,0.0,1.0,0.08673469387755102,0.1,0.15,0.08,7.0,11.6875,0.0,0.0,0.10204081632653061,0.1,0.1,0.08,9.0,9.31578947368421,0.0,0.0,0.14795918367346939,0.3,0.15,0.16,1.0,6.5,0.0,1.0,0.11734693877551021,0.0,0.05,0.1,14.0,8.227272727272727,0.0,0.0,0.10204081632653061,0.0,0.05,0.06,13.0,9.210526315789474,0.0,0.0,75.0,4.0,28.0,2.0,2.0,1.0,0.0,196.0,3.0,23.0,6.0,0,0,0,0,0,0,0,0,0,0,0,0,0,0,1,0,0,0,0,0,0,0,0,1,0,0,1,0,0,0,0,0,1,0,0,0,0,0,0,0,0,1,0,0,0,0,0,0
2025-03-30,0.15736040609137056,0.1,0.15,0.14,3.0,6.366666666666666,0.0,0.0,0.116751269035533,0.2,0.1,0.12,1.0,8.727272727272727,0.0,1.0,0.10152284263959391,0.2,0.15,0.1,4.0,9.789473684210526,0.0,0.0,0.08121827411167512,0.0,0.1,0.1,10.0,10.4,0.0,0.0,0.116751269035533,0.1,0.15,0.12,9.0,8.363636363636363,0.0,0.0,0.07614213197969544,0.0,0.1,0.06,11.0,12.928571428571429,0.0,0.0,0.1218274111675127,0.3,0.2,0.14,2.0,7.391304347826087,0.0,0.0,0.08629441624365482,0.2,0.1,0.08,5.0,11.5,0.0,0.0,0.15228426395939088,0.1,0.05,0.12,2.0,6.448275862068965,0.0,0.0,0.14720812182741116,0.2,0.15,0.18,1.0,6.607142857142857,0.0,1.0,0.1218274111675127,0.1,0.05,0.12,4.0,8.173913043478262,0.0,0.0,0.09644670050761421,0.0,0.0,0.06,36.0,8.444444444444445,0.0,0.0,0.09137055837563451,0.1,0.05,0.1,7.0,10.294117647058824,0.0,0.0,0.09137055837563451,0.0,0.05,0.1,14.0,9.235294117647058,0.0,0.0,0.116751269035533,0.3,0.25,0.14,0.0,7.954545454545454,1.0,1.0,0.08121827411167512,0.0,0.0,0.12,22.0,11.266666666666667,0.0,0.0,0.08121827411167512,0.1,0.05,0.04,5.0,12.6,0.0,0.0,0.1116751269035533,0.3,0.25,0.12,1.0,9.095238095238095,0.0,1.0,0.116751269035533,0.0,0.15,0.14,10.0,8.181818181818182,0.0,0.0,0.13705583756345177,0.1,0.2,0.18,8.0,7.076923076923077,0.0,0.0,0.10152284263959391,0.1,0.1,0.12,2.0,10.157894736842104,0.0,0.0,0.08629441624365482,0.2,0.15,0.12,5.0,11.4375,0.0,0.0,0.07614213197969544,0.2,0.1,0.08,3.0,12.285714285714286,0.0,0.0,0.09137055837563451,0.2,0.2,0.16,0.0,11.529411764705882,1.0,1.0,0.10152284263959391,0.1,0.15,0.12,3.0,10.157894736842104,0.0,0.0,0.09644670050761421,0.1,0.05,0.08,6.0,10.38888888888889,0.0,0.0,0.1218274111675127,0.1,0.1,0.1,0.0,8.391304347826088,1.0,1.0,0.1065989847715736,0.2,0.2,0.12,6.0,9.25,0.0,0.0,0.06091370558375635,0.0,0.0,0.06,24.0,14.363636363636363,0.0,0.0,0.08121827411167512,0.1,0.05,0.08,1.0,12.933333333333334,0.0,1.0,0.09137055837563451,0.0,0.1,0.08,12.0,10.705882352941176,0.0,0.0,0.1065989847715736,0.0,0.0,0.02,26.0,8.1,0.0,0.0,0.07614213197969544,0.1,0.05,0.08,0.0,13.142857142857142,1.0,1.0,0.1116751269035533,0.0,0.15,0.1,11.0,8.80952380952381,0.0,0.0,0.10152284263959391,0.0,0.0,0.02,44.0,7.947368421052632,0.0,0.0,0.10152284263959391,0.1,0.05,0.12,9.0,9.842105263157896,0.0,0.0,0.09644670050761421,0.0,0.05,0.1,18.0,8.666666666666666,0.0,0.0,0.15736040609137056,0.1,0.05,0.06,6.0,6.166666666666667,0.0,0.0,0.09644670050761421,0.0,0.1,0.1,10.0,8.555555555555555,0.0,0.0,0.07614213197969544,0.2,0.15,0.12,4.0,13.142857142857142,0.0,0.0,0.09137055837563451,0.1,0.05,0.08,7.0,11.058823529411764,0.0,0.0,0.1116751269035533,0.1,0.15,0.14,0.0,8.952380952380953,1.0,1.0,0.10152284263959391,0.2,0.25,0.18,2.0,9.631578947368421,0.0,0.0,0.08629441624365482,0.1,0.1,0.08,8.0,11.6875,0.0,0.0,0.10152284263959391,0.0,0.1,0.08,10.0,9.31578947368421,0.0,0.0,0.14720812182741116,0.3,0.15,0.16,2.0,6.5,0.0,0.0,0.116751269035533,0.0,0.05,0.1,15.0,8.227272727272727,0.0,0.0,0.10152284263959391,0.0,0.05,0.06,14.0,9.210526315789474,0.0,0.0,141.0,2.0,27.0,0.0,2.0,2.0,1.0,197.0,3.0,26.0,2.0,0,0,0,0,0,0,0,0,0,0,0,0,0,0,0,0,0,0,0,0,0,0,0,0,0,0,1,1,0,0,0,0,0,0,0,0,0,0,0,1,1,0,0,0,0,0,0,1
2025-04-02,0.15656565656565657,0.1,0.15,0.14,4.0,6.366666666666666,0.0,0.0,0.11616161616161616,0.2,0.1,0.12,2.0,8.727272727272727,0.0,0.0,0.10101010101010101,0.2,0.15,0.1,5.0,9.789473684210526,0.0,0.0,0.08080808080808081,0.0,0.1,0.1,11.0,10.4,0.0,0.0,0.11616161616161616,0.0,0.15,0.12,10.0,8.363636363636363,0.0,0.0,0.07575757575757576,0.0,0.05,0.06,12.0,12.928571428571429,0.0,0.0,0.12121212121212122,0.3,0.15,0.14,3.0,7.391304347826087,0.0,0.0,0.08585858585858586,0.2,0.1,0.08,6.0,11.5,0.0,0.0,0.15151515151515152,0.1,0.05,0.12,3.0,6.448275862068965,0.0,0.0,0.14646464646464646,0.2,0.15,0.16,2.0,6.607142857142857,0.0,0.0,0.12121212121212122,0.1,0.05,0.1,5.0,8.173913043478262,0.0,0.0,0.09595959595959595,0.0,0.0,0.06,37.0,8.444444444444445,0.0,0.0,0.09090909090909091,0.1,0.05,0.1,8.0,10.294117647058824,0.0,0.0,0.09090909090909091,0.0,0.05,0.1,15.0,9.235294117647058,0.0,0.0,0.11616161616161616,0.3,0.25,0.14,1.0,7.954545454545454,0.0,1.0,0.08080808080808081,0.0,0.0,0.1,23.0,11.266666666666667,0.0,0.0,0.08080808080808081,0.1,0.05,0.04,6.0,12.6,0.0,0.0,0.1111111111111111,0.2,0.25,0.12,2.0,9.095238095238095,0.0,0.0,0.11616161616161616,0.0,0.1,0.14,11.0,8.181818181818182,0.0,0.0,0.13636363636363635,0.1,0.15,0.18,9.0,7.076923076923077,0.0,0.0,0.10101010101010101,0.1,0.1,0.12,3.0,10.157894736842104,0.0,0.0,0.08585858585858586,0.2,0.15,0.12,6.0,11.4375,0.0,0.0,0.07575757575757576,0.2,0.1,0.08,4.0,12.285714285714286,0.0,0.0,0.09090909090909091,0.1,0.2,0.16,1.0,11.529411764705882,0.0,1.0,0.10101010101010101,0.1,0.15,0.12,4.0,10.157894736842104,0.0,0.0,0.09595959595959595,0.1,0.05,0.08,7.0,10.38888888888889,0.0,0.0,0.12626262626262627,0.2,0.1,0.12,0.0,8.083333333333334,1.0,1.0,0.1111111111111111,0.3,0.25,0.14,0.0,9.142857142857142,1.0,1.0,0.06060606060606061,0.0,0.0,0.06,25.0,14.363636363636363,0.0,0.0,0.08080808080808081,0.1,0.05,0.08,2.0,12.933333333333334,0.0,0.0,0.09090909090909091,0.0,0.1,0.08,13.0,10.705882352941176,0.0,0.0,0.10606060606060606,0.0,0.0,0.02,27.0,8.1,0.0,0.0,0.07575757575757576,0.1,0.05,0.06,1.0,13.142857142857142,0.0,1.0,0.1111111111111111,0.0,0.15,0.1,12.0,8.80952380952381,0.0,0.0,0.10101010101010101,0.0,0.0,0.02,45.0,7.947368421052632,0.0,0.0,0.10101010101010101,0.0,0.05,0.12,10.0,9.842105263157896,0.0,0.0,0.09595959595959595,0.0,0.05,0.1,19.0,8.666666666666666,0.0,0.0,0.15656565656565657,0.1,0.05,0.06,7.0,6.166666666666667,0.0,0.0,0.09595959595959595,0.0,0.1,0.1,11.0,8.555555555555555,0.0,0.0,0.08080808080808081,0.3,0.2,0.14,0.0,12.6,1.0,1.0,0.09595959595959595,0.2,0.1,0.1,0.0,10.88888888888889,1.0,1.0,0.1111111111111111,0.1,0.15,0.14,1.0,8.952380952380953,0.0,1.0,0.10101010101010101,0.2,0.25,0.16,3.0,9.631578947368421,0.0,0.0,0.08585858585858586,0.1,0.1,0.08,9.0,11.6875,0.0,0.0,0.10101010101010101,0.0,0.1,0.08,11.0,9.31578947368421,0.0,0.0,0.14646464646464646,0.2,0.15,0.16,3.0,6.5,0.0,0.0,0.11616161616161616,0.0,0.05,0.1,16.0,8.227272727272727,0.0,0.0,0.10606060606060606,0.1,0.1,0.08,0.0,9.5,1.0,1.0,184.0,3.0,21.0,0.0,0.0,2.0,3.0,198.0,3.0,30.0,6.0,0,0,0,1,0,0,1,1,0,0,0,0,0,0,0,0,0,0,1,0,0,0,0,0,0,0,1,0,0,0,0,0,0,0,0,0,0,0,0,0,0,0,0,0,0,0,0,0
2025-04-06,0.15577889447236182,0.1,0.15,0.14,5.0,6.366666666666666,0.0,0.0,0.11557788944723618,0.2,0.1,0.12,3.0,8.727272727272727,0.0,0.0,0.10050251256281408,0.2,0.15,0.1,6.0,9.789473684210526,0.0,0.0,0.08542713567839195,0.1,0.15,0.12,0.0,10.5,1.0,1.0,0.11557788944723618,0.0,0.1,0.12,11.0,8.363636363636363,0.0,0.0,0.07537688442211055,0.0,0.05,0.06,13.0,12.928571428571429,0.0,0.0,0.12562814070351758,0.4,0.2,0.16,0.0,7.25,1.0,1.0,0.09045226130653267,0.3,0.15,0.1,0.0,11.235294117647058,1.0,1.0,0.1507537688442211,0.1,0.05,0.12,4.0,6.448275862068965,0.0,0.0,0.1457286432160804,0.1,0.15,0.16,3.0,6.607142857142857,0.0,0.0,0.12060301507537688,0.1,0.05,0.1,6.0,8.173913043478262,0.0,0.0,0.09547738693467336,0.0,0.0,0.06,38.0,8.444444444444445,0.0,0.0,0.09045226130653267,0.1,0.05,0.1,9.0,10.294117647058824,0.0,0.0,0.09045226130653267,0.0,0.05,0.1,16.0,9.235294117647058,0.0,0.0,0.11557788944723618,0.3,0.25,0.14,2.0,7.954545454545454,0.0,0.0,0.08040201005025126,0.0,0.0,0.08,24.0,11.266666666666667,0.0,0.0,0.08040201005025126,0.1,0.05,0.04,7.0,12.6,0.0,0.0,0.11055276381909548,0.2,0.25,0.12,3.0,9.095238095238095,0.0,0.0,0.12060301507537688,0.1,0.15,0.16,0.0,8.347826086956522,1.0,1.0,0.135678391959799,0.0,0.1,0.18,10.0,7.076923076923077,0.0,0.0,0.10050251256281408,0.1,0.1,0.12,4.0,10.157894736842104,0.0,0.0,0.08542713567839195,0.1,0.15,0.12,7.0,11.4375,0.0,0.0,0.07537688442211055,0.2,0.1,0.08,5.0,12.285714285714286,0.0,0.0,0.09045226130653267,0.1,0.2,0.16,2.0,11.529411764705882,0.0,0.0,0.10050251256281408,0.1,0.15,0.12,5.0,10.157894736842104,0.0,0.0,0.09547738693467336,0.1,0.05,0.06,8.0,10.38888888888889,0.0,0.0,0.1306532663316583,0.3,0.15,0.14,0.0,7.8,1.0,1.0,0.11055276381909548,0.2,0.25,0.14,1.0,9.142857142857142,0.0,1.0,0.06030150753768844,0.0,0.0,0.06,26.0,14.363636363636363,0.0,0.0,0.08040201005025126,0.1,0.05,0.08,3.0,12.933333333333334,0.0,0.0,0.09045226130653267,0.0,0.1,0.08,14.0,10.705882352941176,0.0,0.0,0.10552763819095477,0.0,0.0,0.02,28.0,8.1,0.0,0.0,0.07537688442211055,0.1,0.05,0.06,2.0,13.142857142857142,0.0,0.0,0.11055276381909548,0.0,0.15,0.08,13.0,8.80952380952381,0.0,0.0,0.10050251256281408,0.0,0.0,0.02,46.0,7.947368421052632,0.0,0.0,0.10050251256281408,0.0,0.05,0.12,11.0,9.842105263157896,0.0,0.0,0.09547738693467336,0.0,0.0,0.1,20.0,8.666666666666666,0.0,0.0,0.15577889447236182,0.1,0.05,0.06,8.0,6.166666666666667,0.0,0.0,0.09547738693467336,0.0,0.1,0.1,12.0,8.555555555555555,0.0,0.0,0.08040201005025126,0.3,0.2,0.12,1.0,12.6,0.0,1.0,0.09547738693467336,0.2,0.1,0.1,1.0,10.88888888888889,0.0,1.0,0.11055276381909548,0.1,0.1,0.14,2.0,8.952380952380953,0.0,0.0,0.10050251256281408,0.2,0.25,0.16,4.0,9.631578947368421,0.0,0.0,0.08542713567839195,0.0,0.05,0.08,10.0,11.6875,0.0,0.0,0.10050251256281408,0.0,0.1,0.08,12.0,9.31578947368421,0.0,0.0,0.1457286432160804,0.2,0.15,0.16,4.0,6.5,0.0,0.0,0.11557788944723618,0.0,0.05,0.08,17.0,8.227272727272727,0.0,0.0,0.10552763819095477,0.1,0.1,0.08,1.0,9.5,0.0,1.0,65.0,2.0,23.0,3.0,1.0,1.0,0.0,199.0,4.0,2.0,2.0,0,0,0,0,1,0,1,0,0,1,0,0,0,0,0,0,0,0,0,0,1,0,0,0,0,0,0,0,0,0,0,0,0,1,0,0,0,0,0,0,0,0,0,0,0,0,0,0
2025-04-09,0.155,0.1,0.15,0.12,6.0,6.366666666666666,0.0,0.0,0.115,0.2,0.1,0.12,4.0,8.727272727272727,0.0,0.0,0.1,0.2,0.15,0.1,7.0,9.789473684210526,0.0,0.0,0.085,0.1,0.1,0.12,1.0,10.5,0.0,1.0,0.12,0.1,0.15,0.14,0.0,8.521739130434783,1.0,1.0,0.075,0.0,0.05,0.06,14.0,12.928571428571429,0.0,0.0,0.13,0.5,0.25,0.16,0.0,7.0,1.0,1.0,0.09,0.2,0.15,0.1,1.0,11.235294117647058,0.0,1.0,0.15,0.1,0.05,0.12,5.0,6.448275862068965,0.0,0.0,0.15,0.2,0.15,0.18,0.0,6.517241379310345,1.0,1.0,0.12,0.1,0.05,0.1,7.0,8.173913043478262,0.0,0.0,0.095,0.0,0.0,0.04,39.0,8.444444444444445,0.0,0.0,0.09,0.0,0.05,0.1,10.0,10.294117647058824,0.0,0.0,0.09,0.0,0.05,0.1,17.0,9.235294117647058,0.0,0.0,0.115,0.3,0.2,0.14,3.0,7.954545454545454,0.0,0.0,0.08,0.0,0.0,0.08,25.0,11.266666666666667,0.0,0.0,0.08,0.1,0.05,0.04,8.0,12.6,0.0,0.0,0.11,0.2,0.25,0.12,4.0,9.095238095238095,0.0,0.0,0.12,0.1,0.1,0.16,1.0,8.347826086956522,0.0,1.0,0.135,0.0,0.1,0.18,11.0,7.076923076923077,0.0,0.0,0.105,0.2,0.15,0.14,0.0,9.9,1.0,1.0,0.085,0.1,0.15,0.12,8.0,11.4375,0.0,0.0,0.075,0.2,0.1,0.08,6.0,12.285714285714286,0.0,0.0,0.09,0.1,0.15,0.14,3.0,11.529411764705882,0.0,0.0,0.1,0.1,0.15,0.12,6.0,10.157894736842104,0.0,0.0,0.095,0.1,0.05,0.06,9.0,10.38888888888889,0.0,0.0,0.13,0.3,0.15,0.14,1.0,7.8,0.0,1.0,0.11,0.2,0.25,0.14,2.0,9.142857142857142,0.0,0.0,0.06,0.0,0.0,0.06,27.0,14.363636363636363,0.0,0.0,0.08,0.1,0.05,0.06,4.0,12.933333333333334,0.0,0.0,0.09,0.0,0.1,0.08,15.0,10.705882352941176,0.0,0.0,0.105,0.0,0.0,0.02,29.0,8.1,0.0,0.0,0.075,0.1,0.05,0.06,3.0,13.142857142857142,0.0,0.0,0.115,0.1,0.2,0.1,0.0,9.045454545454545,1.0,1.0,0.1,0.0,0.0,0.02,47.0,7.947368421052632,0.0,0.0,0.1,0.0,0.05,0.12,12.0,9.842105263157896,0.0,0.0,0.095,0.0,0.0,0.1,21.0,8.666666666666666,0.0,0.0,0.155,0.1,0.05,0.06,9.0,6.166666666666667,0.0,0.0,0.095,0.0,0.1,0.1,13.0,8.555555555555555,0.0,0.0,0.08,0.2,0.2,0.12,2.0,12.6,0.0,0.0,0.095,0.1,0.1,0.1,2.0,10.88888888888889,0.0,0.0,0.11,0.1,0.1,0.14,3.0,8.952380952380953,0.0,0.0,0.1,0.2,0.25,0.16,5.0,9.631578947368421,0.0,0.0,0.085,0.0,0.05,0.08,11.0,11.6875,0.0,0.0,0.1,0.0,0.1,0.08,13.0,9.31578947368421,0.0,0.0,0.145,0.1,0.15,0.16,5.0,6.5,0.0,0.0,0.115,0.0,0.05,0.08,18.0,8.227272727272727,0.0,0.0,0.105,0.1,0.1,0.08,2.0,9.5,0.0,0.0,77.0,2.0,29.0,3.0,1.0,1.0,0.0,200.0,4.0,6.0,6.0,0,0,0,0,0,0,0,0,0,0,0,0,0,0,0,1,0,0,0,0,1,0,0,0,0,0,0,0,0,0,1,0,1,0,1,0,0,0,0,0,0,0,0,0,0,0,0,0
2025-04-13,0.15422885572139303,0.1,0.15,0.12,7.0,6.366666666666666,0.0,0.0,0.11442786069651742,0.2,0.1,0.12,5.0,8.727272727272727,0.0,0.0,0.09950248756218906,0.2,0.15,0.1,8.0,9.789473684210526,0.0,0.0,0.0845771144278607,0.1,0.1,0.12,2.0,10.5,0.0,0.0,0.11940298507462686,0.1,0.15,0.14,1.0,8.521739130434783,0.0,1.0,0.07462686567164178,0.0,0.05,0.06,15.0,12.928571428571429,0.0,0.0,0.12935323383084577,0.4,0.25,0.16,1.0,7.0,0.0,1.0,0.08955223880597014,0.2,0.15,0.1,2.0,11.235294117647058,0.0,0.0,0.14925373134328357,0.1,0.05,0.1,6.0,6.448275862068965,0.0,0.0,0.14925373134328357,0.2,0.15,0.18,1.0,6.517241379310345,0.0,1.0,0.11940298507462686,0.1,0.05,0.1,8.0,8.173913043478262,0.0,0.0,0.0945273631840796,0.0,0.0,0.04,40.0,8.444444444444445,0.0,0.0,0.08955223880597014,0.0,0.05,0.1,11.0,10.294117647058824,0.0,0.0,0.08955223880597014,0.0,0.05,0.1,18.0,9.235294117647058,0.0,0.0,0.11442786069651742,0.3,0.15,0.14,4.0,7.954545454545454,0.0,0.0,0.0845771144278607,0.1,0.05,0.1,0.0,12.1875,1.0,1.0,0.07960199004975124,0.1,0.05,0.04,9.0,12.6,0.0,0.0,0.10945273631840796,0.1,0.25,0.12,5.0,9.095238095238095,0.0,0.0,0.11940298507462686,0.1,0.1,0.16,2.0,8.347826086956522,0.0,0.0,0.13432835820895522,0.0,0.1,0.18,12.0,7.076923076923077,0.0,0.0,0.10945273631840796,0.3,0.15,0.14,0.0,9.476190476190476,1.0,1.0,0.0845771144278607,0.1,0.15,0.12,9.0,11.4375,0.0,0.0,0.07462686567164178,0.2,0.1,0.08,7.0,12.285714285714286,0.0,0.0,0.08955223880597014,0.1,0.15,0.14,4.0,11.529411764705882,0.0,0.0,0.09950248756218906,0.1,0.15,0.12,7.0,10.157894736842104,0.0,0.0,0.0945273631840796,0.0,0.05,0.04,10.0,10.38888888888889,0.0,0.0,0.12935323383084577,0.3,0.15,0.14,2.0,7.8,0.0,0.0,0.10945273631840796,0.1,0.25,0.12,3.0,9.142857142857142,0.0,0.0,0.05970149253731343,0.0,0.0,0.06,28.0,14.363636363636363,0.0,0.0,0.07960199004975124,0.1,0.05,0.06,5.0,12.933333333333334,0.0,0.0,0.0945273631840796,0.1,0.15,0.1,0.0,11.0,1.0,1.0,0.1044776119402985,0.0,0.0,0.02,30.0,8.1,0.0,0.0,0.07960199004975124,0.2,0.1,0.08,0.0,12.533333333333333,1.0,1.0,0.11442786069651742,0.1,0.2,0.1,1.0,9.045454545454545,0.0,1.0,0.1044776119402985,0.1,0.05,0.04,0.0,9.95,1.0,1.0,0.09950248756218906,0.0,0.05,0.12,13.0,9.842105263157896,0.0,0.0,0.0945273631840796,0.0,0.0,0.1,22.0,8.666666666666666,0.0,0.0,0.15422885572139303,0.0,0.05,0.06,10.0,6.166666666666667,0.0,0.0,0.0945273631840796,0.0,0.1,0.1,14.0,8.555555555555555,0.0,0.0,0.07960199004975124,0.2,0.15,0.12,3.0,12.6,0.0,0.0,0.0945273631840796,0.1,0.1,0.1,3.0,10.88888888888889,0.0,0.0,0.10945273631840796,0.1,0.1,0.14,4.0,8.952380952380953,0.0,0.0,0.09950248756218906,0.2,0.2,0.14,6.0,9.631578947368421,0.0,0.0,0.0845771144278607,0.0,0.05,0.08,12.0,11.6875,0.0,0.0,0.09950248756218906,0.0,0.05,0.08,14.0,9.31578947368421,0.0,0.0,0.14427860696517414,0.1,0.15,0.16,6.0,6.5,0.0,0.0,0.11442786069651742,0.0,0.05,0.08,19.0,8.227272727272727,0.0,0.0,0.1044776119402985,0.1,0.1,0.08,3.0,9.5,0.0,0.0,136.0,1.0,19.0,0.0,2.0,3.0,0.0,201.0,4.0,9.0,2.0,0,0,0,1,0,0,1,1,0,0,0,0,0,0,0,0,0,0,0,0,0,0,0,0,0,0,0,0,0,0,0,0,0,0,0,0,0,0,0,0,0,1,0,0,0,0,1,0
2025-04-16,0.15346534653465346,0.1,0.1,0.12,8.0,6.366666666666666,0.0,0.0,0.11386138613861387,0.2,0.1,0.12,6.0,8.727272727272727,0.0,0.0,0.09900990099009901,0.1,0.15,0.1,9.0,9.789473684210526,0.0,0.0,0.0891089108910891,0.2,0.15,0.14,0.0,10.058823529411764,1.0,1.0,0.1188118811881188,0.1,0.15,0.14,2.0,8.521739130434783,0.0,0.0,0.07425742574257425,0.0,0.05,0.06,16.0,12.928571428571429,0.0,0.0,0.13366336633663367,0.5,0.3,0.18,0.0,6.8076923076923075,1.0,1.0,0.09405940594059406,0.2,0.2,0.12,0.0,10.777777777777779,1.0,1.0,0.1485148514851485,0.1,0.05,0.1,7.0,6.448275862068965,0.0,0.0,0.1485148514851485,0.2,0.15,0.18,2.0,6.517241379310345,0.0,0.0,0.1188118811881188,0.1,0.05,0.1,9.0,8.173913043478262,0.0,0.0,0.09405940594059406,0.0,0.0,0.04,41.0,8.444444444444445,0.0,0.0,0.0891089108910891,0.0,0.05,0.1,12.0,10.294117647058824,0.0,0.0,0.0891089108910891,0.0,0.05,0.1,19.0,9.235294117647058,0.0,0.0,0.11386138613861387,0.3,0.15,0.14,5.0,7.954545454545454,0.0,0.0,0.08415841584158416,0.1,0.05,0.08,1.0,12.1875,0.0,1.0,0.07920792079207921,0.0,0.05,0.04,10.0,12.6,0.0,0.0,0.10891089108910891,0.1,0.25,0.12,6.0,9.095238095238095,0.0,0.0,0.1188118811881188,0.1,0.1,0.16,3.0,8.347826086956522,0.0,0.0,0.13366336633663367,0.0,0.05,0.18,13.0,7.076923076923077,0.0,0.0,0.10891089108910891,0.3,0.15,0.14,1.0,9.476190476190476,0.0,1.0,0.08415841584158416,0.0,0.15,0.12,10.0,11.4375,0.0,0.0,0.07425742574257425,0.1,0.1,0.08,8.0,12.285714285714286,0.0,0.0,0.0891089108910891,0.1,0.15,0.12,5.0,11.529411764705882,0.0,0.0,0.09900990099009901,0.1,0.15,0.12,8.0,10.157894736842104,0.0,0.0,0.09405940594059406,0.0,0.05,0.04,11.0,10.38888888888889,0.0,0.0,0.12871287128712872,0.3,0.15,0.14,3.0,7.8,0.0,0.0,0.10891089108910891,0.1,0.2,0.1,4.0,9.142857142857142,0.0,0.0,0.0594059405940594,0.0,0.0,0.06,29.0,14.363636363636363,0.0,0.0,0.07920792079207921,0.1,0.05,0.04,6.0,12.933333333333334,0.0,0.0,0.09405940594059406,0.1,0.15,0.1,1.0,11.0,0.0,1.0,0.10396039603960396,0.0,0.0,0.02,31.0,8.1,0.0,0.0,0.07920792079207921,0.2,0.1,0.08,1.0,12.533333333333333,0.0,1.0,0.11386138613861387,0.1,0.15,0.1,2.0,9.045454545454545,0.0,0.0,0.10396039603960396,0.1,0.05,0.04,1.0,9.95,0.0,1.0,0.09900990099009901,0.0,0.05,0.1,14.0,9.842105263157896,0.0,0.0,0.09405940594059406,0.0,0.0,0.1,23.0,8.666666666666666,0.0,0.0,0.15346534653465346,0.0,0.05,0.06,11.0,6.166666666666667,0.0,0.0,0.09405940594059406,0.0,0.1,0.1,15.0,8.555555555555555,0.0,0.0,0.07920792079207921,0.2,0.15,0.12,4.0,12.6,0.0,0.0,0.09405940594059406,0.1,0.1,0.1,4.0,10.88888888888889,0.0,0.0,0.11386138613861387,0.2,0.15,0.16,0.0,8.772727272727273,1.0,1.0,0.09900990099009901,0.2,0.2,0.14,7.0,9.631578947368421,0.0,0.0,0.08415841584158416,0.0,0.05,0.08,13.0,11.6875,0.0,0.0,0.09900990099009901,0.0,0.05,0.08,15.0,9.31578947368421,0.0,0.0,0.14356435643564355,0.1,0.15,0.16,7.0,6.5,0.0,0.0,0.1188118811881188,0.1,0.05,0.1,0.0,8.73913043478261,1.0,1.0,0.10396039603960396,0.1,0.1,0.08,4.0,9.5,0.0,0.0,108.0,3.0,43.0,3.0,0.0,0.0,2.0,202.0,4.0,13.0,6.0,0,0,0,0,0,0,0,0,0,0,0,0,0,0,0,0,0,0,0,0,0,0,0,1,0,0,1,0,0,0,0,0,0,1,0,0,0,0,0,0,1,0,0,1,0,0,0,0
2025-04-21,0.15270935960591134,0.1,0.1,0.12,9.0,6.366666666666666,0.0,0.0,0.11330049261083744,0.2,0.1,0.12,7.0,8.727272727272727,0.0,0.0,0.09852216748768473,0.0,0.1,0.1,10.0,9.789473684210526,0.0,0.0,0.08866995073891626,0.2,0.15,0.14,1.0,10.058823529411764,0.0,1.0,0.11822660098522167,0.1,0.15,0.14,3.0,8.521739130434783,0.0,0.0,0.07389162561576355,0.0,0.05,0.06,17.0,12.928571428571429,0.0,0.0,0.1330049261083744,0.5,0.3,0.18,1.0,6.8076923076923075,0.0,1.0,0.09359605911330049,0.2,0.2,0.12,1.0,10.777777777777779,0.0,1.0,0.1477832512315271,0.1,0.05,0.1,8.0,6.448275862068965,0.0,0.0,0.1477832512315271,0.2,0.15,0.18,3.0,6.517241379310345,0.0,0.0,0.11822660098522167,0.0,0.05,0.08,10.0,8.173913043478262,0.0,0.0,0.09359605911330049,0.0,0.0,0.04,42.0,8.444444444444445,0.0,0.0,0.08866995073891626,0.0,0.05,0.1,13.0,10.294117647058824,0.0,0.0,0.08866995073891626,0.0,0.0,0.1,20.0,9.235294117647058,0.0,0.0,0.11330049261083744,0.2,0.15,0.14,6.0,7.954545454545454,0.0,0.0,0.08374384236453201,0.1,0.05,0.08,2.0,12.1875,0.0,0.0,0.07881773399014778,0.0,0.05,0.04,11.0,12.6,0.0,0.0,0.10837438423645321,0.1,0.25,0.12,7.0,9.095238095238095,0.0,0.0,0.11822660098522167,0.1,0.1,0.16,4.0,8.347826086956522,0.0,0.0,0.1330049261083744,0.0,0.05,0.18,14.0,7.076923076923077,0.0,0.0,0.10837438423645321,0.3,0.15,0.14,2.0,9.476190476190476,0.0,0.0,0.08374384236453201,0.0,0.15,0.12,11.0,11.4375,0.0,0.0,0.07389162561576355,0.1,0.1,0.08,9.0,12.285714285714286,0.0,0.0,0.09359605911330049,0.2,0.2,0.14,0.0,11.222222222222221,1.0,1.0,0.09852216748768473,0.1,0.15,0.12,9.0,10.157894736842104,0.0,0.0,0.09359605911330049,0.0,0.05,0.04,12.0,10.38888888888889,0.0,0.0,0.1330049261083744,0.4,0.2,0.16,0.0,7.653846153846154,1.0,1.0,0.10837438423645321,0.1,0.2,0.1,5.0,9.142857142857142,0.0,0.0,0.059113300492610835,0.0,0.0,0.06,30.0,14.363636363636363,0.0,0.0,0.07881773399014778,0.1,0.05,0.02,7.0,12.933333333333334,0.0,0.0,0.09359605911330049,0.1,0.1,0.1,2.0,11.0,0.0,0.0,0.10344827586206896,0.0,0.0,0.02,32.0,8.1,0.0,0.0,0.07881773399014778,0.2,0.1,0.08,2.0,12.533333333333333,0.0,0.0,0.11822660098522167,0.2,0.2,0.12,0.0,8.782608695652174,1.0,1.0,0.10344827586206896,0.1,0.05,0.02,2.0,9.95,0.0,0.0,0.09852216748768473,0.0,0.05,0.1,15.0,9.842105263157896,0.0,0.0,0.09359605911330049,0.0,0.0,0.1,24.0,8.666666666666666,0.0,0.0,0.15270935960591134,0.0,0.05,0.06,12.0,6.166666666666667,0.0,0.0,0.09359605911330049,0.0,0.1,0.1,16.0,8.555555555555555,0.0,0.0,0.07881773399014778,0.1,0.15,0.12,5.0,12.6,0.0,0.0,0.09852216748768473,0.2,0.15,0.12,0.0,10.578947368421053,1.0,1.0,0.11330049261083744,0.2,0.1,0.16,1.0,8.772727272727273,0.0,1.0,0.09852216748768473,0.1,0.2,0.14,8.0,9.631578947368421,0.0,0.0,0.08866995073891626,0.1,0.1,0.1,0.0,11.823529411764707,1.0,1.0,0.09852216748768473,0.0,0.05,0.08,16.0,9.31578947368421,0.0,0.0,0.14285714285714285,0.1,0.15,0.14,8.0,6.5,0.0,0.0,0.11822660098522167,0.1,0.05,0.08,1.0,8.73913043478261,0.0,1.0,0.10344827586206896,0.1,0.05,0.08,5.0,9.5,0.0,0.0,170.0,3.0,20.0,0.0,1.0,2.0,2.0,203.0,4.0,16.0,2.0,0,0,0,0,1,1,0,0,0,0,0,0,0,0,0,0,0,0,0,0,0,0,0,0,0,0,0,0,0,0,0,0,0,1,0,0,0,0,0,0,0,0,0,1,0,0,0,1
2025-04-30,0.15196078431372548,0.0,0.05,0.12,10.0,6.366666666666666,0.0,0.0,0.11274509803921569,0.1,0.1,0.12,8.0,8.727272727272727,0.0,0.0,0.09803921568627451,0.0,0.1,0.1,11.0,9.789473684210526,0.0,0.0,0.08823529411764706,0.2,0.15,0.14,2.0,10.058823529411764,0.0,0.0,0.12254901960784313,0.2,0.2,0.16,0.0,8.333333333333334,1.0,1.0,0.0784313725490196,0.1,0.1,0.08,0.0,13.266666666666667,1.0,1.0,0.1323529411764706,0.4,0.3,0.18,2.0,6.8076923076923075,0.0,0.0,0.09313725490196079,0.2,0.2,0.12,2.0,10.777777777777779,0.0,0.0,0.14705882352941177,0.1,0.05,0.1,9.0,6.448275862068965,0.0,0.0,0.14705882352941177,0.2,0.15,0.18,4.0,6.517241379310345,0.0,0.0,0.11764705882352941,0.0,0.05,0.08,11.0,8.173913043478262,0.0,0.0,0.09313725490196079,0.0,0.0,0.04,43.0,8.444444444444445,0.0,0.0,0.08823529411764706,0.0,0.05,0.1,14.0,10.294117647058824,0.0,0.0,0.08823529411764706,0.0,0.0,0.08,21.0,9.235294117647058,0.0,0.0,0.11274509803921569,0.2,0.15,0.14,7.0,7.954545454545454,0.0,0.0,0.08333333333333333,0.1,0.05,0.08,3.0,12.1875,0.0,0.0,0.0784313725490196,0.0,0.05,0.04,12.0,12.6,0.0,0.0,0.10784313725490197,0.1,0.25,0.1,8.0,9.095238095238095,0.0,0.0,0.11764705882352941,0.1,0.1,0.16,5.0,8.347826086956522,0.0,0.0,0.1323529411764706,0.0,0.05,0.18,15.0,7.076923076923077,0.0,0.0,0.10784313725490197,0.3,0.15,0.12,3.0,9.476190476190476,0.0,0.0,0.08333333333333333,0.0,0.15,0.12,12.0,11.4375,0.0,0.0,0.07352941176470588,0.0,0.1,0.08,10.0,12.285714285714286,0.0,0.0,0.09313725490196079,0.2,0.2,0.14,1.0,11.222222222222221,0.0,1.0,0.09803921568627451,0.0,0.1,0.12,10.0,10.157894736842104,0.0,0.0,0.09313725490196079,0.0,0.05,0.04,13.0,10.38888888888889,0.0,0.0,0.1323529411764706,0.4,0.2,0.16,1.0,7.653846153846154,0.0,1.0,0.10784313725490197,0.1,0.15,0.1,6.0,9.142857142857142,0.0,0.0,0.058823529411764705,0.0,0.0,0.06,31.0,14.363636363636363,0.0,0.0,0.0784313725490196,0.1,0.05,0.02,8.0,12.933333333333334,0.0,0.0,0.09313725490196079,0.1,0.1,0.1,3.0,11.0,0.0,0.0,0.10294117647058823,0.0,0.0,0.02,33.0,8.1,0.0,0.0,0.0784313725490196,0.2,0.1,0.08,3.0,12.533333333333333,0.0,0.0,0.12254901960784313,0.3,0.25,0.14,0.0,8.458333333333334,1.0,1.0,0.10294117647058823,0.1,0.05,0.02,3.0,9.95,0.0,0.0,0.09803921568627451,0.0,0.05,0.1,16.0,9.842105263157896,0.0,0.0,0.09313725490196079,0.0,0.0,0.08,25.0,8.666666666666666,0.0,0.0,0.15196078431372548,0.0,0.05,0.06,13.0,6.166666666666667,0.0,0.0,0.09313725490196079,0.0,0.05,0.1,17.0,8.555555555555555,0.0,0.0,0.0784313725490196,0.1,0.15,0.12,6.0,12.6,0.0,0.0,0.09803921568627451,0.2,0.15,0.12,1.0,10.578947368421053,0.0,1.0,0.11274509803921569,0.2,0.1,0.14,2.0,8.772727272727273,0.0,0.0,0.09803921568627451,0.1,0.15,0.14,9.0,9.631578947368421,0.0,0.0,0.09313725490196079,0.2,0.15,0.12,0.0,11.222222222222221,1.0,1.0,0.09803921568627451,0.0,0.05,0.08,17.0,9.31578947368421,0.0,0.0,0.14215686274509803,0.1,0.15,0.14,9.0,6.5,0.0,0.0,0.11764705882352941,0.1,0.05,0.08,2.0,8.73913043478261,0.0,0.0,0.10784313725490197,0.2,0.1,0.1,0.0,9.333333333333334,1.0,1.0,137.0,4.0,43.0,2.0,0.0,1.0,2.0,204.0,4.0,21.0,0.0,0,0,0,0,0,0,0,0,0,0,0,0,0,0,0,0,0,1,0,0,0,0,0,0,0,0,0,0,0,0,0,0,1,0,0,1,1,0,0,0,0,0,0,0,0,1,0,0
2025-05-04,0.15121951219512195,0.0,0.05,0.12,11.0,6.366666666666666,0.0,0.0,0.11219512195121951,0.1,0.1,0.12,9.0,8.727272727272727,0.0,0.0,0.0975609756097561,0.0,0.1,0.1,12.0,9.789473684210526,0.0,0.0,0.08780487804878048,0.2,0.15,0.14,3.0,10.058823529411764,0.0,0.0,0.12195121951219512,0.2,0.15,0.16,1.0,8.333333333333334,0.0,1.0,0.07804878048780488,0.1,0.1,0.08,1.0,13.266666666666667,0.0,1.0,0.13170731707317074,0.3,0.3,0.18,3.0,6.8076923076923075,0.0,0.0,0.09268292682926829,0.2,0.2,0.12,3.0,10.777777777777779,0.0,0.0,0.14634146341463414,0.0,0.05,0.1,10.0,6.448275862068965,0.0,0.0,0.14634146341463414,0.2,0.15,0.18,5.0,6.517241379310345,0.0,0.0,0.11707317073170732,0.0,0.05,0.06,12.0,8.173913043478262,0.0,0.0,0.09268292682926829,0.0,0.0,0.04,44.0,8.444444444444445,0.0,0.0,0.08780487804878048,0.0,0.05,0.1,15.0,10.294117647058824,0.0,0.0,0.08780487804878048,0.0,0.0,0.08,22.0,9.235294117647058,0.0,0.0,0.11219512195121951,0.2,0.15,0.12,8.0,7.954545454545454,0.0,0.0,0.08292682926829269,0.1,0.05,0.08,4.0,12.1875,0.0,0.0,0.07804878048780488,0.0,0.05,0.04,13.0,12.6,0.0,0.0,0.11219512195121951,0.2,0.25,0.12,0.0,9.090909090909092,1.0,1.0,0.11707317073170732,0.1,0.1,0.16,6.0,8.347826086956522,0.0,0.0,0.13170731707317074,0.0,0.05,0.18,16.0,7.076923076923077,0.0,0.0,0.1073170731707317,0.2,0.15,0.12,4.0,9.476190476190476,0.0,0.0,0.08292682926829269,0.0,0.15,0.12,13.0,11.4375,0.0,0.0,0.07317073170731707,0.0,0.1,0.08,11.0,12.285714285714286,0.0,0.0,0.09268292682926829,0.2,0.2,0.14,2.0,11.222222222222221,0.0,0.0,0.0975609756097561,0.0,0.05,0.12,11.0,10.157894736842104,0.0,0.0,0.09268292682926829,0.0,0.05,0.04,14.0,10.38888888888889,0.0,0.0,0.13170731707317074,0.4,0.2,0.16,2.0,7.653846153846154,0.0,0.0,0.1073170731707317,0.1,0.15,0.1,7.0,9.142857142857142,0.0,0.0,0.05853658536585366,0.0,0.0,0.06,32.0,14.363636363636363,0.0,0.0,0.07804878048780488,0.1,0.05,0.02,9.0,12.933333333333334,0.0,0.0,0.09268292682926829,0.1,0.05,0.1,4.0,11.0,0.0,0.0,0.1024390243902439,0.0,0.0,0.02,34.0,8.1,0.0,0.0,0.08292682926829269,0.3,0.15,0.1,0.0,12.0,1.0,1.0,0.12195121951219512,0.3,0.2,0.14,1.0,8.458333333333334,0.0,1.0,0.1024390243902439,0.1,0.05,0.02,4.0,9.95,0.0,0.0,0.1024390243902439,0.1,0.1,0.1,0.0,10.2,1.0,1.0,0.0975609756097561,0.1,0.05,0.1,0.0,9.578947368421053,1.0,1.0,0.15121951219512195,0.0,0.05,0.06,14.0,6.166666666666667,0.0,0.0,0.09268292682926829,0.0,0.05,0.1,18.0,8.555555555555555,0.0,0.0,0.07804878048780488,0.1,0.15,0.12,7.0,12.6,0.0,0.0,0.0975609756097561,0.2,0.15,0.12,2.0,10.578947368421053,0.0,0.0,0.11219512195121951,0.2,0.1,0.14,3.0,8.772727272727273,0.0,0.0,0.0975609756097561,0.0,0.15,0.12,10.0,9.631578947368421,0.0,0.0,0.09268292682926829,0.2,0.15,0.12,1.0,11.222222222222221,0.0,1.0,0.0975609756097561,0.0,0.05,0.08,18.0,9.31578947368421,0.0,0.0,0.14634146341463414,0.1,0.2,0.16,0.0,6.620689655172414,1.0,1.0,0.11707317073170732,0.1,0.05,0.08,3.0,8.73913043478261,0.0,0.0,0.1073170731707317,0.2,0.1,0.08,1.0,9.333333333333334,0.0,1.0,170.0,3.0,28.0,0.0,1.0,2.0,2.0,205.0,4.0,30.0,2.0,0,0,0,1,0,0,1,0,0,0,0,0,0,0,0,0,0,0,0,0,0,0,0,0,1,0,0,0,0,0,0,0,0,0,0,0,0,0,0,0,0,0,0,0,1,0,1,0
2025-05-07,0.15048543689320387,0.0,0.05,0.12,12.0,6.366666666666666,0.0,0.0,0.11165048543689321,0.0,0.1,0.1,10.0,8.727272727272727,0.0,0.0,0.0970873786407767,0.0,0.1,0.1,13.0,9.789473684210526,0.0,0.0,0.09223300970873786,0.3,0.2,0.16,0.0,9.722222222222221,1.0,1.0,0.12135922330097088,0.2,0.15,0.16,2.0,8.333333333333334,0.0,0.0,0.07766990291262135,0.1,0.05,0.08,2.0,13.266666666666667,0.0,0.0,0.13592233009708737,0.4,0.35,0.2,0.0,6.703703703703703,1.0,1.0,0.09223300970873786,0.2,0.2,0.12,4.0,10.777777777777779,0.0,0.0,0.14563106796116504,0.0,0.05,0.08,11.0,6.448275862068965,0.0,0.0,0.14563106796116504,0.1,0.15,0.18,6.0,6.517241379310345,0.0,0.0,0.11650485436893204,0.0,0.05,0.06,13.0,8.173913043478262,0.0,0.0,0.09223300970873786,0.0,0.0,0.04,45.0,8.444444444444445,0.0,0.0,0.08737864077669903,0.0,0.05,0.1,16.0,10.294117647058824,0.0,0.0,0.08737864077669903,0.0,0.0,0.06,23.0,9.235294117647058,0.0,0.0,0.11165048543689321,0.1,0.15,0.12,9.0,7.954545454545454,0.0,0.0,0.0825242718446602,0.1,0.05,0.08,5.0,12.1875,0.0,0.0,0.07766990291262135,0.0,0.05,0.02,14.0,12.6,0.0,0.0,0.11165048543689321,0.1,0.2,0.12,1.0,9.090909090909092,0.0,1.0,0.11650485436893204,0.1,0.1,0.16,7.0,8.347826086956522,0.0,0.0,0.13106796116504854,0.0,0.05,0.18,17.0,7.076923076923077,0.0,0.0,0.10679611650485436,0.2,0.15,0.12,5.0,9.476190476190476,0.0,0.0,0.0825242718446602,0.0,0.1,0.12,14.0,11.4375,0.0,0.0,0.07281553398058252,0.0,0.1,0.08,12.0,12.285714285714286,0.0,0.0,0.09223300970873786,0.2,0.2,0.14,3.0,11.222222222222221,0.0,0.0,0.10194174757281553,0.1,0.1,0.14,0.0,10.25,1.0,1.0,0.09223300970873786,0.0,0.05,0.04,15.0,10.38888888888889,0.0,0.0,0.13106796116504854,0.4,0.2,0.16,3.0,7.653846153846154,0.0,0.0,0.10679611650485436,0.1,0.15,0.1,8.0,9.142857142857142,0.0,0.0,0.05825242718446602,0.0,0.0,0.06,33.0,14.363636363636363,0.0,0.0,0.07766990291262135,0.0,0.05,0.02,10.0,12.933333333333334,0.0,0.0,0.09223300970873786,0.1,0.05,0.1,5.0,11.0,0.0,0.0,0.10194174757281553,0.0,0.0,0.02,35.0,8.1,0.0,0.0,0.0825242718446602,0.3,0.15,0.1,1.0,12.0,0.0,1.0,0.12135922330097088,0.3,0.15,0.14,2.0,8.458333333333334,0.0,0.0,0.10194174757281553,0.1,0.05,0.02,5.0,9.95,0.0,0.0,0.10194174757281553,0.1,0.1,0.1,1.0,10.2,0.0,1.0,0.0970873786407767,0.1,0.05,0.1,1.0,9.578947368421053,0.0,1.0,0.15048543689320387,0.0,0.05,0.06,15.0,6.166666666666667,0.0,0.0,0.09223300970873786,0.0,0.05,0.1,19.0,8.555555555555555,0.0,0.0,0.07766990291262135,0.1,0.15,0.12,8.0,12.6,0.0,0.0,0.0970873786407767,0.2,0.15,0.12,3.0,10.578947368421053,0.0,0.0,0.11165048543689321,0.2,0.1,0.14,4.0,8.772727272727273,0.0,0.0,0.0970873786407767,0.0,0.1,0.12,11.0,9.631578947368421,0.0,0.0,0.09223300970873786,0.2,0.15,0.12,2.0,11.222222222222221,0.0,0.0,0.10194174757281553,0.1,0.1,0.1,0.0,9.8,1.0,1.0,0.14563106796116504,0.1,0.2,0.14,1.0,6.620689655172414,0.0,1.0,0.12135922330097088,0.2,0.1,0.1,0.0,8.541666666666666,1.0,1.0,0.10679611650485436,0.2,0.1,0.08,2.0,9.333333333333334,0.0,0.0,128.0,1.0,43.0,2.0,0.0,1.0,2.0,206.0,5.0,4.0,6.0,1,0,0,0,0,0,0,0,0,0,0,0,0,0,0,1,0,1,1,0,0,0,0,0,0,0,0,0,0,0,0,0,0,0,0,1,0,0,0,0,0,0,0,0,0,0,0,0
2025-05-12,0.15458937198067632,0.1,0.1,0.14,0.0,6.580645161290323,1.0,1.0,0.1111111111111111,0.0,0.1,0.1,11.0,8.727272727272727,0.0,0.0,0.0966183574879227,0.0,0.1,0.1,14.0,9.789473684210526,0.0,0.0,0.09178743961352658,0.3,0.15,0.14,1.0,9.722222222222221,0.0,1.0,0.12077294685990338,0.2,0.15,0.16,3.0,8.333333333333334,0.0,0.0,0.07729468599033816,0.1,0.05,0.08,3.0,13.266666666666667,0.0,0.0,0.13526570048309178,0.4,0.35,0.2,1.0,6.703703703703703,0.0,1.0,0.09178743961352658,0.2,0.2,0.12,5.0,10.777777777777779,0.0,0.0,0.14492753623188406,0.0,0.05,0.08,12.0,6.448275862068965,0.0,0.0,0.14492753623188406,0.1,0.15,0.16,7.0,6.517241379310345,0.0,0.0,0.11594202898550725,0.0,0.05,0.06,14.0,8.173913043478262,0.0,0.0,0.09178743961352658,0.0,0.0,0.02,46.0,8.444444444444445,0.0,0.0,0.08695652173913043,0.0,0.05,0.1,17.0,10.294117647058824,0.0,0.0,0.08695652173913043,0.0,0.0,0.06,24.0,9.235294117647058,0.0,0.0,0.1111111111111111,0.0,0.15,0.12,10.0,7.954545454545454,0.0,0.0,0.08695652173913043,0.2,0.1,0.1,0.0,11.823529411764707,1.0,1.0,0.07729468599033816,0.0,0.05,0.02,15.0,12.6,0.0,0.0,0.11594202898550725,0.2,0.25,0.14,0.0,8.782608695652174,1.0,1.0,0.12077294685990338,0.2,0.1,0.18,0.0,8.333333333333334,1.0,1.0,0.13043478260869565,0.0,0.05,0.16,18.0,7.076923076923077,0.0,0.0,0.10628019323671498,0.2,0.15,0.12,6.0,9.476190476190476,0.0,0.0,0.0821256038647343,0.0,0.1,0.12,15.0,11.4375,0.0,0.0,0.07246376811594203,0.0,0.1,0.08,13.0,12.285714285714286,0.0,0.0,0.09178743961352658,0.1,0.15,0.14,4.0,11.222222222222221,0.0,0.0,0.10144927536231885,0.1,0.1,0.14,1.0,10.25,0.0,1.0,0.09178743961352658,0.0,0.05,0.04,16.0,10.38888888888889,0.0,0.0,0.13043478260869565,0.3,0.2,0.16,4.0,7.653846153846154,0.0,0.0,0.10628019323671498,0.1,0.15,0.1,9.0,9.142857142857142,0.0,0.0,0.057971014492753624,0.0,0.0,0.06,34.0,14.363636363636363,0.0,0.0,0.07729468599033816,0.0,0.05,0.02,11.0,12.933333333333334,0.0,0.0,0.09178743961352658,0.1,0.05,0.1,6.0,11.0,0.0,0.0,0.10144927536231885,0.0,0.0,0.02,36.0,8.1,0.0,0.0,0.0821256038647343,0.2,0.15,0.1,2.0,12.0,0.0,0.0,0.12077294685990338,0.3,0.15,0.14,3.0,8.458333333333334,0.0,0.0,0.10144927536231885,0.1,0.05,0.02,6.0,9.95,0.0,0.0,0.10628019323671498,0.2,0.15,0.12,0.0,9.80952380952381,1.0,1.0,0.0966183574879227,0.1,0.05,0.08,2.0,9.578947368421053,0.0,0.0,0.1497584541062802,0.0,0.05,0.06,16.0,6.166666666666667,0.0,0.0,0.09178743961352658,0.0,0.0,0.1,20.0,8.555555555555555,0.0,0.0,0.07729468599033816,0.1,0.15,0.12,9.0,12.6,0.0,0.0,0.0966183574879227,0.2,0.15,0.12,4.0,10.578947368421053,0.0,0.0,0.1111111111111111,0.1,0.1,0.14,5.0,8.772727272727273,0.0,0.0,0.0966183574879227,0.0,0.1,0.12,12.0,9.631578947368421,0.0,0.0,0.09178743961352658,0.2,0.15,0.12,3.0,11.222222222222221,0.0,0.0,0.10144927536231885,0.1,0.05,0.1,1.0,9.8,0.0,1.0,0.14492753623188406,0.1,0.2,0.14,2.0,6.620689655172414,0.0,0.0,0.12077294685990338,0.2,0.1,0.1,1.0,8.541666666666666,0.0,1.0,0.10628019323671498,0.2,0.1,0.08,3.0,9.333333333333334,0.0,0.0,90.0,3.0,35.0,1.0,3.0,1.0,0.0,207.0,5.0,7.0,2.0,0,0,0,1,0,0,0,1,0,0,0,0,0,0,0,0,0,0,0,0,0,0,0,0,0,1,0,0,0,0,0,0,0,0,0,0,0,0,0,0,0,1,0,0,0,0,0,1
2025-05-15,0.15384615384615385,0.1,0.1,0.14,1.0,6.580645161290323,0.0,1.0,0.11057692307692307,0.0,0.1,0.1,12.0,8.727272727272727,0.0,0.0,0.09615384615384616,0.0,0.1,0.1,15.0,9.789473684210526,0.0,0.0,0.09615384615384616,0.4,0.2,0.16,0.0,9.31578947368421,1.0,1.0,0.1201923076923077,0.2,0.1,0.16,4.0,8.333333333333334,0.0,0.0,0.07692307692307693,0.1,0.05,0.08,4.0,13.266666666666667,0.0,0.0,0.1346153846153846,0.4,0.35,0.2,2.0,6.703703703703703,0.0,0.0,0.09615384615384616,0.3,0.25,0.14,0.0,10.526315789473685,1.0,1.0,0.14423076923076922,0.0,0.05,0.06,13.0,6.448275862068965,0.0,0.0,0.14423076923076922,0.1,0.15,0.16,8.0,6.517241379310345,0.0,0.0,0.11538461538461539,0.0,0.05,0.06,15.0,8.173913043478262,0.0,0.0,0.09134615384615384,0.0,0.0,0.02,47.0,8.444444444444445,0.0,0.0,0.08653846153846154,0.0,0.05,0.1,18.0,10.294117647058824,0.0,0.0,0.08653846153846154,0.0,0.0,0.06,25.0,9.235294117647058,0.0,0.0,0.11057692307692307,0.0,0.15,0.12,11.0,7.954545454545454,0.0,0.0,0.08653846153846154,0.2,0.1,0.1,1.0,11.823529411764707,0.0,1.0,0.07692307692307693,0.0,0.05,0.02,16.0,12.6,0.0,0.0,0.11538461538461539,0.2,0.2,0.14,1.0,8.782608695652174,0.0,1.0,0.1201923076923077,0.2,0.1,0.16,1.0,8.333333333333334,0.0,1.0,0.12980769230769232,0.0,0.05,0.16,19.0,7.076923076923077,0.0,0.0,0.10576923076923077,0.2,0.15,0.1,7.0,9.476190476190476,0.0,0.0,0.08173076923076923,0.0,0.1,0.12,16.0,11.4375,0.0,0.0,0.07211538461538461,0.0,0.1,0.08,14.0,12.285714285714286,0.0,0.0,0.09134615384615384,0.1,0.1,0.14,5.0,11.222222222222221,0.0,0.0,0.10096153846153846,0.1,0.1,0.14,2.0,10.25,0.0,0.0,0.09615384615384616,0.1,0.1,0.06,0.0,10.736842105263158,1.0,1.0,0.12980769230769232,0.2,0.2,0.16,5.0,7.653846153846154,0.0,0.0,0.10576923076923077,0.0,0.15,0.1,10.0,9.142857142857142,0.0,0.0,0.057692307692307696,0.0,0.0,0.06,35.0,14.363636363636363,0.0,0.0,0.07692307692307693,0.0,0.05,0.02,12.0,12.933333333333334,0.0,0.0,0.09134615384615384,0.1,0.05,0.1,7.0,11.0,0.0,0.0,0.10096153846153846,0.0,0.0,0.02,37.0,8.1,0.0,0.0,0.08173076923076923,0.2,0.15,0.1,3.0,12.0,0.0,0.0,0.1201923076923077,0.3,0.15,0.14,4.0,8.458333333333334,0.0,0.0,0.10096153846153846,0.1,0.05,0.02,7.0,9.95,0.0,0.0,0.10576923076923077,0.2,0.1,0.12,1.0,9.80952380952381,0.0,1.0,0.09615384615384616,0.1,0.05,0.08,3.0,9.578947368421053,0.0,0.0,0.14903846153846154,0.0,0.05,0.06,17.0,6.166666666666667,0.0,0.0,0.09134615384615384,0.0,0.0,0.1,21.0,8.555555555555555,0.0,0.0,0.07692307692307693,0.0,0.15,0.12,10.0,12.6,0.0,0.0,0.09615384615384616,0.1,0.15,0.12,5.0,10.578947368421053,0.0,0.0,0.11538461538461539,0.2,0.15,0.16,0.0,8.652173913043478,1.0,1.0,0.09615384615384616,0.0,0.1,0.12,13.0,9.631578947368421,0.0,0.0,0.09134615384615384,0.2,0.15,0.12,4.0,11.222222222222221,0.0,0.0,0.10096153846153846,0.1,0.05,0.1,2.0,9.8,0.0,0.0,0.14423076923076922,0.1,0.15,0.12,3.0,6.620689655172414,0.0,0.0,0.1201923076923077,0.2,0.1,0.1,2.0,8.541666666666666,0.0,0.0,0.11057692307692307,0.2,0.15,0.08,0.0,9.090909090909092,1.0,1.0,128.0,5.0,44.0,2.0,0.0,1.0,2.0,208.0,5.0,12.0,0.0,0,0,0,0,0,0,0,0,0,1,0,0,0,0,0,0,0,0,0,0,1,0,0,0,1,0,0,0,0,0,0,0,0,0,0,0,1,0,0,0,0,1,0,0,0,0,0,0
2025-05-19,0.15311004784688995,0.1,0.1,0.12,2.0,6.580645161290323,0.0,0.0,0.11004784688995216,0.0,0.1,0.1,13.0,8.727272727272727,0.0,0.0,0.09569377990430622,0.0,0.1,0.1,16.0,9.789473684210526,0.0,0.0,0.09569377990430622,0.3,0.2,0.16,1.0,9.31578947368421,0.0,1.0,0.11961722488038277,0.2,0.1,0.16,5.0,8.333333333333334,0.0,0.0,0.07655502392344497,0.1,0.05,0.08,5.0,13.266666666666667,0.0,0.0,0.1339712918660287,0.3,0.35,0.2,3.0,6.703703703703703,0.0,0.0,0.09569377990430622,0.2,0.25,0.14,1.0,10.526315789473685,0.0,1.0,0.14354066985645933,0.0,0.05,0.06,14.0,6.448275862068965,0.0,0.0,0.14832535885167464,0.2,0.15,0.18,0.0,6.6,1.0,1.0,0.11483253588516747,0.0,0.05,0.06,16.0,8.173913043478262,0.0,0.0,0.09090909090909091,0.0,0.0,0.02,48.0,8.444444444444445,0.0,0.0,0.0861244019138756,0.0,0.05,0.1,19.0,10.294117647058824,0.0,0.0,0.0861244019138756,0.0,0.0,0.06,26.0,9.235294117647058,0.0,0.0,0.11004784688995216,0.0,0.15,0.12,12.0,7.954545454545454,0.0,0.0,0.0861244019138756,0.2,0.1,0.1,2.0,11.823529411764707,0.0,0.0,0.07655502392344497,0.0,0.05,0.02,17.0,12.6,0.0,0.0,0.11483253588516747,0.2,0.2,0.14,2.0,8.782608695652174,0.0,0.0,0.11961722488038277,0.1,0.1,0.16,2.0,8.333333333333334,0.0,0.0,0.1291866028708134,0.0,0.0,0.16,20.0,7.076923076923077,0.0,0.0,0.11004784688995216,0.3,0.2,0.12,0.0,9.409090909090908,1.0,1.0,0.08133971291866028,0.0,0.05,0.12,17.0,11.4375,0.0,0.0,0.07177033492822966,0.0,0.1,0.08,15.0,12.285714285714286,0.0,0.0,0.09090909090909091,0.1,0.1,0.14,6.0,11.222222222222221,0.0,0.0,0.10526315789473684,0.2,0.15,0.14,0.0,9.904761904761905,1.0,1.0,0.09569377990430622,0.1,0.1,0.06,1.0,10.736842105263158,0.0,1.0,0.1291866028708134,0.1,0.2,0.16,6.0,7.653846153846154,0.0,0.0,0.10526315789473684,0.0,0.1,0.1,11.0,9.142857142857142,0.0,0.0,0.05741626794258373,0.0,0.0,0.06,36.0,14.363636363636363,0.0,0.0,0.07655502392344497,0.0,0.05,0.02,13.0,12.933333333333334,0.0,0.0,0.09090909090909091,0.1,0.05,0.1,8.0,11.0,0.0,0.0,0.10047846889952153,0.0,0.0,0.02,38.0,8.1,0.0,0.0,0.08133971291866028,0.2,0.15,0.08,4.0,12.0,0.0,0.0,0.11961722488038277,0.3,0.15,0.14,5.0,8.458333333333334,0.0,0.0,0.10047846889952153,0.1,0.05,0.02,8.0,9.95,0.0,0.0,0.10526315789473684,0.2,0.1,0.1,2.0,9.80952380952381,0.0,0.0,0.10047846889952153,0.2,0.1,0.08,0.0,9.3,1.0,1.0,0.14832535885167464,0.0,0.05,0.06,18.0,6.166666666666667,0.0,0.0,0.09090909090909091,0.0,0.0,0.1,22.0,8.555555555555555,0.0,0.0,0.07655502392344497,0.0,0.15,0.12,11.0,12.6,0.0,0.0,0.09569377990430622,0.1,0.15,0.12,6.0,10.578947368421053,0.0,0.0,0.11961722488038277,0.3,0.2,0.18,0.0,8.333333333333334,1.0,1.0,0.09569377990430622,0.0,0.1,0.12,14.0,9.631578947368421,0.0,0.0,0.09090909090909091,0.2,0.1,0.12,5.0,11.222222222222221,0.0,0.0,0.10047846889952153,0.1,0.05,0.1,3.0,9.8,0.0,0.0,0.14354066985645933,0.1,0.15,0.12,4.0,6.620689655172414,0.0,0.0,0.11961722488038277,0.2,0.1,0.1,3.0,8.541666666666666,0.0,0.0,0.11004784688995216,0.2,0.15,0.08,1.0,9.090909090909092,0.0,1.0,135.0,2.0,32.0,1.0,1.0,1.0,2.0,209.0,5.0,15.0,3.0,0,0,0,1,0,0,0,0,0,0,1,0,0,0,0,0,0,0,0,0,0,1,0,0,0,0,1,0,0,0,0,0,0,1,0,0,0,0,0,0,0,0,0,0,0,0,0,0
2025-05-22,0.1523809523809524,0.1,0.1,0.12,3.0,6.580645161290323,0.0,0.0,0.10952380952380952,0.0,0.1,0.1,14.0,8.727272727272727,0.0,0.0,0.09523809523809523,0.0,0.1,0.1,17.0,9.789473684210526,0.0,0.0,0.1,0.4,0.25,0.18,0.0,8.95,1.0,1.0,0.11904761904761904,0.1,0.1,0.14,6.0,8.333333333333334,0.0,0.0,0.0761904761904762,0.1,0.05,0.08,6.0,13.266666666666667,0.0,0.0,0.13333333333333333,0.2,0.35,0.2,4.0,6.703703703703703,0.0,0.0,0.09523809523809523,0.2,0.2,0.14,2.0,10.526315789473685,0.0,0.0,0.14285714285714285,0.0,0.05,0.06,15.0,6.448275862068965,0.0,0.0,0.14761904761904762,0.1,0.15,0.18,1.0,6.6,0.0,1.0,0.11904761904761904,0.1,0.1,0.08,0.0,8.541666666666666,1.0,1.0,0.09047619047619047,0.0,0.0,0.02,49.0,8.444444444444445,0.0,0.0,0.08571428571428572,0.0,0.0,0.1,20.0,10.294117647058824,0.0,0.0,0.08571428571428572,0.0,0.0,0.06,27.0,9.235294117647058,0.0,0.0,0.10952380952380952,0.0,0.15,0.12,13.0,7.954545454545454,0.0,0.0,0.08571428571428572,0.2,0.1,0.1,3.0,11.823529411764707,0.0,0.0,0.0761904761904762,0.0,0.05,0.02,18.0,12.6,0.0,0.0,0.11428571428571428,0.2,0.2,0.14,3.0,8.782608695652174,0.0,0.0,0.11904761904761904,0.1,0.1,0.16,3.0,8.333333333333334,0.0,0.0,0.12857142857142856,0.0,0.0,0.16,21.0,7.076923076923077,0.0,0.0,0.10952380952380952,0.2,0.2,0.12,1.0,9.409090909090908,0.0,1.0,0.08571428571428572,0.1,0.1,0.14,0.0,11.823529411764707,1.0,1.0,0.07142857142857142,0.0,0.1,0.08,16.0,12.285714285714286,0.0,0.0,0.09047619047619047,0.1,0.1,0.14,7.0,11.222222222222221,0.0,0.0,0.10476190476190476,0.2,0.15,0.14,1.0,9.904761904761905,0.0,1.0,0.09523809523809523,0.1,0.1,0.06,2.0,10.736842105263158,0.0,0.0,0.13333333333333333,0.2,0.25,0.18,0.0,7.62962962962963,1.0,1.0,0.10476190476190476,0.0,0.1,0.1,12.0,9.142857142857142,0.0,0.0,0.05714285714285714,0.0,0.0,0.06,37.0,14.363636363636363,0.0,0.0,0.0761904761904762,0.0,0.05,0.02,14.0,12.933333333333334,0.0,0.0,0.09047619047619047,0.1,0.05,0.1,9.0,11.0,0.0,0.0,0.1,0.0,0.0,0.02,39.0,8.1,0.0,0.0,0.08095238095238096,0.2,0.15,0.08,5.0,12.0,0.0,0.0,0.12380952380952381,0.3,0.2,0.16,0.0,8.36,1.0,1.0,0.1,0.1,0.05,0.02,9.0,9.95,0.0,0.0,0.10476190476190476,0.2,0.1,0.1,3.0,9.80952380952381,0.0,0.0,0.1,0.2,0.1,0.06,1.0,9.3,0.0,1.0,0.14761904761904762,0.0,0.05,0.04,19.0,6.166666666666667,0.0,0.0,0.09047619047619047,0.0,0.0,0.1,23.0,8.555555555555555,0.0,0.0,0.0761904761904762,0.0,0.1,0.1,12.0,12.6,0.0,0.0,0.09523809523809523,0.1,0.1,0.12,7.0,10.578947368421053,0.0,0.0,0.11904761904761904,0.3,0.2,0.16,1.0,8.333333333333334,0.0,1.0,0.09523809523809523,0.0,0.1,0.12,15.0,9.631578947368421,0.0,0.0,0.09047619047619047,0.2,0.1,0.12,6.0,11.222222222222221,0.0,0.0,0.1,0.1,0.05,0.1,4.0,9.8,0.0,0.0,0.14285714285714285,0.1,0.1,0.12,5.0,6.620689655172414,0.0,0.0,0.11904761904761904,0.2,0.1,0.1,4.0,8.541666666666666,0.0,0.0,0.10952380952380952,0.2,0.15,0.08,2.0,9.090909090909092,0.0,0.0,98.0,3.0,30.0,2.0,1.0,2.0,0.0,210.0,5.0,19.0,0.0,0,0,0,0,0,0,0,0,0,1,0,0,0,0,0,0,1,0,0,0,0,1,0,1,0,0,0,0,0,0,1,0,0,0,0,0,0,0,0,0,0,0,0,0,0,0,0,0
2025-05-25,0.15165876777251186,0.1,0.1,0.12,4.0,6.580645161290323,0.0,0.0,0.10900473933649289,0.0,0.1,0.1,15.0,8.727272727272727,0.0,0.0,0.0947867298578199,0.0,0.1,0.1,18.0,9.789473684210526,0.0,0.0,0.0995260663507109,0.4,0.25,0.18,1.0,8.95,0.0,1.0,0.11848341232227488,0.1,0.1,0.14,7.0,8.333333333333334,0.0,0.0,0.07582938388625593,0.1,0.05,0.08,7.0,13.266666666666667,0.0,0.0,0.13270142180094788,0.2,0.3,0.2,5.0,6.703703703703703,0.0,0.0,0.0947867298578199,0.2,0.2,0.12,3.0,10.526315789473685,0.0,0.0,0.14218009478672985,0.0,0.05,0.06,16.0,6.448275862068965,0.0,0.0,0.15165876777251186,0.2,0.2,0.2,0.0,6.451612903225806,1.0,1.0,0.11848341232227488,0.1,0.1,0.08,1.0,8.541666666666666,0.0,1.0,0.09004739336492891,0.0,0.0,0.0,50.0,8.444444444444445,0.0,0.0,0.08530805687203792,0.0,0.0,0.1,21.0,10.294117647058824,0.0,0.0,0.08530805687203792,0.0,0.0,0.06,28.0,9.235294117647058,0.0,0.0,0.10900473933649289,0.0,0.15,0.12,14.0,7.954545454545454,0.0,0.0,0.08530805687203792,0.1,0.1,0.1,4.0,11.823529411764707,0.0,0.0,0.08056872037914692,0.1,0.1,0.04,0.0,13.0,1.0,1.0,0.11374407582938388,0.2,0.15,0.14,4.0,8.782608695652174,0.0,0.0,0.11848341232227488,0.1,0.1,0.14,4.0,8.333333333333334,0.0,0.0,0.12796208530805686,0.0,0.0,0.16,22.0,7.076923076923077,0.0,0.0,0.10900473933649289,0.1,0.2,0.12,2.0,9.409090909090908,0.0,0.0,0.09004739336492891,0.2,0.15,0.16,0.0,11.222222222222221,1.0,1.0,0.07109004739336493,0.0,0.1,0.08,17.0,12.285714285714286,0.0,0.0,0.0947867298578199,0.2,0.15,0.16,0.0,11.052631578947368,1.0,1.0,0.10426540284360189,0.2,0.15,0.14,2.0,9.904761904761905,0.0,0.0,0.0947867298578199,0.1,0.05,0.06,3.0,10.736842105263158,0.0,0.0,0.13270142180094788,0.2,0.25,0.18,1.0,7.62962962962963,0.0,1.0,0.10426540284360189,0.0,0.05,0.1,13.0,9.142857142857142,0.0,0.0,0.05687203791469194,0.0,0.0,0.06,38.0,14.363636363636363,0.0,0.0,0.07582938388625593,0.0,0.05,0.02,15.0,12.933333333333334,0.0,0.0,0.0947867298578199,0.1,0.1,0.12,0.0,10.947368421052632,1.0,1.0,0.0995260663507109,0.0,0.0,0.02,40.0,8.1,0.0,0.0,0.08056872037914692,0.1,0.15,0.08,6.0,12.0,0.0,0.0,0.12322274881516587,0.3,0.2,0.16,1.0,8.36,0.0,1.0,0.0995260663507109,0.0,0.05,0.02,10.0,9.95,0.0,0.0,0.10426540284360189,0.2,0.1,0.1,4.0,9.80952380952381,0.0,0.0,0.0995260663507109,0.2,0.1,0.06,2.0,9.3,0.0,0.0,0.14691943127962084,0.0,0.0,0.04,20.0,6.166666666666667,0.0,0.0,0.09004739336492891,0.0,0.0,0.08,24.0,8.555555555555555,0.0,0.0,0.07582938388625593,0.0,0.1,0.1,13.0,12.6,0.0,0.0,0.0947867298578199,0.1,0.1,0.12,8.0,10.578947368421053,0.0,0.0,0.11848341232227488,0.3,0.2,0.16,2.0,8.333333333333334,0.0,0.0,0.0947867298578199,0.0,0.1,0.12,16.0,9.631578947368421,0.0,0.0,0.09004739336492891,0.2,0.1,0.12,7.0,11.222222222222221,0.0,0.0,0.0995260663507109,0.1,0.05,0.08,5.0,9.8,0.0,0.0,0.14218009478672985,0.1,0.1,0.12,6.0,6.620689655172414,0.0,0.0,0.11848341232227488,0.2,0.1,0.1,5.0,8.541666666666666,0.0,0.0,0.10900473933649289,0.2,0.15,0.08,3.0,9.090909090909092,0.0,0.0,104.0,3.0,21.0,1.0,3.0,1.0,0.0,211.0,5.0,22.0,3.0,1,1,0,1,0,0,0,1,0,0,0,0,0,0,0,0,0,0,1,0,0,0,0,0,0,0,0,0,0,0,0,0,0,0,0,0,0,0,0,0,0,0,0,0,0,0,0,0
2025-05-28,0.15566037735849056,0.2,0.15,0.14,0.0,6.53125,1.0,1.0,0.11320754716981132,0.1,0.15,0.12,0.0,9.043478260869565,1.0,1.0,0.09433962264150944,0.0,0.05,0.1,19.0,9.789473684210526,0.0,0.0,0.10377358490566038,0.4,0.3,0.2,0.0,8.619047619047619,1.0,1.0,0.1179245283018868,0.1,0.1,0.14,8.0,8.333333333333334,0.0,0.0,0.07547169811320754,0.1,0.05,0.08,8.0,13.266666666666667,0.0,0.0,0.1320754716981132,0.1,0.3,0.2,6.0,6.703703703703703,0.0,0.0,0.09905660377358491,0.2,0.2,0.12,0.0,10.2,1.0,1.0,0.14150943396226415,0.0,0.05,0.06,17.0,6.448275862068965,0.0,0.0,0.1509433962264151,0.2,0.2,0.2,1.0,6.451612903225806,0.0,1.0,0.1179245283018868,0.1,0.1,0.08,2.0,8.541666666666666,0.0,0.0,0.08962264150943396,0.0,0.0,0.0,51.0,8.444444444444445,0.0,0.0,0.08490566037735849,0.0,0.0,0.1,22.0,10.294117647058824,0.0,0.0,0.08490566037735849,0.0,0.0,0.06,29.0,9.235294117647058,0.0,0.0,0.10849056603773585,0.0,0.15,0.12,15.0,7.954545454545454,0.0,0.0,0.08490566037735849,0.1,0.1,0.1,5.0,11.823529411764707,0.0,0.0,0.08018867924528301,0.1,0.05,0.04,1.0,13.0,0.0,1.0,0.11320754716981132,0.2,0.15,0.14,5.0,8.782608695652174,0.0,0.0,0.12264150943396226,0.2,0.15,0.16,0.0,8.2,1.0,1.0,0.12735849056603774,0.0,0.0,0.16,23.0,7.076923076923077,0.0,0.0,0.10849056603773585,0.1,0.2,0.12,3.0,9.409090909090908,0.0,0.0,0.08962264150943396,0.2,0.1,0.16,1.0,11.222222222222221,0.0,1.0,0.07075471698113207,0.0,0.05,0.08,18.0,12.285714285714286,0.0,0.0,0.09433962264150944,0.2,0.15,0.16,1.0,11.052631578947368,0.0,1.0,0.10377358490566038,0.2,0.15,0.14,3.0,9.904761904761905,0.0,0.0,0.09433962264150944,0.1,0.05,0.06,4.0,10.736842105263158,0.0,0.0,0.1320754716981132,0.2,0.25,0.16,2.0,7.62962962962963,0.0,0.0,0.10377358490566038,0.0,0.05,0.1,14.0,9.142857142857142,0.0,0.0,0.05660377358490566,0.0,0.0,0.06,39.0,14.363636363636363,0.0,0.0,0.07547169811320754,0.0,0.05,0.02,16.0,12.933333333333334,0.0,0.0,0.09433962264150944,0.1,0.1,0.1,1.0,10.947368421052632,0.0,1.0,0.09905660377358491,0.0,0.0,0.02,41.0,8.1,0.0,0.0,0.08018867924528301,0.1,0.15,0.08,7.0,12.0,0.0,0.0,0.12264150943396226,0.3,0.2,0.16,2.0,8.36,0.0,0.0,0.09905660377358491,0.0,0.05,0.02,11.0,9.95,0.0,0.0,0.10377358490566038,0.2,0.1,0.1,5.0,9.80952380952381,0.0,0.0,0.09905660377358491,0.2,0.1,0.06,3.0,9.3,0.0,0.0,0.14622641509433962,0.0,0.0,0.04,21.0,6.166666666666667,0.0,0.0,0.08962264150943396,0.0,0.0,0.08,25.0,8.555555555555555,0.0,0.0,0.07547169811320754,0.0,0.1,0.1,14.0,12.6,0.0,0.0,0.09433962264150944,0.1,0.1,0.1,9.0,10.578947368421053,0.0,0.0,0.1179245283018868,0.2,0.2,0.16,3.0,8.333333333333334,0.0,0.0,0.09433962264150944,0.0,0.1,0.12,17.0,9.631578947368421,0.0,0.0,0.08962264150943396,0.2,0.1,0.12,8.0,11.222222222222221,0.0,0.0,0.09905660377358491,0.1,0.05,0.08,6.0,9.8,0.0,0.0,0.14150943396226415,0.1,0.1,0.12,7.0,6.620689655172414,0.0,0.0,0.1179245283018868,0.1,0.1,0.08,6.0,8.541666666666666,0.0,0.0,0.10849056603773585,0.2,0.15,0.08,4.0,9.090909090909092,0.0,0.0,34.0,3.0,18.0,4.0,1.0,0.0,0.0,212.0,5.0,25.0,6.0,0,1,0,0,0,0,0,0,0,0,0,0,0,0,0,1,1,0,0,0,0,0,0,0,0,0,0,0,0,0,0,0,0,0,0,0,0,0,0,0,0,1,1,0,0,0,0,0
2025-06-01,0.15492957746478872,0.2,0.15,0.14,1.0,6.53125,0.0,1.0,0.11737089201877934,0.2,0.2,0.12,0.0,8.708333333333334,1.0,1.0,0.09389671361502347,0.0,0.0,0.1,20.0,9.789473684210526,0.0,0.0,0.10328638497652583,0.4,0.3,0.2,1.0,8.619047619047619,0.0,1.0,0.11737089201877934,0.1,0.1,0.12,9.0,8.333333333333334,0.0,0.0,0.07511737089201878,0.1,0.05,0.08,9.0,13.266666666666667,0.0,0.0,0.13145539906103287,0.1,0.3,0.18,7.0,6.703703703703703,0.0,0.0,0.09859154929577464,0.2,0.2,0.12,1.0,10.2,0.0,1.0,0.14084507042253522,0.0,0.05,0.06,18.0,6.448275862068965,0.0,0.0,0.15023474178403756,0.2,0.2,0.2,2.0,6.451612903225806,0.0,0.0,0.11737089201877934,0.1,0.05,0.08,3.0,8.541666666666666,0.0,0.0,0.0892018779342723,0.0,0.0,0.0,52.0,8.444444444444445,0.0,0.0,0.08450704225352113,0.0,0.0,0.08,23.0,10.294117647058824,0.0,0.0,0.08450704225352113,0.0,0.0,0.04,30.0,9.235294117647058,0.0,0.0,0.107981220657277,0.0,0.1,0.12,16.0,7.954545454545454,0.0,0.0,0.0892018779342723,0.2,0.15,0.12,0.0,11.5,1.0,1.0,0.08450704225352113,0.2,0.1,0.06,0.0,12.352941176470589,1.0,1.0,0.11267605633802817,0.2,0.15,0.14,6.0,8.782608695652174,0.0,0.0,0.12206572769953052,0.2,0.15,0.16,1.0,8.2,0.0,1.0,0.1267605633802817,0.0,0.0,0.16,24.0,7.076923076923077,0.0,0.0,0.107981220657277,0.1,0.2,0.12,4.0,9.409090909090908,0.0,0.0,0.0892018779342723,0.2,0.1,0.16,2.0,11.222222222222221,0.0,0.0,0.07042253521126761,0.0,0.05,0.08,19.0,12.285714285714286,0.0,0.0,0.09389671361502347,0.1,0.15,0.16,2.0,11.052631578947368,0.0,0.0,0.10328638497652583,0.2,0.15,0.14,4.0,9.904761904761905,0.0,0.0,0.09389671361502347,0.1,0.05,0.06,5.0,10.736842105263158,0.0,0.0,0.13145539906103287,0.1,0.25,0.16,3.0,7.62962962962963,0.0,0.0,0.10328638497652583,0.0,0.05,0.1,15.0,9.142857142857142,0.0,0.0,0.056338028169014086,0.0,0.0,0.06,40.0,14.363636363636363,0.0,0.0,0.07511737089201878,0.0,0.05,0.02,17.0,12.933333333333334,0.0,0.0,0.09389671361502347,0.1,0.1,0.1,2.0,10.947368421052632,0.0,0.0,0.09859154929577464,0.0,0.0,0.02,42.0,8.1,0.0,0.0,0.07981220657276995,0.1,0.15,0.08,8.0,12.0,0.0,0.0,0.12206572769953052,0.2,0.2,0.16,3.0,8.36,0.0,0.0,0.09859154929577464,0.0,0.05,0.02,12.0,9.95,0.0,0.0,0.10328638497652583,0.2,0.1,0.1,6.0,9.80952380952381,0.0,0.0,0.09859154929577464,0.2,0.1,0.06,4.0,9.3,0.0,0.0,0.14553990610328638,0.0,0.0,0.04,22.0,6.166666666666667,0.0,0.0,0.0892018779342723,0.0,0.0,0.08,26.0,8.555555555555555,0.0,0.0,0.07511737089201878,0.0,0.05,0.1,15.0,12.6,0.0,0.0,0.09389671361502347,0.0,0.1,0.1,10.0,10.578947368421053,0.0,0.0,0.12206572769953052,0.3,0.25,0.18,0.0,8.16,1.0,1.0,0.09859154929577464,0.1,0.1,0.14,0.0,10.05,1.0,1.0,0.0892018779342723,0.1,0.1,0.12,9.0,11.222222222222221,0.0,0.0,0.09859154929577464,0.1,0.05,0.08,7.0,9.8,0.0,0.0,0.14084507042253522,0.1,0.1,0.12,8.0,6.620689655172414,0.0,0.0,0.11737089201877934,0.1,0.1,0.08,7.0,8.541666666666666,0.0,0.0,0.107981220657277,0.2,0.15,0.08,5.0,9.090909090909092,0.0,0.0,120.0,3.0,41.0,1.0,2.0,0.0,2.0,213.0,5.0,28.0,2.0,0,0,0,1,0,0,0,0,0,0,0,0,0,0,0,0,0,1,0,0,0,0,0,0,0,0,0,0,0,0,0,0,0,0,1,0,0,0,0,1,0,0,0,0,1,0,0,0
2025-06-04,0.1542056074766355,0.2,0.1,0.14,2.0,6.53125,0.0,0.0,0.11682242990654206,0.2,0.15,0.12,1.0,8.708333333333334,0.0,1.0,0.09345794392523364,0.0,0.0,0.1,21.0,9.789473684210526,0.0,0.0,0.10747663551401869,0.5,0.35,0.22,0.0,8.318181818181818,1.0,1.0,0.11682242990654206,0.0,0.1,0.12,10.0,8.333333333333334,0.0,0.0,0.07476635514018691,0.0,0.05,0.08,10.0,13.266666666666667,0.0,0.0,0.1308411214953271,0.1,0.25,0.16,8.0,6.703703703703703,0.0,0.0,0.09813084112149532,0.2,0.2,0.12,2.0,10.2,0.0,0.0,0.14018691588785046,0.0,0.05,0.04,19.0,6.448275862068965,0.0,0.0,0.14953271028037382,0.2,0.2,0.18,3.0,6.451612903225806,0.0,0.0,0.11682242990654206,0.1,0.05,0.08,4.0,8.541666666666666,0.0,0.0,0.08878504672897196,0.0,0.0,0.0,53.0,8.444444444444445,0.0,0.0,0.08411214953271028,0.0,0.0,0.08,24.0,10.294117647058824,0.0,0.0,0.08411214953271028,0.0,0.0,0.04,31.0,9.235294117647058,0.0,0.0,0.10747663551401869,0.0,0.1,0.12,17.0,7.954545454545454,0.0,0.0,0.08878504672897196,0.2,0.15,0.12,1.0,11.5,0.0,1.0,0.08411214953271028,0.2,0.1,0.06,1.0,12.352941176470589,0.0,1.0,0.11682242990654206,0.3,0.2,0.16,0.0,8.708333333333334,1.0,1.0,0.12149532710280374,0.2,0.15,0.16,2.0,8.2,0.0,0.0,0.1261682242990654,0.0,0.0,0.16,25.0,7.076923076923077,0.0,0.0,0.10747663551401869,0.1,0.2,0.12,5.0,9.409090909090908,0.0,0.0,0.08878504672897196,0.2,0.1,0.16,3.0,11.222222222222221,0.0,0.0,0.07009345794392523,0.0,0.0,0.08,20.0,12.285714285714286,0.0,0.0,0.09345794392523364,0.1,0.15,0.16,3.0,11.052631578947368,0.0,0.0,0.102803738317757,0.2,0.1,0.14,5.0,9.904761904761905,0.0,0.0,0.09345794392523364,0.1,0.05,0.06,6.0,10.736842105263158,0.0,0.0,0.1308411214953271,0.1,0.25,0.16,4.0,7.62962962962963,0.0,0.0,0.102803738317757,0.0,0.05,0.1,16.0,9.142857142857142,0.0,0.0,0.056074766355140186,0.0,0.0,0.04,41.0,14.363636363636363,0.0,0.0,0.07476635514018691,0.0,0.05,0.02,18.0,12.933333333333334,0.0,0.0,0.09345794392523364,0.1,0.1,0.1,3.0,10.947368421052632,0.0,0.0,0.09813084112149532,0.0,0.0,0.02,43.0,8.1,0.0,0.0,0.0794392523364486,0.1,0.15,0.08,9.0,12.0,0.0,0.0,0.12149532710280374,0.1,0.2,0.16,4.0,8.36,0.0,0.0,0.102803738317757,0.1,0.1,0.04,0.0,10.095238095238095,1.0,1.0,0.102803738317757,0.2,0.1,0.1,7.0,9.80952380952381,0.0,0.0,0.09813084112149532,0.2,0.1,0.06,5.0,9.3,0.0,0.0,0.14485981308411214,0.0,0.0,0.04,23.0,6.166666666666667,0.0,0.0,0.08878504672897196,0.0,0.0,0.08,27.0,8.555555555555555,0.0,0.0,0.0794392523364486,0.1,0.1,0.12,0.0,12.8125,1.0,1.0,0.09345794392523364,0.0,0.1,0.1,11.0,10.578947368421053,0.0,0.0,0.12149532710280374,0.3,0.25,0.16,1.0,8.16,0.0,1.0,0.09813084112149532,0.1,0.1,0.14,1.0,10.05,0.0,1.0,0.08878504672897196,0.0,0.1,0.12,10.0,11.222222222222221,0.0,0.0,0.102803738317757,0.2,0.1,0.1,0.0,9.714285714285714,1.0,1.0,0.14018691588785046,0.1,0.1,0.12,9.0,6.620689655172414,0.0,0.0,0.11682242990654206,0.1,0.1,0.08,8.0,8.541666666666666,0.0,0.0,0.10747663551401869,0.1,0.15,0.08,6.0,9.090909090909092,0.0,0.0,142.0,3.0,41.0,1.0,1.0,1.0,2.0,214.0,6.0,1.0,6.0,0,0,0,0,0,0,1,0,0,0,0,0,0,0,0,0,0,0,0,0,1,0,0,0,0,0,0,1,0,0,0,0,0,0,1,0,0,0,0,1,0,0,0,0,0,0,0,0
2025-06-08,0.15348837209302327,0.2,0.1,0.14,3.0,6.53125,0.0,0.0,0.11627906976744186,0.2,0.15,0.12,2.0,8.708333333333334,0.0,0.0,0.09302325581395349,0.0,0.0,0.08,22.0,9.789473684210526,0.0,0.0,0.10697674418604651,0.5,0.35,0.22,1.0,8.318181818181818,0.0,1.0,0.11627906976744186,0.0,0.1,0.12,11.0,8.333333333333334,0.0,0.0,0.07441860465116279,0.0,0.05,0.08,11.0,13.266666666666667,0.0,0.0,0.13488372093023257,0.2,0.25,0.18,0.0,6.785714285714286,1.0,1.0,0.09767441860465116,0.2,0.2,0.12,3.0,10.2,0.0,0.0,0.13953488372093023,0.0,0.0,0.04,20.0,6.448275862068965,0.0,0.0,0.14883720930232558,0.2,0.2,0.18,4.0,6.451612903225806,0.0,0.0,0.11627906976744186,0.1,0.05,0.08,5.0,8.541666666666666,0.0,0.0,0.08837209302325581,0.0,0.0,0.0,54.0,8.444444444444445,0.0,0.0,0.08372093023255814,0.0,0.0,0.06,25.0,10.294117647058824,0.0,0.0,0.08372093023255814,0.0,0.0,0.04,32.0,9.235294117647058,0.0,0.0,0.10697674418604651,0.0,0.1,0.12,18.0,7.954545454545454,0.0,0.0,0.08837209302325581,0.2,0.15,0.12,2.0,11.5,0.0,0.0,0.08372093023255814,0.2,0.1,0.06,2.0,12.352941176470589,0.0,0.0,0.11627906976744186,0.2,0.2,0.16,1.0,8.708333333333334,0.0,1.0,0.12093023255813953,0.2,0.15,0.16,3.0,8.2,0.0,0.0,0.12558139534883722,0.0,0.0,0.14,26.0,7.076923076923077,0.0,0.0,0.11162790697674418,0.2,0.2,0.14,0.0,9.26086956521739,1.0,1.0,0.08837209302325581,0.2,0.1,0.14,4.0,11.222222222222221,0.0,0.0,0.06976744186046512,0.0,0.0,0.08,21.0,12.285714285714286,0.0,0.0,0.09302325581395349,0.1,0.15,0.16,4.0,11.052631578947368,0.0,0.0,0.10232558139534884,0.2,0.1,0.14,6.0,9.904761904761905,0.0,0.0,0.09302325581395349,0.1,0.05,0.06,7.0,10.736842105263158,0.0,0.0,0.13023255813953488,0.1,0.25,0.16,5.0,7.62962962962963,0.0,0.0,0.10697674418604651,0.1,0.1,0.12,0.0,9.5,1.0,1.0,0.05581395348837209,0.0,0.0,0.04,42.0,14.363636363636363,0.0,0.0,0.07441860465116279,0.0,0.05,0.02,19.0,12.933333333333334,0.0,0.0,0.09302325581395349,0.1,0.1,0.1,4.0,10.947368421052632,0.0,0.0,0.09767441860465116,0.0,0.0,0.02,44.0,8.1,0.0,0.0,0.07906976744186046,0.0,0.15,0.08,10.0,12.0,0.0,0.0,0.12093023255813953,0.1,0.2,0.16,5.0,8.36,0.0,0.0,0.10697674418604651,0.2,0.15,0.06,0.0,9.681818181818182,1.0,1.0,0.10232558139534884,0.1,0.1,0.08,8.0,9.80952380952381,0.0,0.0,0.09767441860465116,0.1,0.1,0.06,6.0,9.3,0.0,0.0,0.14418604651162792,0.0,0.0,0.04,24.0,6.166666666666667,0.0,0.0,0.08837209302325581,0.0,0.0,0.08,28.0,8.555555555555555,0.0,0.0,0.08372093023255814,0.2,0.15,0.14,0.0,12.117647058823529,1.0,1.0,0.09302325581395349,0.0,0.1,0.1,12.0,10.578947368421053,0.0,0.0,0.12093023255813953,0.3,0.25,0.16,2.0,8.16,0.0,0.0,0.09767441860465116,0.1,0.05,0.14,2.0,10.05,0.0,0.0,0.08837209302325581,0.0,0.1,0.12,11.0,11.222222222222221,0.0,0.0,0.10232558139534884,0.2,0.1,0.1,1.0,9.714285714285714,0.0,1.0,0.13953488372093023,0.0,0.05,0.12,10.0,6.620689655172414,0.0,0.0,0.11627906976744186,0.1,0.1,0.08,9.0,8.541666666666666,0.0,0.0,0.10697674418604651,0.1,0.15,0.08,7.0,9.090909090909092,0.0,0.0,131.0,2.0,33.0,1.0,1.0,2.0,1.0,215.0,6.0,4.0,2.0,0,0,0,0,0,0,0,1,0,0,0,0,0,1,0,0,1,0,0,0,0,0,1,0,0,0,0,0,0,0,0,0,0,0,0,0,0,0,0,0,1,0,0,0,0,0,0,0
2025-06-11,0.1527777777777778,0.2,0.1,0.14,4.0,6.53125,0.0,0.0,0.11574074074074074,0.2,0.1,0.12,3.0,8.708333333333334,0.0,0.0,0.09259259259259259,0.0,0.0,0.08,23.0,9.789473684210526,0.0,0.0,0.10648148148148148,0.4,0.35,0.22,2.0,8.318181818181818,0.0,0.0,0.11574074074074074,0.0,0.1,0.12,12.0,8.333333333333334,0.0,0.0,0.07407407407407407,0.0,0.05,0.08,12.0,13.266666666666667,0.0,0.0,0.13425925925925927,0.1,0.25,0.18,1.0,6.785714285714286,0.0,1.0,0.10185185185185185,0.3,0.25,0.14,0.0,9.904761904761905,1.0,1.0,0.1388888888888889,0.0,0.0,0.04,21.0,6.448275862068965,0.0,0.0,0.14814814814814814,0.2,0.15,0.16,5.0,6.451612903225806,0.0,0.0,0.11574074074074074,0.1,0.05,0.08,6.0,8.541666666666666,0.0,0.0,0.08796296296296297,0.0,0.0,0.0,55.0,8.444444444444445,0.0,0.0,0.08333333333333333,0.0,0.0,0.06,26.0,10.294117647058824,0.0,0.0,0.08796296296296297,0.1,0.05,0.06,0.0,10.555555555555555,1.0,1.0,0.10648148148148148,0.0,0.05,0.12,19.0,7.954545454545454,0.0,0.0,0.08796296296296297,0.2,0.15,0.1,3.0,11.5,0.0,0.0,0.08796296296296297,0.3,0.15,0.08,0.0,11.833333333333334,1.0,1.0,0.11574074074074074,0.2,0.15,0.16,2.0,8.708333333333334,0.0,0.0,0.12037037037037036,0.2,0.15,0.14,4.0,8.2,0.0,0.0,0.125,0.0,0.0,0.14,27.0,7.076923076923077,0.0,0.0,0.1111111111111111,0.2,0.2,0.14,1.0,9.26086956521739,0.0,1.0,0.08796296296296297,0.2,0.1,0.14,5.0,11.222222222222221,0.0,0.0,0.07407407407407407,0.1,0.05,0.08,0.0,12.933333333333334,1.0,1.0,0.09259259259259259,0.1,0.15,0.16,5.0,11.052631578947368,0.0,0.0,0.10185185185185185,0.1,0.1,0.14,7.0,9.904761904761905,0.0,0.0,0.09259259259259259,0.1,0.05,0.06,8.0,10.736842105263158,0.0,0.0,0.12962962962962962,0.1,0.25,0.14,6.0,7.62962962962963,0.0,0.0,0.10648148148148148,0.1,0.1,0.12,1.0,9.5,0.0,1.0,0.05555555555555555,0.0,0.0,0.04,43.0,14.363636363636363,0.0,0.0,0.07407407407407407,0.0,0.0,0.02,20.0,12.933333333333334,0.0,0.0,0.09259259259259259,0.1,0.1,0.1,5.0,10.947368421052632,0.0,0.0,0.09722222222222222,0.0,0.0,0.02,45.0,8.1,0.0,0.0,0.0787037037037037,0.0,0.15,0.08,11.0,12.0,0.0,0.0,0.12037037037037036,0.1,0.2,0.16,6.0,8.36,0.0,0.0,0.10648148148148148,0.2,0.15,0.06,1.0,9.681818181818182,0.0,1.0,0.10185185185185185,0.1,0.1,0.08,9.0,9.80952380952381,0.0,0.0,0.09722222222222222,0.1,0.1,0.06,7.0,9.3,0.0,0.0,0.14351851851851852,0.0,0.0,0.04,25.0,6.166666666666667,0.0,0.0,0.08796296296296297,0.0,0.0,0.08,29.0,8.555555555555555,0.0,0.0,0.08333333333333333,0.2,0.15,0.14,1.0,12.117647058823529,0.0,1.0,0.09722222222222222,0.1,0.15,0.12,0.0,10.7,1.0,1.0,0.12037037037037036,0.3,0.25,0.16,3.0,8.16,0.0,0.0,0.09722222222222222,0.1,0.05,0.14,3.0,10.05,0.0,0.0,0.08796296296296297,0.0,0.1,0.12,12.0,11.222222222222221,0.0,0.0,0.10185185185185185,0.1,0.1,0.1,2.0,9.714285714285714,0.0,0.0,0.1388888888888889,0.0,0.05,0.12,11.0,6.620689655172414,0.0,0.0,0.11574074074074074,0.0,0.1,0.08,10.0,8.541666666666666,0.0,0.0,0.10648148148148148,0.1,0.15,0.08,8.0,9.090909090909092,0.0,0.0,103.0,2.0,33.0,1.0,3.0,0.0,1.0,216.0,6.0,8.0,6.0,0,0,0,0,1,1,0,0,0,0,0,1,0,0,0,0,0,0,0,0,0,0,0,0,0,0,0,0,0,0,0,0,0,1,0,1,0,0,0,0,0,0,0,0,0,0,0,0
2025-06-15,0.15207373271889402,0.1,0.1,0.12,5.0,6.53125,0.0,0.0,0.1152073732718894,0.2,0.1,0.12,4.0,8.708333333333334,0.0,0.0,0.09216589861751152,0.0,0.0,0.08,24.0,9.789473684210526,0.0,0.0,0.10599078341013825,0.4,0.35,0.2,3.0,8.318181818181818,0.0,0.0,0.11981566820276497,0.1,0.15,0.14,0.0,8.52,1.0,1.0,0.07834101382488479,0.1,0.1,0.1,0.0,13.25,1.0,1.0,0.1336405529953917,0.1,0.25,0.18,2.0,6.785714285714286,0.0,0.0,0.10138248847926268,0.3,0.25,0.14,1.0,9.904761904761905,0.0,1.0,0.1382488479262673,0.0,0.0,0.04,22.0,6.448275862068965,0.0,0.0,0.14746543778801843,0.2,0.15,0.16,6.0,6.451612903225806,0.0,0.0,0.1152073732718894,0.1,0.05,0.08,7.0,8.541666666666666,0.0,0.0,0.09216589861751152,0.1,0.05,0.02,0.0,10.947368421052632,1.0,1.0,0.08294930875576037,0.0,0.0,0.06,27.0,10.294117647058824,0.0,0.0,0.08755760368663594,0.1,0.05,0.06,1.0,10.555555555555555,0.0,1.0,0.10599078341013825,0.0,0.0,0.12,20.0,7.954545454545454,0.0,0.0,0.08755760368663594,0.1,0.15,0.1,4.0,11.5,0.0,0.0,0.08755760368663594,0.3,0.15,0.08,1.0,11.833333333333334,0.0,1.0,0.1152073732718894,0.1,0.15,0.16,3.0,8.708333333333334,0.0,0.0,0.11981566820276497,0.1,0.15,0.14,5.0,8.2,0.0,0.0,0.12442396313364056,0.0,0.0,0.14,28.0,7.076923076923077,0.0,0.0,0.11059907834101383,0.2,0.2,0.14,2.0,9.26086956521739,0.0,0.0,0.08755760368663594,0.2,0.1,0.14,6.0,11.222222222222221,0.0,0.0,0.07373271889400922,0.1,0.05,0.08,1.0,12.933333333333334,0.0,1.0,0.09216589861751152,0.1,0.1,0.16,6.0,11.052631578947368,0.0,0.0,0.10138248847926268,0.1,0.1,0.14,8.0,9.904761904761905,0.0,0.0,0.09216589861751152,0.1,0.05,0.06,9.0,10.736842105263158,0.0,0.0,0.12903225806451613,0.1,0.2,0.14,7.0,7.62962962962963,0.0,0.0,0.10599078341013825,0.1,0.1,0.12,2.0,9.5,0.0,0.0,0.055299539170506916,0.0,0.0,0.04,44.0,14.363636363636363,0.0,0.0,0.07373271889400922,0.0,0.0,0.02,21.0,12.933333333333334,0.0,0.0,0.09216589861751152,0.1,0.1,0.1,6.0,10.947368421052632,0.0,0.0,0.0967741935483871,0.0,0.0,0.02,46.0,8.1,0.0,0.0,0.07834101382488479,0.0,0.1,0.08,12.0,12.0,0.0,0.0,0.12442396313364056,0.2,0.25,0.18,0.0,8.307692307692308,1.0,1.0,0.10599078341013825,0.2,0.15,0.06,2.0,9.681818181818182,0.0,0.0,0.10599078341013825,0.1,0.15,0.1,0.0,9.818181818181818,1.0,1.0,0.0967741935483871,0.1,0.1,0.06,8.0,9.3,0.0,0.0,0.14285714285714285,0.0,0.0,0.04,26.0,6.166666666666667,0.0,0.0,0.08755760368663594,0.0,0.0,0.06,30.0,8.555555555555555,0.0,0.0,0.08294930875576037,0.2,0.15,0.14,2.0,12.117647058823529,0.0,0.0,0.0967741935483871,0.1,0.15,0.1,1.0,10.7,0.0,1.0,0.11981566820276497,0.3,0.2,0.16,4.0,8.16,0.0,0.0,0.0967741935483871,0.1,0.05,0.14,4.0,10.05,0.0,0.0,0.08755760368663594,0.0,0.1,0.12,13.0,11.222222222222221,0.0,0.0,0.10138248847926268,0.1,0.1,0.1,3.0,9.714285714285714,0.0,0.0,0.1382488479262673,0.0,0.05,0.12,12.0,6.620689655172414,0.0,0.0,0.1152073732718894,0.0,0.1,0.06,11.0,8.541666666666666,0.0,0.0,0.10599078341013825,0.1,0.15,0.08,9.0,9.090909090909092,0.0,0.0,93.0,4.0,31.0,3.0,0.0,2.0,0.0,217.0,6.0,11.0,2.0,0,0,0,0,0,0,0,0,0,1,0,0,0,0,0,0,0,0,0,0,0,0,0,0,0,1,0,0,0,0,0,1,1,0,0,0,0,0,0,0,0,1,0,0,0,0,0,0
2025-06-18,0.15137614678899083,0.1,0.1,0.12,6.0,6.53125,0.0,0.0,0.11467889908256881,0.2,0.1,0.12,5.0,8.708333333333334,0.0,0.0,0.09174311926605505,0.0,0.0,0.08,25.0,9.789473684210526,0.0,0.0,0.10550458715596331,0.3,0.35,0.2,4.0,8.318181818181818,0.0,0.0,0.11926605504587157,0.1,0.15,0.14,1.0,8.52,0.0,1.0,0.0779816513761468,0.1,0.1,0.1,1.0,13.25,0.0,1.0,0.13302752293577982,0.1,0.25,0.18,3.0,6.785714285714286,0.0,0.0,0.10091743119266056,0.2,0.25,0.14,2.0,9.904761904761905,0.0,0.0,0.13761467889908258,0.0,0.0,0.02,23.0,6.448275862068965,0.0,0.0,0.15137614678899083,0.3,0.2,0.16,0.0,6.46875,1.0,1.0,0.11467889908256881,0.1,0.05,0.08,8.0,8.541666666666666,0.0,0.0,0.09174311926605505,0.1,0.05,0.02,1.0,10.947368421052632,0.0,1.0,0.08256880733944955,0.0,0.0,0.06,28.0,10.294117647058824,0.0,0.0,0.0871559633027523,0.1,0.05,0.06,2.0,10.555555555555555,0.0,0.0,0.10550458715596331,0.0,0.0,0.12,21.0,7.954545454545454,0.0,0.0,0.0871559633027523,0.1,0.15,0.1,5.0,11.5,0.0,0.0,0.0871559633027523,0.3,0.15,0.08,2.0,11.833333333333334,0.0,0.0,0.11467889908256881,0.1,0.15,0.16,4.0,8.708333333333334,0.0,0.0,0.11926605504587157,0.1,0.15,0.14,6.0,8.2,0.0,0.0,0.12385321100917432,0.0,0.0,0.14,29.0,7.076923076923077,0.0,0.0,0.11009174311926606,0.2,0.2,0.14,3.0,9.26086956521739,0.0,0.0,0.0871559633027523,0.2,0.1,0.12,7.0,11.222222222222221,0.0,0.0,0.07339449541284404,0.1,0.05,0.08,2.0,12.933333333333334,0.0,0.0,0.09174311926605505,0.1,0.1,0.16,7.0,11.052631578947368,0.0,0.0,0.10091743119266056,0.1,0.1,0.14,9.0,9.904761904761905,0.0,0.0,0.0963302752293578,0.1,0.1,0.08,0.0,10.7,1.0,1.0,0.12844036697247707,0.1,0.15,0.14,8.0,7.62962962962963,0.0,0.0,0.10550458715596331,0.1,0.05,0.12,3.0,9.5,0.0,0.0,0.05504587155963303,0.0,0.0,0.04,45.0,14.363636363636363,0.0,0.0,0.07339449541284404,0.0,0.0,0.02,22.0,12.933333333333334,0.0,0.0,0.09174311926605505,0.1,0.1,0.1,7.0,10.947368421052632,0.0,0.0,0.10091743119266056,0.1,0.05,0.04,0.0,9.952380952380953,1.0,1.0,0.08256880733944955,0.1,0.15,0.1,0.0,12.058823529411764,1.0,1.0,0.12385321100917432,0.2,0.25,0.16,1.0,8.307692307692308,0.0,1.0,0.10550458715596331,0.2,0.15,0.06,3.0,9.681818181818182,0.0,0.0,0.10550458715596331,0.1,0.15,0.1,1.0,9.818181818181818,0.0,1.0,0.0963302752293578,0.1,0.1,0.06,9.0,9.3,0.0,0.0,0.14220183486238533,0.0,0.0,0.04,27.0,6.166666666666667,0.0,0.0,0.0871559633027523,0.0,0.0,0.06,31.0,8.555555555555555,0.0,0.0,0.08256880733944955,0.2,0.1,0.14,3.0,12.117647058823529,0.0,0.0,0.0963302752293578,0.1,0.1,0.1,2.0,10.7,0.0,0.0,0.12385321100917432,0.3,0.25,0.18,0.0,8.038461538461538,1.0,1.0,0.0963302752293578,0.1,0.05,0.14,5.0,10.05,0.0,0.0,0.0871559633027523,0.0,0.1,0.12,14.0,11.222222222222221,0.0,0.0,0.10091743119266056,0.1,0.1,0.08,4.0,9.714285714285714,0.0,0.0,0.13761467889908258,0.0,0.05,0.12,13.0,6.620689655172414,0.0,0.0,0.11467889908256881,0.0,0.1,0.06,12.0,8.541666666666666,0.0,0.0,0.10550458715596331,0.0,0.1,0.08,10.0,9.090909090909092,0.0,0.0,143.0,4.0,32.0,1.0,0.0,3.0,1.0,218.0,6.0,15.0,6.0,0,0,0,1,0,0,0,0,0,0,0,0,0,0,0,0,1,0,0,0,1,0,0,0,0,0,0,1,0,0,1,0,0,0,0,0,0,0,0,0,0,0,0,0,0,0,0,0
2025-06-22,0.1506849315068493,0.1,0.1,0.12,7.0,6.53125,0.0,0.0,0.1141552511415525,0.2,0.1,0.12,6.0,8.708333333333334,0.0,0.0,0.091324200913242,0.0,0.0,0.08,26.0,9.789473684210526,0.0,0.0,0.1095890410958904,0.4,0.35,0.22,0.0,8.173913043478262,1.0,1.0,0.1187214611872146,0.1,0.15,0.14,2.0,8.52,0.0,0.0,0.0776255707762557,0.1,0.1,0.1,2.0,13.25,0.0,0.0,0.1324200913242009,0.1,0.2,0.18,4.0,6.785714285714286,0.0,0.0,0.1004566210045662,0.2,0.2,0.14,3.0,9.904761904761905,0.0,0.0,0.136986301369863,0.0,0.0,0.02,24.0,6.448275862068965,0.0,0.0,0.1506849315068493,0.2,0.2,0.16,1.0,6.46875,0.0,1.0,0.1141552511415525,0.1,0.05,0.08,9.0,8.541666666666666,0.0,0.0,0.091324200913242,0.1,0.05,0.02,2.0,10.947368421052632,0.0,0.0,0.0821917808219178,0.0,0.0,0.06,29.0,10.294117647058824,0.0,0.0,0.0867579908675799,0.1,0.05,0.06,3.0,10.555555555555555,0.0,0.0,0.1050228310502283,0.0,0.0,0.12,22.0,7.954545454545454,0.0,0.0,0.0867579908675799,0.1,0.15,0.1,6.0,11.5,0.0,0.0,0.091324200913242,0.4,0.2,0.1,0.0,11.368421052631579,1.0,1.0,0.1141552511415525,0.1,0.15,0.16,5.0,8.708333333333334,0.0,0.0,0.1187214611872146,0.1,0.1,0.12,7.0,8.2,0.0,0.0,0.1232876712328767,0.0,0.0,0.12,30.0,7.076923076923077,0.0,0.0,0.1141552511415525,0.2,0.25,0.16,0.0,9.041666666666666,1.0,1.0,0.0867579908675799,0.2,0.1,0.12,8.0,11.222222222222221,0.0,0.0,0.0730593607305936,0.1,0.05,0.08,3.0,12.933333333333334,0.0,0.0,0.091324200913242,0.1,0.1,0.16,8.0,11.052631578947368,0.0,0.0,0.1004566210045662,0.0,0.1,0.14,10.0,9.904761904761905,0.0,0.0,0.0958904109589041,0.1,0.1,0.08,1.0,10.7,0.0,1.0,0.1278538812785388,0.1,0.1,0.12,9.0,7.62962962962963,0.0,0.0,0.1095890410958904,0.2,0.1,0.14,0.0,9.26086956521739,1.0,1.0,0.0547945205479452,0.0,0.0,0.04,46.0,14.363636363636363,0.0,0.0,0.0730593607305936,0.0,0.0,0.02,23.0,12.933333333333334,0.0,0.0,0.0958904109589041,0.2,0.15,0.12,0.0,10.8,1.0,1.0,0.1004566210045662,0.1,0.05,0.04,1.0,9.952380952380953,0.0,1.0,0.0821917808219178,0.1,0.15,0.1,1.0,12.058823529411764,0.0,1.0,0.1232876712328767,0.2,0.25,0.16,2.0,8.307692307692308,0.0,0.0,0.1050228310502283,0.2,0.15,0.06,4.0,9.681818181818182,0.0,0.0,0.1050228310502283,0.1,0.15,0.1,2.0,9.818181818181818,0.0,0.0,0.0958904109589041,0.0,0.1,0.06,10.0,9.3,0.0,0.0,0.1415525114155251,0.0,0.0,0.04,28.0,6.166666666666667,0.0,0.0,0.0867579908675799,0.0,0.0,0.04,32.0,8.555555555555555,0.0,0.0,0.0821917808219178,0.2,0.1,0.14,4.0,12.117647058823529,0.0,0.0,0.0958904109589041,0.1,0.1,0.1,3.0,10.7,0.0,0.0,0.1232876712328767,0.2,0.25,0.16,1.0,8.038461538461538,0.0,1.0,0.0958904109589041,0.1,0.05,0.14,6.0,10.05,0.0,0.0,0.0867579908675799,0.0,0.1,0.12,15.0,11.222222222222221,0.0,0.0,0.1004566210045662,0.1,0.1,0.08,5.0,9.714285714285714,0.0,0.0,0.136986301369863,0.0,0.05,0.12,14.0,6.620689655172414,0.0,0.0,0.1141552511415525,0.0,0.1,0.06,13.0,8.541666666666666,0.0,0.0,0.1050228310502283,0.0,0.1,0.08,11.0,9.090909090909092,0.0,0.0,101.0,2.0,27.0,1.0,2.0,2.0,0.0,219.0,6.0,18.0,2.0,0,0,0,0,0,0,0,0,0,0,0,0,0,0,0,0,1,0,0,0,0,0,0,1,0,0,0,0,0,0,1,0,0,0,0,0,1,1,0,0,0,0,0,0,0,0,0,0
2025-06-25,0.15,0.1,0.1,0.12,8.0,6.53125,0.0,0.0,0.11363636363636363,0.2,0.1,0.12,7.0,8.708333333333334,0.0,0.0,0.09090909090909091,0.0,0.0,0.08,27.0,9.789473684210526,0.0,0.0,0.10909090909090909,0.3,0.35,0.22,1.0,8.173913043478262,0.0,1.0,0.11818181818181818,0.1,0.1,0.14,3.0,8.52,0.0,0.0,0.07727272727272727,0.1,0.1,0.1,3.0,13.25,0.0,0.0,0.1318181818181818,0.1,0.15,0.18,5.0,6.785714285714286,0.0,0.0,0.1,0.2,0.2,0.14,4.0,9.904761904761905,0.0,0.0,0.13636363636363635,0.0,0.0,0.02,25.0,6.448275862068965,0.0,0.0,0.15,0.2,0.15,0.16,2.0,6.46875,0.0,0.0,0.11363636363636363,0.0,0.05,0.08,10.0,8.541666666666666,0.0,0.0,0.09090909090909091,0.1,0.05,0.02,3.0,10.947368421052632,0.0,0.0,0.08181818181818182,0.0,0.0,0.04,30.0,10.294117647058824,0.0,0.0,0.08636363636363636,0.1,0.05,0.06,4.0,10.555555555555555,0.0,0.0,0.10454545454545454,0.0,0.0,0.1,23.0,7.954545454545454,0.0,0.0,0.08636363636363636,0.1,0.15,0.1,7.0,11.5,0.0,0.0,0.09545454545454546,0.5,0.25,0.12,0.0,10.85,1.0,1.0,0.11363636363636363,0.1,0.15,0.16,6.0,8.708333333333334,0.0,0.0,0.11818181818181818,0.1,0.1,0.12,8.0,8.2,0.0,0.0,0.12272727272727273,0.0,0.0,0.12,31.0,7.076923076923077,0.0,0.0,0.11363636363636363,0.2,0.2,0.16,1.0,9.041666666666666,0.0,1.0,0.08636363636363636,0.1,0.1,0.1,9.0,11.222222222222221,0.0,0.0,0.07272727272727272,0.1,0.05,0.08,4.0,12.933333333333334,0.0,0.0,0.09545454545454546,0.2,0.15,0.18,0.0,10.95,1.0,1.0,0.1,0.0,0.1,0.14,11.0,9.904761904761905,0.0,0.0,0.09545454545454546,0.1,0.1,0.08,2.0,10.7,0.0,0.0,0.12727272727272726,0.0,0.1,0.12,10.0,7.62962962962963,0.0,0.0,0.10909090909090909,0.2,0.1,0.14,1.0,9.26086956521739,0.0,1.0,0.05454545454545454,0.0,0.0,0.02,47.0,14.363636363636363,0.0,0.0,0.07272727272727272,0.0,0.0,0.02,24.0,12.933333333333334,0.0,0.0,0.1,0.3,0.2,0.14,0.0,10.333333333333334,1.0,1.0,0.1,0.1,0.05,0.04,2.0,9.952380952380953,0.0,0.0,0.08181818181818182,0.1,0.15,0.08,2.0,12.058823529411764,0.0,0.0,0.12272727272727273,0.1,0.2,0.16,3.0,8.307692307692308,0.0,0.0,0.10454545454545454,0.2,0.15,0.06,5.0,9.681818181818182,0.0,0.0,0.10454545454545454,0.1,0.15,0.1,3.0,9.818181818181818,0.0,0.0,0.1,0.1,0.15,0.08,0.0,9.380952380952381,1.0,1.0,0.14545454545454545,0.1,0.05,0.06,0.0,6.903225806451613,1.0,1.0,0.08636363636363636,0.0,0.0,0.04,33.0,8.555555555555555,0.0,0.0,0.08181818181818182,0.2,0.1,0.14,5.0,12.117647058823529,0.0,0.0,0.09545454545454546,0.1,0.1,0.1,4.0,10.7,0.0,0.0,0.12272727272727273,0.2,0.25,0.16,2.0,8.038461538461538,0.0,0.0,0.09545454545454546,0.1,0.05,0.14,7.0,10.05,0.0,0.0,0.08636363636363636,0.0,0.1,0.12,16.0,11.222222222222221,0.0,0.0,0.1,0.1,0.1,0.08,6.0,9.714285714285714,0.0,0.0,0.13636363636363635,0.0,0.05,0.12,15.0,6.620689655172414,0.0,0.0,0.11363636363636363,0.0,0.1,0.06,14.0,8.541666666666666,0.0,0.0,0.10454545454545454,0.0,0.1,0.08,12.0,9.090909090909092,0.0,0.0,147.0,2.0,21.0,0.0,2.0,1.0,2.0,220.0,6.0,22.0,6.0,1,0,0,0,0,0,0,0,0,0,0,0,0,0,0,0,0,0,0,0,0,0,0,0,0,1,0,0,0,1,0,0,0,0,0,0,0,0,0,1,0,0,0,0,0,0,0,1
2025-06-29,0.15384615384615385,0.2,0.15,0.14,0.0,6.606060606060606,1.0,1.0,0.11312217194570136,0.2,0.1,0.12,8.0,8.708333333333334,0.0,0.0,0.09049773755656108,0.0,0.0,0.08,28.0,9.789473684210526,0.0,0.0,0.1085972850678733,0.3,0.35,0.22,2.0,8.173913043478262,0.0,0.0,0.11764705882352941,0.1,0.1,0.12,4.0,8.52,0.0,0.0,0.07692307692307693,0.1,0.1,0.1,4.0,13.25,0.0,0.0,0.13122171945701358,0.1,0.15,0.18,6.0,6.785714285714286,0.0,0.0,0.09954751131221719,0.2,0.2,0.14,5.0,9.904761904761905,0.0,0.0,0.13574660633484162,0.0,0.0,0.02,26.0,6.448275862068965,0.0,0.0,0.1493212669683258,0.1,0.15,0.16,3.0,6.46875,0.0,0.0,0.11312217194570136,0.0,0.05,0.08,11.0,8.541666666666666,0.0,0.0,0.09049773755656108,0.1,0.05,0.02,4.0,10.947368421052632,0.0,0.0,0.08144796380090498,0.0,0.0,0.04,31.0,10.294117647058824,0.0,0.0,0.08597285067873303,0.1,0.05,0.06,5.0,10.555555555555555,0.0,0.0,0.10407239819004525,0.0,0.0,0.1,24.0,7.954545454545454,0.0,0.0,0.08597285067873303,0.1,0.1,0.1,8.0,11.5,0.0,0.0,0.09502262443438914,0.4,0.25,0.12,1.0,10.85,0.0,1.0,0.11312217194570136,0.1,0.15,0.16,7.0,8.708333333333334,0.0,0.0,0.11764705882352941,0.1,0.1,0.12,9.0,8.2,0.0,0.0,0.12217194570135746,0.0,0.0,0.12,32.0,7.076923076923077,0.0,0.0,0.11312217194570136,0.2,0.15,0.16,2.0,9.041666666666666,0.0,0.0,0.08597285067873303,0.0,0.1,0.1,10.0,11.222222222222221,0.0,0.0,0.07239819004524888,0.1,0.05,0.06,5.0,12.933333333333334,0.0,0.0,0.09502262443438914,0.1,0.15,0.18,1.0,10.95,0.0,1.0,0.09954751131221719,0.0,0.1,0.14,12.0,9.904761904761905,0.0,0.0,0.09954751131221719,0.2,0.15,0.1,0.0,10.333333333333334,1.0,1.0,0.12669683257918551,0.0,0.1,0.12,11.0,7.62962962962963,0.0,0.0,0.1085972850678733,0.2,0.1,0.14,2.0,9.26086956521739,0.0,0.0,0.05429864253393665,0.0,0.0,0.02,48.0,14.363636363636363,0.0,0.0,0.07692307692307693,0.1,0.05,0.04,0.0,13.6875,1.0,1.0,0.09954751131221719,0.2,0.15,0.14,1.0,10.333333333333334,0.0,1.0,0.09954751131221719,0.1,0.05,0.02,3.0,9.952380952380953,0.0,0.0,0.08144796380090498,0.1,0.1,0.08,3.0,12.058823529411764,0.0,0.0,0.12217194570135746,0.1,0.2,0.16,4.0,8.307692307692308,0.0,0.0,0.10407239819004525,0.2,0.1,0.06,6.0,9.681818181818182,0.0,0.0,0.10407239819004525,0.1,0.15,0.1,4.0,9.818181818181818,0.0,0.0,0.09954751131221719,0.1,0.15,0.08,1.0,9.380952380952381,0.0,1.0,0.14479638009049775,0.1,0.05,0.06,1.0,6.903225806451613,0.0,1.0,0.08597285067873303,0.0,0.0,0.04,34.0,8.555555555555555,0.0,0.0,0.08597285067873303,0.3,0.15,0.14,0.0,11.777777777777779,1.0,1.0,0.09502262443438914,0.1,0.1,0.1,5.0,10.7,0.0,0.0,0.12217194570135746,0.2,0.25,0.16,3.0,8.038461538461538,0.0,0.0,0.09502262443438914,0.1,0.05,0.14,8.0,10.05,0.0,0.0,0.08597285067873303,0.0,0.1,0.1,17.0,11.222222222222221,0.0,0.0,0.09954751131221719,0.1,0.1,0.08,7.0,9.714285714285714,0.0,0.0,0.13574660633484162,0.0,0.05,0.12,16.0,6.620689655172414,0.0,0.0,0.11312217194570136,0.0,0.1,0.06,15.0,8.541666666666666,0.0,0.0,0.1085972850678733,0.1,0.15,0.1,0.0,9.26086956521739,1.0,1.0,145.0,4.0,47.0,1.0,0.0,2.0,2.0,221.0,6.0,25.0,2.0,1,0,0,1,1,0,0,0,0,0,0,0,0,0,0,0,0,0,0,1,0,0,0,1,0,0,0,0,0,0,0,0,0,0,0,0,0,0,0,0,0,0,0,0,0,0,0,0
2025-07-02,0.15765765765765766,0.2,0.2,0.16,0.0,6.4411764705882355,1.0,1.0,0.11261261261261261,0.1,0.1,0.1,9.0,8.708333333333334,0.0,0.0,0.09009009009009009,0.0,0.0,0.08,29.0,9.789473684210526,0.0,0.0,0.11261261261261261,0.3,0.35,0.24,0.0,7.958333333333333,1.0,1.0,0.12162162162162163,0.2,0.15,0.14,0.0,8.384615384615385,1.0,1.0,0.07657657657657657,0.1,0.1,0.1,5.0,13.25,0.0,0.0,0.13063063063063063,0.1,0.1,0.18,7.0,6.785714285714286,0.0,0.0,0.0990990990990991,0.1,0.15,0.14,6.0,9.904761904761905,0.0,0.0,0.13513513513513514,0.0,0.0,0.02,27.0,6.448275862068965,0.0,0.0,0.14864864864864866,0.1,0.15,0.16,4.0,6.46875,0.0,0.0,0.11261261261261261,0.0,0.05,0.08,12.0,8.541666666666666,0.0,0.0,0.09009009009009009,0.1,0.05,0.02,5.0,10.947368421052632,0.0,0.0,0.08108108108108109,0.0,0.0,0.04,32.0,10.294117647058824,0.0,0.0,0.08558558558558559,0.1,0.05,0.06,6.0,10.555555555555555,0.0,0.0,0.1036036036036036,0.0,0.0,0.1,25.0,7.954545454545454,0.0,0.0,0.08558558558558559,0.1,0.1,0.1,9.0,11.5,0.0,0.0,0.0945945945945946,0.4,0.25,0.12,2.0,10.85,0.0,0.0,0.11261261261261261,0.1,0.15,0.16,8.0,8.708333333333334,0.0,0.0,0.11711711711711711,0.0,0.1,0.12,10.0,8.2,0.0,0.0,0.12612612612612611,0.1,0.05,0.14,0.0,8.037037037037036,1.0,1.0,0.11261261261261261,0.2,0.15,0.16,3.0,9.041666666666666,0.0,0.0,0.08558558558558559,0.0,0.1,0.1,11.0,11.222222222222221,0.0,0.0,0.07207207207207207,0.1,0.05,0.06,6.0,12.933333333333334,0.0,0.0,0.0990990990990991,0.2,0.2,0.18,0.0,10.523809523809524,1.0,1.0,0.0990990990990991,0.0,0.1,0.12,13.0,9.904761904761905,0.0,0.0,0.0990990990990991,0.2,0.15,0.1,1.0,10.333333333333334,0.0,1.0,0.12612612612612611,0.0,0.1,0.12,12.0,7.62962962962963,0.0,0.0,0.10810810810810811,0.2,0.1,0.14,3.0,9.26086956521739,0.0,0.0,0.05405405405405406,0.0,0.0,0.02,49.0,14.363636363636363,0.0,0.0,0.07657657657657657,0.1,0.05,0.04,1.0,13.6875,0.0,1.0,0.0990990990990991,0.2,0.15,0.14,2.0,10.333333333333334,0.0,0.0,0.0990990990990991,0.1,0.05,0.02,4.0,9.952380952380953,0.0,0.0,0.08108108108108109,0.1,0.1,0.08,4.0,12.058823529411764,0.0,0.0,0.12162162162162163,0.1,0.2,0.16,5.0,8.307692307692308,0.0,0.0,0.1036036036036036,0.2,0.1,0.06,7.0,9.681818181818182,0.0,0.0,0.1036036036036036,0.1,0.15,0.1,5.0,9.818181818181818,0.0,0.0,0.0990990990990991,0.1,0.15,0.08,2.0,9.380952380952381,0.0,0.0,0.14414414414414414,0.1,0.05,0.06,2.0,6.903225806451613,0.0,0.0,0.08558558558558559,0.0,0.0,0.04,35.0,8.555555555555555,0.0,0.0,0.08558558558558559,0.3,0.15,0.14,1.0,11.777777777777779,0.0,1.0,0.0945945945945946,0.1,0.1,0.08,6.0,10.7,0.0,0.0,0.12162162162162163,0.2,0.2,0.16,4.0,8.038461538461538,0.0,0.0,0.0945945945945946,0.1,0.05,0.14,9.0,10.05,0.0,0.0,0.08558558558558559,0.0,0.1,0.1,18.0,11.222222222222221,0.0,0.0,0.0990990990990991,0.1,0.1,0.08,8.0,9.714285714285714,0.0,0.0,0.13513513513513514,0.0,0.05,0.1,17.0,6.620689655172414,0.0,0.0,0.11261261261261261,0.0,0.05,0.06,16.0,8.541666666666666,0.0,0.0,0.10810810810810811,0.1,0.15,0.1,1.0,9.26086956521739,0.0,1.0,54.0,3.0,23.0,3.0,2.0,0.0,0.0,222.0,6.0,29.0,6.0,0,0,1,0,0,0,0,0,0,0,0,0,1,0,0,0,0,0,0,0,0,0,0,0,0,0,0,0,1,0,0,0,0,0,0,1,0,0,0,0,1,0,0,0,0,0,0,0
2025-07-06,0.15695067264573992,0.2,0.2,0.16,1.0,6.4411764705882355,0.0,1.0,0.11210762331838565,0.0,0.1,0.08,10.0,8.708333333333334,0.0,0.0,0.09417040358744394,0.1,0.05,0.1,0.0,10.8,1.0,1.0,0.11210762331838565,0.3,0.35,0.24,1.0,7.958333333333333,0.0,1.0,0.1210762331838565,0.2,0.15,0.14,1.0,8.384615384615385,0.0,1.0,0.07623318385650224,0.1,0.1,0.08,6.0,13.25,0.0,0.0,0.13004484304932734,0.1,0.1,0.18,8.0,6.785714285714286,0.0,0.0,0.09865470852017937,0.1,0.15,0.14,7.0,9.904761904761905,0.0,0.0,0.13452914798206278,0.0,0.0,0.02,28.0,6.448275862068965,0.0,0.0,0.14798206278026907,0.1,0.15,0.16,5.0,6.46875,0.0,0.0,0.11210762331838565,0.0,0.05,0.08,13.0,8.541666666666666,0.0,0.0,0.08968609865470852,0.1,0.05,0.02,6.0,10.947368421052632,0.0,0.0,0.08520179372197309,0.1,0.05,0.06,0.0,11.555555555555555,1.0,1.0,0.08520179372197309,0.1,0.05,0.06,7.0,10.555555555555555,0.0,0.0,0.1031390134529148,0.0,0.0,0.1,26.0,7.954545454545454,0.0,0.0,0.08520179372197309,0.0,0.1,0.1,10.0,11.5,0.0,0.0,0.09417040358744394,0.3,0.25,0.12,3.0,10.85,0.0,0.0,0.11210762331838565,0.1,0.15,0.16,9.0,8.708333333333334,0.0,0.0,0.11659192825112108,0.0,0.1,0.12,11.0,8.2,0.0,0.0,0.12556053811659193,0.1,0.05,0.12,1.0,8.037037037037036,0.0,1.0,0.11210762331838565,0.2,0.15,0.16,4.0,9.041666666666666,0.0,0.0,0.08520179372197309,0.0,0.1,0.1,12.0,11.222222222222221,0.0,0.0,0.07174887892376682,0.1,0.05,0.06,7.0,12.933333333333334,0.0,0.0,0.09865470852017937,0.2,0.15,0.18,1.0,10.523809523809524,0.0,1.0,0.09865470852017937,0.0,0.1,0.12,14.0,9.904761904761905,0.0,0.0,0.09865470852017937,0.2,0.15,0.1,2.0,10.333333333333334,0.0,0.0,0.12556053811659193,0.0,0.05,0.12,13.0,7.62962962962963,0.0,0.0,0.10762331838565023,0.2,0.1,0.14,4.0,9.26086956521739,0.0,0.0,0.05829596412556054,0.1,0.05,0.02,0.0,17.333333333333332,1.0,1.0,0.07623318385650224,0.1,0.05,0.04,2.0,13.6875,0.0,0.0,0.09865470852017937,0.2,0.15,0.12,3.0,10.333333333333334,0.0,0.0,0.09865470852017937,0.1,0.05,0.02,5.0,9.952380952380953,0.0,0.0,0.08071748878923767,0.1,0.1,0.08,5.0,12.058823529411764,0.0,0.0,0.1210762331838565,0.1,0.15,0.16,6.0,8.307692307692308,0.0,0.0,0.1031390134529148,0.2,0.1,0.06,8.0,9.681818181818182,0.0,0.0,0.10762331838565023,0.2,0.2,0.12,0.0,9.652173913043478,1.0,1.0,0.09865470852017937,0.1,0.15,0.08,3.0,9.380952380952381,0.0,0.0,0.14349775784753363,0.1,0.05,0.06,3.0,6.903225806451613,0.0,0.0,0.08520179372197309,0.0,0.0,0.04,36.0,8.555555555555555,0.0,0.0,0.08520179372197309,0.3,0.15,0.14,2.0,11.777777777777779,0.0,0.0,0.09865470852017937,0.2,0.1,0.1,0.0,10.523809523809524,1.0,1.0,0.1210762331838565,0.1,0.2,0.16,5.0,8.038461538461538,0.0,0.0,0.09417040358744394,0.0,0.05,0.14,10.0,10.05,0.0,0.0,0.08520179372197309,0.0,0.05,0.1,19.0,11.222222222222221,0.0,0.0,0.09865470852017937,0.1,0.1,0.08,9.0,9.714285714285714,0.0,0.0,0.13452914798206278,0.0,0.05,0.1,18.0,6.620689655172414,0.0,0.0,0.11210762331838565,0.0,0.05,0.06,17.0,8.541666666666666,0.0,0.0,0.10762331838565023,0.1,0.15,0.1,2.0,9.26086956521739,0.0,0.0,122.0,1.0,38.0,1.0,1.0,2.0,1.0,223.0,7.0,2.0,2.0,0,0,0,0,0,0,0,0,0,0,0,0,0,0,0,0,0,0,0,1,0,0,1,1,0,0,0,0,0,0,0,0,0,0,0,0,0,0,1,0,0,1,0,0,0,0,0,0
2025-07-09,0.15625,0.2,0.2,0.16,2.0,6.4411764705882355,0.0,0.0,0.11160714285714286,0.0,0.1,0.08,11.0,8.708333333333334,0.0,0.0,0.09375,0.1,0.05,0.08,1.0,10.8,0.0,1.0,0.11160714285714286,0.2,0.35,0.24,2.0,7.958333333333333,0.0,0.0,0.12053571428571429,0.2,0.1,0.14,2.0,8.384615384615385,0.0,0.0,0.07589285714285714,0.1,0.05,0.08,7.0,13.25,0.0,0.0,0.12946428571428573,0.1,0.1,0.18,9.0,6.785714285714286,0.0,0.0,0.09821428571428571,0.1,0.15,0.14,8.0,9.904761904761905,0.0,0.0,0.13392857142857142,0.0,0.0,0.02,29.0,6.448275862068965,0.0,0.0,0.14732142857142858,0.1,0.15,0.14,6.0,6.46875,0.0,0.0,0.11160714285714286,0.0,0.05,0.08,14.0,8.541666666666666,0.0,0.0,0.08928571428571429,0.1,0.05,0.02,7.0,10.947368421052632,0.0,0.0,0.08482142857142858,0.1,0.05,0.06,1.0,11.555555555555555,0.0,1.0,0.08482142857142858,0.1,0.05,0.06,8.0,10.555555555555555,0.0,0.0,0.10267857142857142,0.0,0.0,0.1,27.0,7.954545454545454,0.0,0.0,0.08482142857142858,0.0,0.1,0.08,11.0,11.5,0.0,0.0,0.09375,0.3,0.25,0.12,4.0,10.85,0.0,0.0,0.11160714285714286,0.0,0.15,0.16,10.0,8.708333333333334,0.0,0.0,0.11607142857142858,0.0,0.1,0.12,12.0,8.2,0.0,0.0,0.12946428571428573,0.2,0.1,0.14,0.0,7.821428571428571,1.0,1.0,0.11160714285714286,0.2,0.15,0.16,5.0,9.041666666666666,0.0,0.0,0.08482142857142858,0.0,0.1,0.1,13.0,11.222222222222221,0.0,0.0,0.07589285714285714,0.2,0.1,0.08,0.0,12.625,1.0,1.0,0.10267857142857142,0.3,0.2,0.2,0.0,10.136363636363637,1.0,1.0,0.09821428571428571,0.0,0.1,0.1,15.0,9.904761904761905,0.0,0.0,0.09821428571428571,0.2,0.15,0.1,3.0,10.333333333333334,0.0,0.0,0.125,0.0,0.05,0.12,14.0,7.62962962962963,0.0,0.0,0.10714285714285714,0.2,0.1,0.14,5.0,9.26086956521739,0.0,0.0,0.05803571428571429,0.1,0.05,0.02,1.0,17.333333333333332,0.0,1.0,0.07589285714285714,0.1,0.05,0.04,3.0,13.6875,0.0,0.0,0.09821428571428571,0.2,0.15,0.12,4.0,10.333333333333334,0.0,0.0,0.09821428571428571,0.1,0.05,0.02,6.0,9.952380952380953,0.0,0.0,0.08035714285714286,0.1,0.1,0.08,6.0,12.058823529411764,0.0,0.0,0.12053571428571429,0.1,0.1,0.16,7.0,8.307692307692308,0.0,0.0,0.10267857142857142,0.1,0.1,0.06,9.0,9.681818181818182,0.0,0.0,0.10714285714285714,0.2,0.2,0.12,1.0,9.652173913043478,0.0,1.0,0.09821428571428571,0.1,0.15,0.08,4.0,9.380952380952381,0.0,0.0,0.14285714285714285,0.1,0.05,0.06,4.0,6.903225806451613,0.0,0.0,0.08928571428571429,0.1,0.05,0.06,0.0,10.052631578947368,1.0,1.0,0.08482142857142858,0.2,0.15,0.14,3.0,11.777777777777779,0.0,0.0,0.09821428571428571,0.2,0.1,0.1,1.0,10.523809523809524,0.0,1.0,0.125,0.2,0.25,0.18,0.0,7.962962962962963,1.0,1.0,0.09375,0.0,0.05,0.12,11.0,10.05,0.0,0.0,0.08482142857142858,0.0,0.0,0.1,20.0,11.222222222222221,0.0,0.0,0.09821428571428571,0.0,0.1,0.08,10.0,9.714285714285714,0.0,0.0,0.13392857142857142,0.0,0.05,0.1,19.0,6.620689655172414,0.0,0.0,0.11160714285714286,0.0,0.05,0.06,18.0,8.541666666666666,0.0,0.0,0.10714285714285714,0.1,0.1,0.1,3.0,9.26086956521739,0.0,0.0,148.0,3.0,22.0,0.0,3.0,0.0,2.0,224.0,7.0,6.0,6.0,0,0,0,0,0,0,0,0,0,0,0,0,0,0,0,0,0,0,0,0,0,1,0,0,1,0,0,1,0,0,0,0,0,1,1,0,0,0,0,0,0,0,0,0,0,0,0,0
2025-07-13,0.15555555555555556,0.2,0.2,0.16,3.0,6.4411764705882355,0.0,0.0,0.1111111111111111,0.0,0.1,0.08,12.0,8.708333333333334,0.0,0.0,0.09333333333333334,0.1,0.05,0.08,2.0,10.8,0.0,0.0,0.1111111111111111,0.2,0.35,0.24,3.0,7.958333333333333,0.0,0.0,0.12,0.2,0.1,0.14,3.0,8.384615384615385,0.0,0.0,0.07555555555555556,0.1,0.05,0.08,8.0,13.25,0.0,0.0,0.1288888888888889,0.0,0.1,0.18,10.0,6.785714285714286,0.0,0.0,0.09777777777777778,0.1,0.15,0.14,9.0,9.904761904761905,0.0,0.0,0.13333333333333333,0.0,0.0,0.02,30.0,6.448275862068965,0.0,0.0,0.14666666666666667,0.1,0.15,0.14,7.0,6.46875,0.0,0.0,0.1111111111111111,0.0,0.05,0.06,15.0,8.541666666666666,0.0,0.0,0.08888888888888889,0.1,0.05,0.02,8.0,10.947368421052632,0.0,0.0,0.08444444444444445,0.1,0.05,0.06,2.0,11.555555555555555,0.0,0.0,0.08444444444444445,0.1,0.05,0.06,9.0,10.555555555555555,0.0,0.0,0.10222222222222223,0.0,0.0,0.1,28.0,7.954545454545454,0.0,0.0,0.08444444444444445,0.0,0.1,0.06,12.0,11.5,0.0,0.0,0.09333333333333334,0.3,0.25,0.12,5.0,10.85,0.0,0.0,0.1111111111111111,0.0,0.1,0.16,11.0,8.708333333333334,0.0,0.0,0.11555555555555555,0.0,0.1,0.12,13.0,8.2,0.0,0.0,0.1288888888888889,0.2,0.1,0.12,1.0,7.821428571428571,0.0,1.0,0.1111111111111111,0.1,0.15,0.16,6.0,9.041666666666666,0.0,0.0,0.08888888888888889,0.1,0.15,0.12,0.0,11.368421052631579,1.0,1.0,0.07555555555555556,0.2,0.1,0.08,1.0,12.625,0.0,1.0,0.10222222222222223,0.3,0.2,0.18,1.0,10.136363636363637,0.0,1.0,0.10222222222222223,0.1,0.15,0.12,0.0,10.181818181818182,1.0,1.0,0.09777777777777778,0.2,0.15,0.1,4.0,10.333333333333334,0.0,0.0,0.12444444444444444,0.0,0.05,0.12,15.0,7.62962962962963,0.0,0.0,0.1111111111111111,0.2,0.15,0.16,0.0,9.125,1.0,1.0,0.057777777777777775,0.1,0.05,0.02,2.0,17.333333333333332,0.0,0.0,0.07555555555555556,0.1,0.05,0.04,4.0,13.6875,0.0,0.0,0.09777777777777778,0.2,0.15,0.12,5.0,10.333333333333334,0.0,0.0,0.09777777777777778,0.1,0.05,0.02,7.0,9.952380952380953,0.0,0.0,0.08,0.1,0.05,0.08,7.0,12.058823529411764,0.0,0.0,0.12444444444444444,0.2,0.15,0.18,0.0,8.296296296296296,1.0,1.0,0.10666666666666667,0.1,0.15,0.08,0.0,9.695652173913043,1.0,1.0,0.10666666666666667,0.2,0.15,0.12,2.0,9.652173913043478,0.0,0.0,0.09777777777777778,0.1,0.1,0.08,5.0,9.380952380952381,0.0,0.0,0.14222222222222222,0.1,0.05,0.06,5.0,6.903225806451613,0.0,0.0,0.08888888888888889,0.1,0.05,0.06,1.0,10.052631578947368,0.0,1.0,0.08444444444444445,0.1,0.15,0.14,4.0,11.777777777777779,0.0,0.0,0.09777777777777778,0.2,0.1,0.1,2.0,10.523809523809524,0.0,0.0,0.12444444444444444,0.2,0.25,0.18,1.0,7.962962962962963,0.0,1.0,0.09333333333333334,0.0,0.05,0.12,12.0,10.05,0.0,0.0,0.08444444444444445,0.0,0.0,0.1,21.0,11.222222222222221,0.0,0.0,0.09777777777777778,0.0,0.1,0.08,11.0,9.714285714285714,0.0,0.0,0.13333333333333333,0.0,0.0,0.08,20.0,6.620689655172414,0.0,0.0,0.1111111111111111,0.0,0.05,0.06,19.0,8.541666666666666,0.0,0.0,0.10666666666666667,0.1,0.1,0.1,4.0,9.26086956521739,0.0,0.0,144.0,3.0,13.0,0.0,1.0,4.0,0.0,225.0,7.0,9.0,2.0,0,0,0,0,0,0,0,0,0,0,0,1,1,0,0,0,0,0,0,0,0,0,1,0,0,0,0,0,1,0,0,1,0,0,0,0,0,0,0,0,0,0,0,0,0,0,0,0
2025-07-16,0.15486725663716813,0.2,0.2,0.14,4.0,6.4411764705882355,0.0,0.0,0.11061946902654868,0.0,0.1,0.08,13.0,8.708333333333334,0.0,0.0,0.09292035398230089,0.1,0.05,0.08,3.0,10.8,0.0,0.0,0.11061946902654868,0.2,0.3,0.22,4.0,7.958333333333333,0.0,0.0,0.11946902654867257,0.2,0.1,0.14,4.0,8.384615384615385,0.0,0.0,0.0752212389380531,0.1,0.05,0.08,9.0,13.25,0.0,0.0,0.12831858407079647,0.0,0.05,0.18,11.0,6.785714285714286,0.0,0.0,0.09734513274336283,0.0,0.15,0.14,10.0,9.904761904761905,0.0,0.0,0.13274336283185842,0.0,0.0,0.02,31.0,6.448275862068965,0.0,0.0,0.14601769911504425,0.1,0.15,0.14,8.0,6.46875,0.0,0.0,0.11061946902654868,0.0,0.05,0.06,16.0,8.541666666666666,0.0,0.0,0.09292035398230089,0.2,0.1,0.04,0.0,10.85,1.0,1.0,0.08849557522123894,0.2,0.1,0.06,0.0,11.105263157894736,1.0,1.0,0.084070796460177,0.0,0.05,0.04,10.0,10.555555555555555,0.0,0.0,0.10176991150442478,0.0,0.0,0.1,29.0,7.954545454545454,0.0,0.0,0.084070796460177,0.0,0.1,0.06,13.0,11.5,0.0,0.0,0.09292035398230089,0.2,0.25,0.12,6.0,10.85,0.0,0.0,0.11061946902654868,0.0,0.1,0.16,12.0,8.708333333333334,0.0,0.0,0.11504424778761062,0.0,0.1,0.12,14.0,8.2,0.0,0.0,0.12831858407079647,0.2,0.1,0.12,2.0,7.821428571428571,0.0,0.0,0.11061946902654868,0.1,0.15,0.16,7.0,9.041666666666666,0.0,0.0,0.08849557522123894,0.1,0.15,0.12,1.0,11.368421052631579,0.0,1.0,0.07964601769911504,0.2,0.15,0.1,0.0,12.0,1.0,1.0,0.10176991150442478,0.3,0.2,0.18,2.0,10.136363636363637,0.0,0.0,0.10176991150442478,0.1,0.1,0.12,1.0,10.181818181818182,0.0,1.0,0.09734513274336283,0.2,0.15,0.08,5.0,10.333333333333334,0.0,0.0,0.12389380530973451,0.0,0.05,0.12,16.0,7.62962962962963,0.0,0.0,0.11061946902654868,0.2,0.15,0.16,1.0,9.125,0.0,1.0,0.061946902654867256,0.2,0.1,0.04,0.0,16.23076923076923,1.0,1.0,0.0752212389380531,0.1,0.05,0.04,5.0,13.6875,0.0,0.0,0.09734513274336283,0.2,0.15,0.12,6.0,10.333333333333334,0.0,0.0,0.10176991150442478,0.2,0.1,0.04,0.0,9.863636363636363,1.0,1.0,0.07964601769911504,0.1,0.05,0.08,8.0,12.058823529411764,0.0,0.0,0.12389380530973451,0.2,0.15,0.18,1.0,8.296296296296296,0.0,1.0,0.10619469026548672,0.1,0.15,0.08,1.0,9.695652173913043,0.0,1.0,0.10619469026548672,0.2,0.15,0.12,3.0,9.652173913043478,0.0,0.0,0.09734513274336283,0.1,0.1,0.08,6.0,9.380952380952381,0.0,0.0,0.1415929203539823,0.1,0.05,0.06,6.0,6.903225806451613,0.0,0.0,0.08849557522123894,0.1,0.05,0.06,2.0,10.052631578947368,0.0,0.0,0.084070796460177,0.1,0.15,0.14,5.0,11.777777777777779,0.0,0.0,0.09734513274336283,0.1,0.1,0.1,3.0,10.523809523809524,0.0,0.0,0.12389380530973451,0.2,0.25,0.18,2.0,7.962962962962963,0.0,0.0,0.09292035398230089,0.0,0.05,0.12,13.0,10.05,0.0,0.0,0.084070796460177,0.0,0.0,0.1,22.0,11.222222222222221,0.0,0.0,0.09734513274336283,0.0,0.05,0.08,12.0,9.714285714285714,0.0,0.0,0.13274336283185842,0.0,0.0,0.08,21.0,6.620689655172414,0.0,0.0,0.11061946902654868,0.0,0.0,0.06,20.0,8.541666666666666,0.0,0.0,0.10619469026548672,0.1,0.1,0.1,5.0,9.26086956521739,0.0,0.0,109.0,2.0,20.0,1.0,2.0,2.0,0.0,226.0,7.0,13.0,6.0,0,0,1,0,0,0,1,0,0,0,0,1,1,0,0,0,0,0,0,0,0,0,0,0,0,0,0,0,1,0,0,0,0,0,0,0,0,0,0,0,0,0,0,0,0,0,0,0
2025-07-20,0.15418502202643172,0.2,0.15,0.14,5.0,6.4411764705882355,0.0,0.0,0.11013215859030837,0.0,0.1,0.08,14.0,8.708333333333334,0.0,0.0,0.09691629955947137,0.2,0.1,0.1,0.0,10.476190476190476,1.0,1.0,0.11013215859030837,0.2,0.3,0.22,5.0,7.958333333333333,0.0,0.0,0.11894273127753303,0.1,0.1,0.14,5.0,8.384615384615385,0.0,0.0,0.07488986784140969,0.0,0.05,0.08,10.0,13.25,0.0,0.0,0.13215859030837004,0.1,0.1,0.2,0.0,6.9655172413793105,1.0,1.0,0.09691629955947137,0.0,0.15,0.14,11.0,9.904761904761905,0.0,0.0,0.13215859030837004,0.0,0.0,0.02,32.0,6.448275862068965,0.0,0.0,0.14537444933920704,0.1,0.15,0.14,9.0,6.46875,0.0,0.0,0.11013215859030837,0.0,0.05,0.04,17.0,8.541666666666666,0.0,0.0,0.09691629955947137,0.2,0.15,0.06,0.0,10.380952380952381,1.0,1.0,0.09251101321585903,0.3,0.15,0.08,0.0,10.6,1.0,1.0,0.08370044052863436,0.0,0.05,0.04,11.0,10.555555555555555,0.0,0.0,0.1013215859030837,0.0,0.0,0.1,30.0,7.954545454545454,0.0,0.0,0.08370044052863436,0.0,0.05,0.06,14.0,11.5,0.0,0.0,0.09251101321585903,0.2,0.25,0.12,7.0,10.85,0.0,0.0,0.11013215859030837,0.0,0.05,0.16,13.0,8.708333333333334,0.0,0.0,0.1145374449339207,0.0,0.05,0.12,15.0,8.2,0.0,0.0,0.1277533039647577,0.2,0.1,0.12,3.0,7.821428571428571,0.0,0.0,0.11013215859030837,0.1,0.15,0.14,8.0,9.041666666666666,0.0,0.0,0.0881057268722467,0.1,0.15,0.12,2.0,11.368421052631579,0.0,0.0,0.07929515418502203,0.2,0.15,0.1,1.0,12.0,0.0,1.0,0.1013215859030837,0.3,0.2,0.18,3.0,10.136363636363637,0.0,0.0,0.1013215859030837,0.1,0.1,0.12,2.0,10.181818181818182,0.0,0.0,0.09691629955947137,0.2,0.15,0.08,6.0,10.333333333333334,0.0,0.0,0.12334801762114538,0.0,0.05,0.12,17.0,7.62962962962963,0.0,0.0,0.11013215859030837,0.2,0.15,0.16,2.0,9.125,0.0,0.0,0.06607929515418502,0.3,0.15,0.06,0.0,15.142857142857142,1.0,1.0,0.07488986784140969,0.1,0.05,0.04,6.0,13.6875,0.0,0.0,0.09691629955947137,0.2,0.15,0.12,7.0,10.333333333333334,0.0,0.0,0.1013215859030837,0.2,0.1,0.04,1.0,9.863636363636363,0.0,1.0,0.07929515418502203,0.1,0.05,0.08,9.0,12.058823529411764,0.0,0.0,0.12334801762114538,0.1,0.15,0.18,2.0,8.296296296296296,0.0,0.0,0.10572687224669604,0.1,0.15,0.08,2.0,9.695652173913043,0.0,0.0,0.10572687224669604,0.1,0.1,0.1,4.0,9.652173913043478,0.0,0.0,0.09691629955947137,0.1,0.1,0.08,7.0,9.380952380952381,0.0,0.0,0.14096916299559473,0.1,0.05,0.04,7.0,6.903225806451613,0.0,0.0,0.0881057268722467,0.1,0.05,0.06,3.0,10.052631578947368,0.0,0.0,0.08370044052863436,0.1,0.15,0.14,6.0,11.777777777777779,0.0,0.0,0.09691629955947137,0.1,0.1,0.1,4.0,10.523809523809524,0.0,0.0,0.12334801762114538,0.2,0.25,0.18,3.0,7.962962962962963,0.0,0.0,0.09251101321585903,0.0,0.05,0.12,14.0,10.05,0.0,0.0,0.08370044052863436,0.0,0.0,0.08,23.0,11.222222222222221,0.0,0.0,0.09691629955947137,0.0,0.05,0.08,13.0,9.714285714285714,0.0,0.0,0.13215859030837004,0.0,0.0,0.08,22.0,6.620689655172414,0.0,0.0,0.11013215859030837,0.0,0.0,0.06,21.0,8.541666666666666,0.0,0.0,0.10572687224669604,0.1,0.1,0.1,6.0,9.26086956521739,0.0,0.0,64.0,1.0,26.0,3.0,1.0,1.0,0.0,227.0,7.0,16.0,2.0,0,0,0,0,0,0,0,0,0,0,0,0,1,0,0,0,0,0,0,0,0,0,0,0,0,0,0,0,0,1,1,0,0,0,0,0,0,0,0,0,0,0,0,0,1,1,0,0
2025-07-23,0.15350877192982457,0.2,0.15,0.14,6.0,6.4411764705882355,0.0,0.0,0.10964912280701754,0.0,0.1,0.08,15.0,8.708333333333334,0.0,0.0,0.09649122807017543,0.2,0.1,0.1,1.0,10.476190476190476,0.0,1.0,0.10964912280701754,0.2,0.25,0.22,6.0,7.958333333333333,0.0,0.0,0.11842105263157894,0.1,0.1,0.14,6.0,8.384615384615385,0.0,0.0,0.07456140350877193,0.0,0.05,0.06,11.0,13.25,0.0,0.0,0.13157894736842105,0.1,0.1,0.18,1.0,6.9655172413793105,0.0,1.0,0.09649122807017543,0.0,0.1,0.14,12.0,9.904761904761905,0.0,0.0,0.13157894736842105,0.0,0.0,0.02,33.0,6.448275862068965,0.0,0.0,0.14473684210526316,0.0,0.15,0.14,10.0,6.46875,0.0,0.0,0.10964912280701754,0.0,0.05,0.04,18.0,8.541666666666666,0.0,0.0,0.09649122807017543,0.2,0.15,0.06,1.0,10.380952380952381,0.0,1.0,0.09649122807017543,0.4,0.2,0.1,0.0,10.142857142857142,1.0,1.0,0.08333333333333333,0.0,0.05,0.04,12.0,10.555555555555555,0.0,0.0,0.10087719298245613,0.0,0.0,0.1,31.0,7.954545454545454,0.0,0.0,0.08333333333333333,0.0,0.05,0.06,15.0,11.5,0.0,0.0,0.09210526315789473,0.2,0.25,0.12,8.0,10.85,0.0,0.0,0.10964912280701754,0.0,0.05,0.16,14.0,8.708333333333334,0.0,0.0,0.11403508771929824,0.0,0.05,0.1,16.0,8.2,0.0,0.0,0.12719298245614036,0.2,0.1,0.1,4.0,7.821428571428571,0.0,0.0,0.10964912280701754,0.1,0.15,0.14,9.0,9.041666666666666,0.0,0.0,0.08771929824561403,0.1,0.15,0.12,3.0,11.368421052631579,0.0,0.0,0.07894736842105263,0.2,0.15,0.1,2.0,12.0,0.0,0.0,0.10087719298245613,0.3,0.2,0.18,4.0,10.136363636363637,0.0,0.0,0.10087719298245613,0.1,0.1,0.12,3.0,10.181818181818182,0.0,0.0,0.09649122807017543,0.1,0.1,0.08,7.0,10.333333333333334,0.0,0.0,0.12280701754385964,0.0,0.05,0.1,18.0,7.62962962962963,0.0,0.0,0.10964912280701754,0.2,0.15,0.16,3.0,9.125,0.0,0.0,0.06578947368421052,0.3,0.15,0.06,1.0,15.142857142857142,0.0,1.0,0.07894736842105263,0.2,0.1,0.06,0.0,13.294117647058824,1.0,1.0,0.10087719298245613,0.3,0.2,0.14,0.0,10.227272727272727,1.0,1.0,0.10087719298245613,0.1,0.1,0.04,2.0,9.863636363636363,0.0,0.0,0.07894736842105263,0.0,0.05,0.08,10.0,12.058823529411764,0.0,0.0,0.12280701754385964,0.1,0.15,0.18,3.0,8.296296296296296,0.0,0.0,0.10526315789473684,0.1,0.15,0.08,3.0,9.695652173913043,0.0,0.0,0.10526315789473684,0.1,0.1,0.1,5.0,9.652173913043478,0.0,0.0,0.09649122807017543,0.1,0.1,0.08,8.0,9.380952380952381,0.0,0.0,0.14035087719298245,0.1,0.05,0.04,8.0,6.903225806451613,0.0,0.0,0.08771929824561403,0.1,0.05,0.06,4.0,10.052631578947368,0.0,0.0,0.08333333333333333,0.1,0.15,0.14,7.0,11.777777777777779,0.0,0.0,0.09649122807017543,0.1,0.1,0.1,5.0,10.523809523809524,0.0,0.0,0.12280701754385964,0.1,0.2,0.18,4.0,7.962962962962963,0.0,0.0,0.09210526315789473,0.0,0.05,0.12,15.0,10.05,0.0,0.0,0.08333333333333333,0.0,0.0,0.08,24.0,11.222222222222221,0.0,0.0,0.10087719298245613,0.1,0.1,0.1,0.0,9.909090909090908,1.0,1.0,0.13596491228070176,0.1,0.05,0.1,0.0,7.166666666666667,1.0,1.0,0.10964912280701754,0.0,0.0,0.06,22.0,8.541666666666666,0.0,0.0,0.10526315789473684,0.1,0.05,0.1,7.0,9.26086956521739,0.0,0.0,165.0,2.0,33.0,0.0,1.0,2.0,2.0,228.0,7.0,20.0,6.0,1,0,0,0,0,0,0,0,0,0,0,0,0,1,0,0,0,0,0,0,0,0,0,0,0,0,1,0,0,0,0,0,0,0,0,0,0,0,0,1,0,0,0,0,0,1,0,0
2025-07-27,0.1572052401746725,0.3,0.2,0.16,0.0,6.457142857142857,1.0,1.0,0.1091703056768559,0.0,0.1,0.08,16.0,8.708333333333334,0.0,0.0,0.09606986899563319,0.2,0.1,0.1,2.0,10.476190476190476,0.0,0.0,0.1091703056768559,0.1,0.25,0.22,7.0,7.958333333333333,0.0,0.0,0.11790393013100436,0.1,0.1,0.12,7.0,8.384615384615385,0.0,0.0,0.07423580786026202,0.0,0.05,0.06,12.0,13.25,0.0,0.0,0.13100436681222707,0.1,0.1,0.18,2.0,6.9655172413793105,0.0,0.0,0.09606986899563319,0.0,0.1,0.14,13.0,9.904761904761905,0.0,0.0,0.13100436681222707,0.0,0.0,0.02,34.0,6.448275862068965,0.0,0.0,0.14410480349344978,0.0,0.1,0.14,11.0,6.46875,0.0,0.0,0.1091703056768559,0.0,0.05,0.04,19.0,8.541666666666666,0.0,0.0,0.09606986899563319,0.2,0.15,0.06,2.0,10.380952380952381,0.0,0.0,0.09606986899563319,0.4,0.2,0.1,1.0,10.142857142857142,0.0,1.0,0.08733624454148471,0.1,0.1,0.06,0.0,10.68421052631579,1.0,1.0,0.10043668122270742,0.0,0.0,0.1,32.0,7.954545454545454,0.0,0.0,0.08296943231441048,0.0,0.05,0.06,16.0,11.5,0.0,0.0,0.09170305676855896,0.1,0.25,0.12,9.0,10.85,0.0,0.0,0.1091703056768559,0.0,0.05,0.16,15.0,8.708333333333334,0.0,0.0,0.11353711790393013,0.0,0.05,0.1,17.0,8.2,0.0,0.0,0.12663755458515283,0.2,0.1,0.08,5.0,7.821428571428571,0.0,0.0,0.1091703056768559,0.0,0.1,0.14,10.0,9.041666666666666,0.0,0.0,0.08733624454148471,0.1,0.15,0.12,4.0,11.368421052631579,0.0,0.0,0.07860262008733625,0.2,0.15,0.1,3.0,12.0,0.0,0.0,0.10043668122270742,0.3,0.2,0.18,5.0,10.136363636363637,0.0,0.0,0.10043668122270742,0.1,0.05,0.12,4.0,10.181818181818182,0.0,0.0,0.09606986899563319,0.1,0.1,0.08,8.0,10.333333333333334,0.0,0.0,0.12663755458515283,0.1,0.1,0.12,0.0,8.035714285714286,1.0,1.0,0.1091703056768559,0.1,0.15,0.16,4.0,9.125,0.0,0.0,0.06550218340611354,0.3,0.15,0.06,2.0,15.142857142857142,0.0,0.0,0.07860262008733625,0.2,0.1,0.06,1.0,13.294117647058824,0.0,1.0,0.10043668122270742,0.2,0.2,0.14,1.0,10.227272727272727,0.0,1.0,0.10043668122270742,0.1,0.1,0.04,3.0,9.863636363636363,0.0,0.0,0.07860262008733625,0.0,0.05,0.08,11.0,12.058823529411764,0.0,0.0,0.1222707423580786,0.1,0.15,0.18,4.0,8.296296296296296,0.0,0.0,0.10480349344978165,0.1,0.15,0.08,4.0,9.695652173913043,0.0,0.0,0.10480349344978165,0.1,0.1,0.1,6.0,9.652173913043478,0.0,0.0,0.09606986899563319,0.1,0.05,0.06,9.0,9.380952380952381,0.0,0.0,0.13973799126637554,0.1,0.05,0.04,9.0,6.903225806451613,0.0,0.0,0.08733624454148471,0.1,0.05,0.06,5.0,10.052631578947368,0.0,0.0,0.08733624454148471,0.2,0.2,0.16,0.0,11.578947368421053,1.0,1.0,0.09606986899563319,0.1,0.1,0.1,6.0,10.523809523809524,0.0,0.0,0.1222707423580786,0.1,0.15,0.16,5.0,7.962962962962963,0.0,0.0,0.09170305676855896,0.0,0.05,0.12,16.0,10.05,0.0,0.0,0.08296943231441048,0.0,0.0,0.06,25.0,11.222222222222221,0.0,0.0,0.10043668122270742,0.1,0.1,0.1,1.0,9.909090909090908,0.0,1.0,0.13973799126637554,0.2,0.1,0.12,0.0,6.967741935483871,1.0,1.0,0.1091703056768559,0.0,0.0,0.06,23.0,8.541666666666666,0.0,0.0,0.10480349344978165,0.1,0.05,0.1,8.0,9.26086956521739,0.0,0.0,128.0,3.0,45.0,1.0,1.0,1.0,2.0,229.0,7.0,23.0,2.0,0,0,0,0,0,0,1,0,0,0,0,0,0,0,0,0,0,0,0,0,0,0,0,0,1,0,0,0,0,0,0,0,0,0,0,0,0,0,1,1,0,0,0,0,0,1,0,0
2025-07-30,0.1565217391304348,0.3,0.2,0.16,1.0,6.457142857142857,0.0,1.0,0.10869565217391304,0.0,0.1,0.08,17.0,8.708333333333334,0.0,0.0,0.09565217391304348,0.2,0.1,0.1,3.0,10.476190476190476,0.0,0.0,0.10869565217391304,0.1,0.2,0.2,8.0,7.958333333333333,0.0,0.0,0.11739130434782609,0.1,0.1,0.12,8.0,8.384615384615385,0.0,0.0,0.07391304347826087,0.0,0.05,0.06,13.0,13.25,0.0,0.0,0.13478260869565217,0.2,0.15,0.2,0.0,6.833333333333333,1.0,1.0,0.09565217391304348,0.0,0.1,0.14,14.0,9.904761904761905,0.0,0.0,0.13043478260869565,0.0,0.0,0.02,35.0,6.448275862068965,0.0,0.0,0.14347826086956522,0.0,0.1,0.12,12.0,6.46875,0.0,0.0,0.10869565217391304,0.0,0.0,0.04,20.0,8.541666666666666,0.0,0.0,0.09565217391304348,0.2,0.15,0.06,3.0,10.380952380952381,0.0,0.0,0.09565217391304348,0.4,0.2,0.1,2.0,10.142857142857142,0.0,0.0,0.08695652173913043,0.1,0.1,0.06,1.0,10.68421052631579,0.0,1.0,0.1,0.0,0.0,0.08,33.0,7.954545454545454,0.0,0.0,0.08260869565217391,0.0,0.05,0.06,17.0,11.5,0.0,0.0,0.09130434782608696,0.0,0.25,0.12,10.0,10.85,0.0,0.0,0.10869565217391304,0.0,0.05,0.16,16.0,8.708333333333334,0.0,0.0,0.11304347826086956,0.0,0.05,0.08,18.0,8.2,0.0,0.0,0.12608695652173912,0.2,0.1,0.08,6.0,7.821428571428571,0.0,0.0,0.10869565217391304,0.0,0.1,0.14,11.0,9.041666666666666,0.0,0.0,0.08695652173913043,0.1,0.1,0.12,5.0,11.368421052631579,0.0,0.0,0.0782608695652174,0.2,0.15,0.1,4.0,12.0,0.0,0.0,0.1,0.2,0.2,0.16,6.0,10.136363636363637,0.0,0.0,0.10434782608695652,0.2,0.1,0.14,0.0,9.956521739130435,1.0,1.0,0.09565217391304348,0.1,0.1,0.08,9.0,10.333333333333334,0.0,0.0,0.12608695652173912,0.1,0.05,0.12,1.0,8.035714285714286,0.0,1.0,0.10869565217391304,0.1,0.15,0.16,5.0,9.125,0.0,0.0,0.06521739130434782,0.3,0.15,0.06,3.0,15.142857142857142,0.0,0.0,0.0782608695652174,0.2,0.1,0.06,2.0,13.294117647058824,0.0,0.0,0.1,0.1,0.2,0.14,2.0,10.227272727272727,0.0,0.0,0.1,0.1,0.1,0.04,4.0,9.863636363636363,0.0,0.0,0.0782608695652174,0.0,0.05,0.08,12.0,12.058823529411764,0.0,0.0,0.12173913043478261,0.1,0.1,0.18,5.0,8.296296296296296,0.0,0.0,0.10434782608695652,0.1,0.15,0.08,5.0,9.695652173913043,0.0,0.0,0.10434782608695652,0.1,0.1,0.1,7.0,9.652173913043478,0.0,0.0,0.09565217391304348,0.0,0.05,0.06,10.0,9.380952380952381,0.0,0.0,0.1391304347826087,0.0,0.05,0.04,10.0,6.903225806451613,0.0,0.0,0.09130434782608696,0.2,0.1,0.08,0.0,9.85,1.0,1.0,0.09130434782608696,0.3,0.25,0.18,0.0,11.05,1.0,1.0,0.09565217391304348,0.1,0.1,0.1,7.0,10.523809523809524,0.0,0.0,0.12173913043478261,0.1,0.15,0.16,6.0,7.962962962962963,0.0,0.0,0.09130434782608696,0.0,0.05,0.12,17.0,10.05,0.0,0.0,0.08260869565217391,0.0,0.0,0.06,26.0,11.222222222222221,0.0,0.0,0.1,0.1,0.1,0.1,2.0,9.909090909090908,0.0,0.0,0.14347826086956522,0.3,0.15,0.14,0.0,6.78125,1.0,1.0,0.10869565217391304,0.0,0.0,0.06,24.0,8.541666666666666,0.0,0.0,0.10434782608695652,0.1,0.05,0.1,9.0,9.26086956521739,0.0,0.0,157.0,2.0,39.0,1.0,0.0,1.0,3.0,230.0,7.0,27.0,6.0,0,0,0,0,0,0,0,0,0,0,0,0,0,1,0,1,0,0,0,0,0,0,0,1,0,0,0,0,0,0,0,0,1,0,0,1,0,0,0,0,0,0,0,0,0,0,0,0
2025-08-03,0.15584415584415584,0.2,0.2,0.16,2.0,6.457142857142857,0.0,0.0,0.10822510822510822,0.0,0.1,0.08,18.0,8.708333333333334,0.0,0.0,0.09523809523809523,0.2,0.1,0.1,4.0,10.476190476190476,0.0,0.0,0.10822510822510822,0.1,0.2,0.2,9.0,7.958333333333333,0.0,0.0,0.11688311688311688,0.1,0.1,0.12,9.0,8.384615384615385,0.0,0.0,0.0735930735930736,0.0,0.05,0.06,14.0,13.25,0.0,0.0,0.1341991341991342,0.2,0.15,0.2,1.0,6.833333333333333,0.0,1.0,0.09523809523809523,0.0,0.1,0.14,15.0,9.904761904761905,0.0,0.0,0.12987012987012986,0.0,0.0,0.02,36.0,6.448275862068965,0.0,0.0,0.14285714285714285,0.0,0.05,0.12,13.0,6.46875,0.0,0.0,0.10822510822510822,0.0,0.0,0.04,21.0,8.541666666666666,0.0,0.0,0.09523809523809523,0.2,0.15,0.06,4.0,10.380952380952381,0.0,0.0,0.09523809523809523,0.4,0.2,0.1,3.0,10.142857142857142,0.0,0.0,0.09090909090909091,0.2,0.15,0.08,0.0,10.25,1.0,1.0,0.09956709956709957,0.0,0.0,0.06,34.0,7.954545454545454,0.0,0.0,0.08658008658008658,0.1,0.1,0.08,0.0,11.842105263157896,1.0,1.0,0.09090909090909091,0.0,0.2,0.12,11.0,10.85,0.0,0.0,0.10822510822510822,0.0,0.05,0.16,17.0,8.708333333333334,0.0,0.0,0.11255411255411256,0.0,0.05,0.08,19.0,8.2,0.0,0.0,0.12554112554112554,0.2,0.1,0.08,7.0,7.821428571428571,0.0,0.0,0.10822510822510822,0.0,0.1,0.12,12.0,9.041666666666666,0.0,0.0,0.08658008658008658,0.1,0.05,0.12,6.0,11.368421052631579,0.0,0.0,0.07792207792207792,0.2,0.15,0.1,5.0,12.0,0.0,0.0,0.1038961038961039,0.3,0.2,0.18,0.0,10.0,1.0,1.0,0.1038961038961039,0.2,0.1,0.14,1.0,9.956521739130435,0.0,1.0,0.09523809523809523,0.0,0.1,0.08,10.0,10.333333333333334,0.0,0.0,0.12554112554112554,0.1,0.05,0.12,2.0,8.035714285714286,0.0,0.0,0.10822510822510822,0.1,0.15,0.16,6.0,9.125,0.0,0.0,0.06493506493506493,0.3,0.15,0.06,4.0,15.142857142857142,0.0,0.0,0.07792207792207792,0.1,0.1,0.06,3.0,13.294117647058824,0.0,0.0,0.09956709956709957,0.1,0.15,0.14,3.0,10.227272727272727,0.0,0.0,0.09956709956709957,0.1,0.1,0.04,5.0,9.863636363636363,0.0,0.0,0.08225108225108226,0.1,0.1,0.1,0.0,12.11111111111111,1.0,1.0,0.12121212121212122,0.1,0.1,0.18,6.0,8.296296296296296,0.0,0.0,0.1038961038961039,0.1,0.15,0.08,6.0,9.695652173913043,0.0,0.0,0.10822510822510822,0.2,0.15,0.12,0.0,9.583333333333334,1.0,1.0,0.09523809523809523,0.0,0.05,0.06,11.0,9.380952380952381,0.0,0.0,0.13852813852813853,0.0,0.05,0.04,11.0,6.903225806451613,0.0,0.0,0.09090909090909091,0.2,0.1,0.08,1.0,9.85,0.0,1.0,0.09090909090909091,0.2,0.25,0.16,1.0,11.05,0.0,1.0,0.09523809523809523,0.1,0.1,0.1,8.0,10.523809523809524,0.0,0.0,0.12121212121212122,0.1,0.15,0.16,7.0,7.962962962962963,0.0,0.0,0.09090909090909091,0.0,0.05,0.1,18.0,10.05,0.0,0.0,0.08225108225108226,0.0,0.0,0.06,27.0,11.222222222222221,0.0,0.0,0.09956709956709957,0.1,0.1,0.08,3.0,9.909090909090908,0.0,0.0,0.14285714285714285,0.3,0.15,0.14,1.0,6.78125,0.0,1.0,0.10822510822510822,0.0,0.0,0.06,25.0,8.541666666666666,0.0,0.0,0.1038961038961039,0.0,0.05,0.1,10.0,9.26086956521739,0.0,0.0,123.0,4.0,22.0,0.0,3.0,2.0,0.0,231.0,7.0,30.0,2.0,0,0,0,0,0,0,0,0,0,0,0,0,0,0,0,0,0,0,0,0,0,0,0,1,1,0,1,1,0,0,0,0,0,0,0,0,0,0,0,1,0,0,0,0,0,0,0,0
2025-08-06,0.15517241379310345,0.1,0.15,0.14,3.0,6.457142857142857,0.0,0.0,0.10775862068965517,0.0,0.05,0.08,19.0,8.708333333333334,0.0,0.0,0.09482758620689655,0.2,0.1,0.1,5.0,10.476190476190476,0.0,0.0,0.10775862068965517,0.0,0.15,0.2,10.0,7.958333333333333,0.0,0.0,0.11637931034482758,0.0,0.1,0.12,10.0,8.384615384615385,0.0,0.0,0.07327586206896551,0.0,0.05,0.06,15.0,13.25,0.0,0.0,0.1336206896551724,0.2,0.15,0.2,2.0,6.833333333333333,0.0,0.0,0.09482758620689655,0.0,0.05,0.14,16.0,9.904761904761905,0.0,0.0,0.12931034482758622,0.0,0.0,0.02,37.0,6.448275862068965,0.0,0.0,0.14224137931034483,0.0,0.05,0.12,14.0,6.46875,0.0,0.0,0.10775862068965517,0.0,0.0,0.04,22.0,8.541666666666666,0.0,0.0,0.09482758620689655,0.2,0.15,0.06,5.0,10.380952380952381,0.0,0.0,0.09482758620689655,0.4,0.2,0.1,4.0,10.142857142857142,0.0,0.0,0.09051724137931035,0.2,0.15,0.08,1.0,10.25,0.0,1.0,0.09913793103448276,0.0,0.0,0.06,35.0,7.954545454545454,0.0,0.0,0.08620689655172414,0.1,0.1,0.08,1.0,11.842105263157896,0.0,1.0,0.09051724137931035,0.0,0.2,0.12,12.0,10.85,0.0,0.0,0.10775862068965517,0.0,0.05,0.16,18.0,8.708333333333334,0.0,0.0,0.11206896551724138,0.0,0.0,0.08,20.0,8.2,0.0,0.0,0.125,0.1,0.1,0.06,8.0,7.821428571428571,0.0,0.0,0.10775862068965517,0.0,0.1,0.12,13.0,9.041666666666666,0.0,0.0,0.08620689655172414,0.1,0.05,0.12,7.0,11.368421052631579,0.0,0.0,0.07758620689655173,0.2,0.15,0.1,6.0,12.0,0.0,0.0,0.10775862068965517,0.3,0.25,0.2,0.0,9.625,1.0,1.0,0.10775862068965517,0.3,0.15,0.16,0.0,9.625,1.0,1.0,0.09482758620689655,0.0,0.1,0.08,11.0,10.333333333333334,0.0,0.0,0.12931034482758622,0.2,0.1,0.14,0.0,7.862068965517241,1.0,1.0,0.11206896551724138,0.2,0.2,0.16,0.0,9.04,1.0,1.0,0.06465517241379311,0.3,0.15,0.06,5.0,15.142857142857142,0.0,0.0,0.07758620689655173,0.1,0.1,0.06,4.0,13.294117647058824,0.0,0.0,0.09913793103448276,0.1,0.15,0.14,4.0,10.227272727272727,0.0,0.0,0.09913793103448276,0.1,0.1,0.04,6.0,9.863636363636363,0.0,0.0,0.08189655172413793,0.1,0.1,0.1,1.0,12.11111111111111,0.0,1.0,0.1206896551724138,0.1,0.1,0.16,7.0,8.296296296296296,0.0,0.0,0.10344827586206896,0.1,0.15,0.08,7.0,9.695652173913043,0.0,0.0,0.10775862068965517,0.2,0.15,0.12,1.0,9.583333333333334,0.0,1.0,0.09482758620689655,0.0,0.05,0.06,12.0,9.380952380952381,0.0,0.0,0.13793103448275862,0.0,0.05,0.04,12.0,6.903225806451613,0.0,0.0,0.09051724137931035,0.2,0.1,0.08,2.0,9.85,0.0,0.0,0.09482758620689655,0.3,0.3,0.18,0.0,10.619047619047619,1.0,1.0,0.09482758620689655,0.1,0.1,0.1,9.0,10.523809523809524,0.0,0.0,0.1206896551724138,0.1,0.15,0.16,8.0,7.962962962962963,0.0,0.0,0.09051724137931035,0.0,0.05,0.1,19.0,10.05,0.0,0.0,0.08189655172413793,0.0,0.0,0.06,28.0,11.222222222222221,0.0,0.0,0.09913793103448276,0.1,0.1,0.08,4.0,9.909090909090908,0.0,0.0,0.14224137931034483,0.3,0.15,0.14,2.0,6.78125,0.0,0.0,0.10775862068965517,0.0,0.0,0.04,26.0,8.541666666666666,0.0,0.0,0.10344827586206896,0.0,0.05,0.1,11.0,9.26086956521739,0.0,0.0,144.0,3.0,16.0,0.0,1.0,3.0,1.0,232.0,8.0,3.0,6.0,1,0,0,0,0,1,0,0,0,0,1,0,0,0,0,0,0,0,0,0,0,0,0,0,0,0,0,0,0,0,0,0,0,0,0,0,0,0,0,0,1,1,0,0,0,0,0,0
2025-08-10,0.15879828326180256,0.2,0.2,0.16,0.0,6.388888888888889,1.0,1.0,0.1072961373390558,0.0,0.0,0.08,20.0,8.708333333333334,0.0,0.0,0.0944206008583691,0.1,0.1,0.08,6.0,10.476190476190476,0.0,0.0,0.1072961373390558,0.0,0.15,0.2,11.0,7.958333333333333,0.0,0.0,0.11587982832618025,0.0,0.1,0.12,11.0,8.384615384615385,0.0,0.0,0.07725321888412018,0.1,0.1,0.08,0.0,13.411764705882353,1.0,1.0,0.13304721030042918,0.2,0.15,0.2,3.0,6.833333333333333,0.0,0.0,0.0944206008583691,0.0,0.05,0.14,17.0,9.904761904761905,0.0,0.0,0.12875536480686695,0.0,0.0,0.02,38.0,6.448275862068965,0.0,0.0,0.14163090128755365,0.0,0.05,0.12,15.0,6.46875,0.0,0.0,0.11158798283261803,0.1,0.05,0.06,0.0,9.12,1.0,1.0,0.0944206008583691,0.2,0.15,0.06,6.0,10.380952380952381,0.0,0.0,0.0944206008583691,0.3,0.2,0.1,5.0,10.142857142857142,0.0,0.0,0.09012875536480687,0.2,0.15,0.06,2.0,10.25,0.0,0.0,0.09871244635193133,0.0,0.0,0.06,36.0,7.954545454545454,0.0,0.0,0.08583690987124463,0.1,0.05,0.08,2.0,11.842105263157896,0.0,0.0,0.09012875536480687,0.0,0.15,0.12,13.0,10.85,0.0,0.0,0.1072961373390558,0.0,0.05,0.16,19.0,8.708333333333334,0.0,0.0,0.11158798283261803,0.0,0.0,0.08,21.0,8.2,0.0,0.0,0.12446351931330472,0.1,0.1,0.06,9.0,7.821428571428571,0.0,0.0,0.1072961373390558,0.0,0.1,0.12,14.0,9.041666666666666,0.0,0.0,0.08583690987124463,0.1,0.05,0.12,8.0,11.368421052631579,0.0,0.0,0.07725321888412018,0.2,0.15,0.1,7.0,12.0,0.0,0.0,0.1072961373390558,0.3,0.25,0.2,1.0,9.625,0.0,1.0,0.1072961373390558,0.3,0.15,0.16,1.0,9.625,0.0,1.0,0.0944206008583691,0.0,0.1,0.08,12.0,10.333333333333334,0.0,0.0,0.12875536480686695,0.2,0.1,0.14,1.0,7.862068965517241,0.0,1.0,0.11158798283261803,0.2,0.2,0.16,1.0,9.04,0.0,1.0,0.06437768240343347,0.2,0.15,0.06,6.0,15.142857142857142,0.0,0.0,0.07725321888412018,0.1,0.1,0.06,5.0,13.294117647058824,0.0,0.0,0.09871244635193133,0.1,0.15,0.12,5.0,10.227272727272727,0.0,0.0,0.09871244635193133,0.1,0.1,0.04,7.0,9.863636363636363,0.0,0.0,0.0815450643776824,0.1,0.1,0.1,2.0,12.11111111111111,0.0,0.0,0.12017167381974249,0.1,0.1,0.16,8.0,8.296296296296296,0.0,0.0,0.10300429184549356,0.1,0.15,0.08,8.0,9.695652173913043,0.0,0.0,0.1072961373390558,0.1,0.15,0.12,2.0,9.583333333333334,0.0,0.0,0.0944206008583691,0.0,0.05,0.06,13.0,9.380952380952381,0.0,0.0,0.13733905579399142,0.0,0.05,0.04,13.0,6.903225806451613,0.0,0.0,0.09012875536480687,0.2,0.1,0.08,3.0,9.85,0.0,0.0,0.0944206008583691,0.3,0.3,0.18,1.0,10.619047619047619,0.0,1.0,0.09871244635193133,0.1,0.15,0.12,0.0,10.5,1.0,1.0,0.12446351931330472,0.2,0.15,0.16,0.0,8.0,1.0,1.0,0.09012875536480687,0.0,0.0,0.1,20.0,10.05,0.0,0.0,0.0815450643776824,0.0,0.0,0.06,29.0,11.222222222222221,0.0,0.0,0.09871244635193133,0.1,0.1,0.08,5.0,9.909090909090908,0.0,0.0,0.14163090128755365,0.3,0.15,0.14,3.0,6.78125,0.0,0.0,0.1072961373390558,0.0,0.0,0.04,27.0,8.541666666666666,0.0,0.0,0.10300429184549356,0.0,0.05,0.08,12.0,9.26086956521739,0.0,0.0,101.0,2.0,41.0,3.0,0.0,0.0,2.0,233.0,8.0,6.0,2.0,0,1,0,0,0,0,0,0,0,0,0,1,0,0,0,0,0,0,0,1,0,0,0,0,0,0,0,1,0,0,0,1,0,0,0,0,0,0,0,0,0,0,0,0,0,0,0,0
2025-08-13,0.1581196581196581,0.2,0.2,0.14,1.0,6.388888888888889,0.0,1.0,0.1111111111111111,0.1,0.05,0.1,0.0,9.2,1.0,1.0,0.09401709401709402,0.1,0.1,0.08,7.0,10.476190476190476,0.0,0.0,0.10683760683760683,0.0,0.1,0.2,12.0,7.958333333333333,0.0,0.0,0.11538461538461539,0.0,0.1,0.12,12.0,8.384615384615385,0.0,0.0,0.07692307692307693,0.1,0.1,0.08,1.0,13.411764705882353,0.0,1.0,0.13247863247863248,0.2,0.15,0.2,4.0,6.833333333333333,0.0,0.0,0.09401709401709402,0.0,0.05,0.14,18.0,9.904761904761905,0.0,0.0,0.1282051282051282,0.0,0.0,0.02,39.0,6.448275862068965,0.0,0.0,0.14102564102564102,0.0,0.05,0.12,16.0,6.46875,0.0,0.0,0.1111111111111111,0.1,0.05,0.06,1.0,9.12,0.0,1.0,0.09829059829059829,0.3,0.2,0.08,0.0,10.227272727272727,1.0,1.0,0.09401709401709402,0.3,0.2,0.1,6.0,10.142857142857142,0.0,0.0,0.08974358974358974,0.2,0.15,0.06,3.0,10.25,0.0,0.0,0.09829059829059829,0.0,0.0,0.06,37.0,7.954545454545454,0.0,0.0,0.08547008547008547,0.1,0.05,0.08,3.0,11.842105263157896,0.0,0.0,0.08974358974358974,0.0,0.15,0.12,14.0,10.85,0.0,0.0,0.10683760683760683,0.0,0.0,0.16,20.0,8.708333333333334,0.0,0.0,0.1111111111111111,0.0,0.0,0.08,22.0,8.2,0.0,0.0,0.1282051282051282,0.1,0.15,0.08,0.0,7.896551724137931,1.0,1.0,0.10683760683760683,0.0,0.1,0.12,15.0,9.041666666666666,0.0,0.0,0.08547008547008547,0.1,0.05,0.12,9.0,11.368421052631579,0.0,0.0,0.07692307692307693,0.1,0.15,0.1,8.0,12.0,0.0,0.0,0.10683760683760683,0.2,0.25,0.2,2.0,9.625,0.0,0.0,0.10683760683760683,0.3,0.15,0.14,2.0,9.625,0.0,0.0,0.09401709401709402,0.0,0.1,0.08,13.0,10.333333333333334,0.0,0.0,0.1282051282051282,0.2,0.1,0.14,2.0,7.862068965517241,0.0,0.0,0.11538461538461539,0.3,0.25,0.16,0.0,8.76923076923077,1.0,1.0,0.0641025641025641,0.2,0.15,0.06,7.0,15.142857142857142,0.0,0.0,0.07692307692307693,0.1,0.1,0.06,6.0,13.294117647058824,0.0,0.0,0.09829059829059829,0.1,0.15,0.12,6.0,10.227272727272727,0.0,0.0,0.10256410256410256,0.2,0.15,0.06,0.0,9.782608695652174,1.0,1.0,0.0811965811965812,0.1,0.1,0.1,3.0,12.11111111111111,0.0,0.0,0.11965811965811966,0.1,0.1,0.16,9.0,8.296296296296296,0.0,0.0,0.10256410256410256,0.1,0.1,0.08,9.0,9.695652173913043,0.0,0.0,0.10683760683760683,0.1,0.15,0.12,3.0,9.583333333333334,0.0,0.0,0.09401709401709402,0.0,0.05,0.06,14.0,9.380952380952381,0.0,0.0,0.13675213675213677,0.0,0.05,0.04,14.0,6.903225806451613,0.0,0.0,0.08974358974358974,0.1,0.1,0.06,4.0,9.85,0.0,0.0,0.09401709401709402,0.3,0.25,0.18,2.0,10.619047619047619,0.0,0.0,0.09829059829059829,0.1,0.15,0.12,1.0,10.5,0.0,1.0,0.12393162393162394,0.1,0.15,0.16,1.0,8.0,0.0,1.0,0.08974358974358974,0.0,0.0,0.08,21.0,10.05,0.0,0.0,0.0811965811965812,0.0,0.0,0.06,30.0,11.222222222222221,0.0,0.0,0.09829059829059829,0.1,0.05,0.08,6.0,9.909090909090908,0.0,0.0,0.14102564102564102,0.3,0.15,0.14,4.0,6.78125,0.0,0.0,0.10683760683760683,0.0,0.0,0.04,28.0,8.541666666666666,0.0,0.0,0.10256410256410256,0.0,0.05,0.08,13.0,9.26086956521739,0.0,0.0,94.0,5.0,30.0,2.0,1.0,2.0,0.0,234.0,8.0,10.0,6.0,0,0,0,0,0,0,0,0,0,1,0,0,0,0,0,0,0,0,0,1,0,0,0,0,0,0,0,0,0,0,0,0,0,0,1,0,1,0,0,0,0,0,0,0,0,0,1,0
2025-08-17,0.1574468085106383,0.2,0.2,0.14,2.0,6.388888888888889,0.0,0.0,0.11063829787234042,0.1,0.05,0.1,1.0,9.2,0.0,1.0,0.09361702127659574,0.1,0.1,0.08,8.0,10.476190476190476,0.0,0.0,0.10638297872340426,0.0,0.1,0.2,13.0,7.958333333333333,0.0,0.0,0.1148936170212766,0.0,0.1,0.1,13.0,8.384615384615385,0.0,0.0,0.07659574468085106,0.1,0.1,0.08,2.0,13.411764705882353,0.0,0.0,0.13191489361702127,0.2,0.1,0.2,5.0,6.833333333333333,0.0,0.0,0.09361702127659574,0.0,0.05,0.14,19.0,9.904761904761905,0.0,0.0,0.1276595744680851,0.0,0.0,0.02,40.0,6.448275862068965,0.0,0.0,0.14468085106382977,0.1,0.1,0.14,0.0,6.787878787878788,1.0,1.0,0.11063829787234042,0.1,0.05,0.06,2.0,9.12,0.0,0.0,0.09787234042553192,0.3,0.2,0.08,1.0,10.227272727272727,0.0,1.0,0.09361702127659574,0.3,0.2,0.1,7.0,10.142857142857142,0.0,0.0,0.08936170212765958,0.2,0.15,0.06,4.0,10.25,0.0,0.0,0.09787234042553192,0.0,0.0,0.06,38.0,7.954545454545454,0.0,0.0,0.0851063829787234,0.1,0.05,0.08,4.0,11.842105263157896,0.0,0.0,0.08936170212765958,0.0,0.15,0.12,15.0,10.85,0.0,0.0,0.10638297872340426,0.0,0.0,0.14,21.0,8.708333333333334,0.0,0.0,0.11063829787234042,0.0,0.0,0.08,23.0,8.2,0.0,0.0,0.13191489361702127,0.2,0.2,0.1,0.0,7.666666666666667,1.0,1.0,0.10638297872340426,0.0,0.05,0.12,16.0,9.041666666666666,0.0,0.0,0.0851063829787234,0.0,0.05,0.12,10.0,11.368421052631579,0.0,0.0,0.07659574468085106,0.1,0.15,0.1,9.0,12.0,0.0,0.0,0.10638297872340426,0.2,0.25,0.2,3.0,9.625,0.0,0.0,0.10638297872340426,0.2,0.15,0.12,3.0,9.625,0.0,0.0,0.09361702127659574,0.0,0.1,0.08,14.0,10.333333333333334,0.0,0.0,0.1276595744680851,0.2,0.1,0.14,3.0,7.862068965517241,0.0,0.0,0.1148936170212766,0.2,0.2,0.16,1.0,8.76923076923077,0.0,1.0,0.06382978723404255,0.2,0.15,0.06,8.0,15.142857142857142,0.0,0.0,0.07659574468085106,0.1,0.1,0.06,7.0,13.294117647058824,0.0,0.0,0.09787234042553192,0.1,0.15,0.1,7.0,10.227272727272727,0.0,0.0,0.10212765957446808,0.2,0.15,0.06,1.0,9.782608695652174,0.0,1.0,0.08085106382978724,0.1,0.1,0.1,4.0,12.11111111111111,0.0,0.0,0.11914893617021277,0.0,0.1,0.14,10.0,8.296296296296296,0.0,0.0,0.10638297872340426,0.1,0.1,0.1,0.0,9.708333333333334,1.0,1.0,0.10638297872340426,0.1,0.15,0.12,4.0,9.583333333333334,0.0,0.0,0.09787234042553192,0.1,0.1,0.08,0.0,9.636363636363637,1.0,1.0,0.13617021276595745,0.0,0.05,0.04,15.0,6.903225806451613,0.0,0.0,0.08936170212765958,0.1,0.1,0.06,5.0,9.85,0.0,0.0,0.09361702127659574,0.3,0.2,0.18,3.0,10.619047619047619,0.0,0.0,0.09787234042553192,0.1,0.15,0.12,2.0,10.5,0.0,0.0,0.12340425531914893,0.1,0.15,0.16,2.0,8.0,0.0,0.0,0.08936170212765958,0.0,0.0,0.08,22.0,10.05,0.0,0.0,0.08085106382978724,0.0,0.0,0.06,31.0,11.222222222222221,0.0,0.0,0.09787234042553192,0.1,0.05,0.08,7.0,9.909090909090908,0.0,0.0,0.14042553191489363,0.3,0.15,0.14,5.0,6.78125,0.0,0.0,0.11063829787234042,0.1,0.05,0.06,0.0,9.36,1.0,1.0,0.10212765957446808,0.0,0.05,0.08,14.0,9.26086956521739,0.0,0.0,149.0,2.0,37.0,1.0,1.0,1.0,2.0,235.0,8.0,13.0,2.0,0,0,0,0,0,0,0,0,0,0,0,0,0,0,0,0,0,0,0,0,0,1,0,0,0,0,0,0,0,0,1,0,1,0,0,0,0,0,1,0,0,1,0,0,0,0,0,0
2025-08-20,0.15677966101694915,0.2,0.2,0.14,3.0,6.388888888888889,0.0,0.0,0.11016949152542373,0.1,0.05,0.1,2.0,9.2,0.0,0.0,0.09322033898305085,0.1,0.1,0.08,9.0,10.476190476190476,0.0,0.0,0.1059322033898305,0.0,0.1,0.2,14.0,7.958333333333333,0.0,0.0,0.11440677966101695,0.0,0.1,0.1,14.0,8.384615384615385,0.0,0.0,0.07627118644067797,0.1,0.1,0.06,3.0,13.411764705882353,0.0,0.0,0.13135593220338984,0.2,0.1,0.2,6.0,6.833333333333333,0.0,0.0,0.09322033898305085,0.0,0.0,0.14,20.0,9.904761904761905,0.0,0.0,0.1271186440677966,0.0,0.0,0.02,41.0,6.448275862068965,0.0,0.0,0.1440677966101695,0.1,0.1,0.14,1.0,6.787878787878788,0.0,1.0,0.11016949152542373,0.1,0.05,0.06,3.0,9.12,0.0,0.0,0.09745762711864407,0.2,0.2,0.08,2.0,10.227272727272727,0.0,0.0,0.09322033898305085,0.2,0.2,0.1,8.0,10.142857142857142,0.0,0.0,0.08898305084745763,0.2,0.1,0.06,5.0,10.25,0.0,0.0,0.09745762711864407,0.0,0.0,0.06,39.0,7.954545454545454,0.0,0.0,0.0847457627118644,0.1,0.05,0.08,5.0,11.842105263157896,0.0,0.0,0.08898305084745763,0.0,0.1,0.12,16.0,10.85,0.0,0.0,0.1059322033898305,0.0,0.0,0.12,22.0,8.708333333333334,0.0,0.0,0.11016949152542373,0.0,0.0,0.08,24.0,8.2,0.0,0.0,0.13135593220338984,0.2,0.2,0.1,1.0,7.666666666666667,0.0,1.0,0.1059322033898305,0.0,0.05,0.12,17.0,9.041666666666666,0.0,0.0,0.08898305084745763,0.1,0.1,0.12,0.0,11.35,1.0,1.0,0.07627118644067797,0.0,0.1,0.1,10.0,12.0,0.0,0.0,0.1059322033898305,0.2,0.25,0.2,4.0,9.625,0.0,0.0,0.1059322033898305,0.2,0.15,0.12,4.0,9.625,0.0,0.0,0.09322033898305085,0.0,0.1,0.08,15.0,10.333333333333334,0.0,0.0,0.1271186440677966,0.2,0.1,0.14,4.0,7.862068965517241,0.0,0.0,0.11440677966101695,0.2,0.2,0.16,2.0,8.76923076923077,0.0,0.0,0.0635593220338983,0.1,0.15,0.06,9.0,15.142857142857142,0.0,0.0,0.07627118644067797,0.1,0.1,0.06,8.0,13.294117647058824,0.0,0.0,0.1016949152542373,0.2,0.2,0.12,0.0,10.130434782608695,1.0,1.0,0.1016949152542373,0.1,0.15,0.06,2.0,9.782608695652174,0.0,0.0,0.0847457627118644,0.2,0.15,0.12,0.0,11.736842105263158,1.0,1.0,0.11864406779661017,0.0,0.1,0.12,11.0,8.296296296296296,0.0,0.0,0.1059322033898305,0.1,0.1,0.1,1.0,9.708333333333334,0.0,1.0,0.1059322033898305,0.1,0.15,0.12,5.0,9.583333333333334,0.0,0.0,0.09745762711864407,0.1,0.1,0.08,1.0,9.636363636363637,0.0,1.0,0.13559322033898305,0.0,0.05,0.04,16.0,6.903225806451613,0.0,0.0,0.09322033898305085,0.2,0.15,0.08,0.0,9.666666666666666,1.0,1.0,0.09322033898305085,0.3,0.2,0.18,4.0,10.619047619047619,0.0,0.0,0.09745762711864407,0.1,0.1,0.12,3.0,10.5,0.0,0.0,0.1271186440677966,0.2,0.2,0.18,0.0,7.827586206896552,1.0,1.0,0.08898305084745763,0.0,0.0,0.06,23.0,10.05,0.0,0.0,0.08050847457627118,0.0,0.0,0.06,32.0,11.222222222222221,0.0,0.0,0.09745762711864407,0.1,0.05,0.08,8.0,9.909090909090908,0.0,0.0,0.13983050847457626,0.3,0.15,0.14,6.0,6.78125,0.0,0.0,0.11016949152542373,0.1,0.05,0.06,1.0,9.36,0.0,1.0,0.1016949152542373,0.0,0.05,0.08,15.0,9.26086956521739,0.0,0.0,167.0,2.0,20.0,0.0,1.0,2.0,2.0,236.0,8.0,17.0,6.0,1,0,0,1,0,0,0,0,0,0,0,0,0,0,0,0,0,0,1,1,0,0,0,0,0,0,0,0,0,0,0,0,0,0,0,0,0,1,0,0,0,0,0,0,0,0,0,0
2025-08-24,0.16033755274261605,0.3,0.25,0.16,0.0,6.324324324324325,1.0,1.0,0.10970464135021098,0.1,0.05,0.1,3.0,9.2,0.0,0.0,0.09282700421940929,0.0,0.1,0.08,10.0,10.476190476190476,0.0,0.0,0.10970464135021098,0.1,0.15,0.2,0.0,8.24,1.0,1.0,0.11392405063291139,0.0,0.05,0.1,15.0,8.384615384615385,0.0,0.0,0.0759493670886076,0.1,0.05,0.06,4.0,13.411764705882353,0.0,0.0,0.1308016877637131,0.1,0.1,0.2,7.0,6.833333333333333,0.0,0.0,0.09282700421940929,0.0,0.0,0.14,21.0,9.904761904761905,0.0,0.0,0.12658227848101267,0.0,0.0,0.02,42.0,6.448275862068965,0.0,0.0,0.14345991561181434,0.1,0.1,0.14,2.0,6.787878787878788,0.0,0.0,0.10970464135021098,0.1,0.05,0.06,4.0,9.12,0.0,0.0,0.0970464135021097,0.1,0.15,0.08,3.0,10.227272727272727,0.0,0.0,0.09282700421940929,0.1,0.2,0.1,9.0,10.142857142857142,0.0,0.0,0.08860759493670886,0.2,0.1,0.06,6.0,10.25,0.0,0.0,0.0970464135021097,0.0,0.0,0.06,40.0,7.954545454545454,0.0,0.0,0.08438818565400844,0.1,0.05,0.08,6.0,11.842105263157896,0.0,0.0,0.08860759493670886,0.0,0.1,0.12,17.0,10.85,0.0,0.0,0.10548523206751055,0.0,0.0,0.12,23.0,8.708333333333334,0.0,0.0,0.11392405063291139,0.1,0.05,0.08,0.0,8.846153846153847,1.0,1.0,0.1350210970464135,0.3,0.25,0.12,0.0,7.483870967741935,1.0,1.0,0.10548523206751055,0.0,0.05,0.12,18.0,9.041666666666666,0.0,0.0,0.08860759493670886,0.1,0.1,0.12,1.0,11.35,0.0,1.0,0.0759493670886076,0.0,0.1,0.1,11.0,12.0,0.0,0.0,0.10548523206751055,0.2,0.25,0.18,5.0,9.625,0.0,0.0,0.10548523206751055,0.2,0.15,0.12,5.0,9.625,0.0,0.0,0.09282700421940929,0.0,0.1,0.08,16.0,10.333333333333334,0.0,0.0,0.12658227848101267,0.2,0.1,0.14,5.0,7.862068965517241,0.0,0.0,0.11392405063291139,0.2,0.2,0.16,3.0,8.76923076923077,0.0,0.0,0.06329113924050633,0.0,0.15,0.06,10.0,15.142857142857142,0.0,0.0,0.0759493670886076,0.1,0.1,0.06,9.0,13.294117647058824,0.0,0.0,0.10126582278481013,0.2,0.2,0.12,1.0,10.130434782608695,0.0,1.0,0.10126582278481013,0.1,0.15,0.06,3.0,9.782608695652174,0.0,0.0,0.08438818565400844,0.2,0.15,0.12,1.0,11.736842105263158,0.0,1.0,0.11814345991561181,0.0,0.05,0.12,12.0,8.296296296296296,0.0,0.0,0.10548523206751055,0.1,0.1,0.1,2.0,9.708333333333334,0.0,0.0,0.10548523206751055,0.1,0.1,0.12,6.0,9.583333333333334,0.0,0.0,0.0970464135021097,0.1,0.1,0.08,2.0,9.636363636363637,0.0,0.0,0.13924050632911392,0.1,0.1,0.06,0.0,7.21875,1.0,1.0,0.09282700421940929,0.2,0.15,0.06,1.0,9.666666666666666,0.0,1.0,0.09282700421940929,0.3,0.2,0.18,5.0,10.619047619047619,0.0,0.0,0.0970464135021097,0.1,0.1,0.12,4.0,10.5,0.0,0.0,0.12658227848101267,0.2,0.2,0.18,1.0,7.827586206896552,0.0,1.0,0.08860759493670886,0.0,0.0,0.06,24.0,10.05,0.0,0.0,0.08016877637130802,0.0,0.0,0.06,33.0,11.222222222222221,0.0,0.0,0.0970464135021097,0.1,0.05,0.06,9.0,9.909090909090908,0.0,0.0,0.13924050632911392,0.3,0.15,0.14,7.0,6.78125,0.0,0.0,0.10970464135021098,0.1,0.05,0.06,2.0,9.36,0.0,0.0,0.10126582278481013,0.0,0.05,0.08,16.0,9.26086956521739,0.0,0.0,82.0,3.0,37.0,2.0,2.0,0.0,1.0,237.0,8.0,20.0,2.0,0,0,0,0,0,0,0,0,0,1,0,0,0,0,0,1,0,0,0,0,0,0,0,0,1,0,0,0,0,0,0,0,0,0,0,0,0,0,0,0,0,0,0,1,0,1,0,0
2025-08-28,0.15966386554621848,0.3,0.25,0.16,1.0,6.324324324324325,0.0,1.0,0.1092436974789916,0.1,0.05,0.1,4.0,9.2,0.0,0.0,0.09243697478991597,0.0,0.1,0.08,11.0,10.476190476190476,0.0,0.0,0.1092436974789916,0.1,0.15,0.2,1.0,8.24,0.0,1.0,0.1134453781512605,0.0,0.05,0.08,16.0,8.384615384615385,0.0,0.0,0.07563025210084033,0.1,0.05,0.06,5.0,13.411764705882353,0.0,0.0,0.13025210084033614,0.1,0.1,0.2,8.0,6.833333333333333,0.0,0.0,0.09243697478991597,0.0,0.0,0.14,22.0,9.904761904761905,0.0,0.0,0.12605042016806722,0.0,0.0,0.02,43.0,6.448275862068965,0.0,0.0,0.14705882352941177,0.2,0.1,0.16,0.0,6.676470588235294,1.0,1.0,0.1092436974789916,0.1,0.05,0.06,5.0,9.12,0.0,0.0,0.09663865546218488,0.1,0.15,0.08,4.0,10.227272727272727,0.0,0.0,0.09243697478991597,0.0,0.2,0.1,10.0,10.142857142857142,0.0,0.0,0.08823529411764706,0.2,0.1,0.06,7.0,10.25,0.0,0.0,0.09663865546218488,0.0,0.0,0.06,41.0,7.954545454545454,0.0,0.0,0.08823529411764706,0.2,0.1,0.1,0.0,11.6,1.0,1.0,0.08823529411764706,0.0,0.1,0.12,18.0,10.85,0.0,0.0,0.10504201680672269,0.0,0.0,0.1,24.0,8.708333333333334,0.0,0.0,0.1134453781512605,0.1,0.05,0.08,1.0,8.846153846153847,0.0,1.0,0.13445378151260504,0.3,0.25,0.12,1.0,7.483870967741935,0.0,1.0,0.10504201680672269,0.0,0.05,0.12,19.0,9.041666666666666,0.0,0.0,0.08823529411764706,0.1,0.1,0.12,2.0,11.35,0.0,0.0,0.07563025210084033,0.0,0.1,0.1,12.0,12.0,0.0,0.0,0.10504201680672269,0.2,0.25,0.16,6.0,9.625,0.0,0.0,0.1092436974789916,0.3,0.2,0.14,0.0,9.48,1.0,1.0,0.09243697478991597,0.0,0.05,0.08,17.0,10.333333333333334,0.0,0.0,0.12605042016806722,0.2,0.1,0.14,6.0,7.862068965517241,0.0,0.0,0.1134453781512605,0.2,0.2,0.16,4.0,8.76923076923077,0.0,0.0,0.06302521008403361,0.0,0.15,0.06,11.0,15.142857142857142,0.0,0.0,0.07563025210084033,0.0,0.1,0.06,10.0,13.294117647058824,0.0,0.0,0.10084033613445378,0.1,0.2,0.12,2.0,10.130434782608695,0.0,0.0,0.10084033613445378,0.1,0.1,0.06,4.0,9.782608695652174,0.0,0.0,0.08403361344537816,0.2,0.1,0.12,2.0,11.736842105263158,0.0,0.0,0.11764705882352941,0.0,0.05,0.12,13.0,8.296296296296296,0.0,0.0,0.10504201680672269,0.1,0.1,0.1,3.0,9.708333333333334,0.0,0.0,0.10504201680672269,0.1,0.1,0.1,7.0,9.583333333333334,0.0,0.0,0.09663865546218488,0.1,0.1,0.08,3.0,9.636363636363637,0.0,0.0,0.13865546218487396,0.1,0.1,0.06,1.0,7.21875,0.0,1.0,0.09243697478991597,0.2,0.15,0.06,2.0,9.666666666666666,0.0,0.0,0.09243697478991597,0.3,0.2,0.18,6.0,10.619047619047619,0.0,0.0,0.09663865546218488,0.1,0.1,0.12,5.0,10.5,0.0,0.0,0.12605042016806722,0.2,0.15,0.18,2.0,7.827586206896552,0.0,0.0,0.08823529411764706,0.0,0.0,0.06,25.0,10.05,0.0,0.0,0.08403361344537816,0.1,0.05,0.08,0.0,12.421052631578947,1.0,1.0,0.09663865546218488,0.0,0.05,0.06,10.0,9.909090909090908,0.0,0.0,0.14285714285714285,0.3,0.2,0.14,0.0,6.818181818181818,1.0,1.0,0.1092436974789916,0.1,0.05,0.06,3.0,9.36,0.0,0.0,0.10084033613445378,0.0,0.05,0.08,17.0,9.26086956521739,0.0,0.0,141.0,4.0,36.0,1.0,1.0,1.0,2.0,238.0,8.0,24.0,6.0,0,0,0,0,0,1,0,0,0,0,0,0,0,0,0,0,0,0,0,0,0,1,0,0,0,0,1,0,0,0,0,0,1,0,0,0,0,0,0,0,0,0,0,0,0,0,1,0
2025-08-31,0.1589958158995816,0.2,0.25,0.16,2.0,6.324324324324325,0.0,0.0,0.1087866108786611,0.1,0.05,0.1,5.0,9.2,0.0,0.0,0.09205020920502092,0.0,0.1,0.08,12.0,10.476190476190476,0.0,0.0,0.1087866108786611,0.1,0.1,0.2,2.0,8.24,0.0,0.0,0.11297071129707113,0.0,0.05,0.08,17.0,8.384615384615385,0.0,0.0,0.0794979079497908,0.2,0.1,0.08,0.0,13.0,1.0,1.0,0.1297071129707113,0.1,0.1,0.2,9.0,6.833333333333333,0.0,0.0,0.09205020920502092,0.0,0.0,0.14,23.0,9.904761904761905,0.0,0.0,0.12552301255230125,0.0,0.0,0.02,44.0,6.448275862068965,0.0,0.0,0.14644351464435146,0.2,0.1,0.14,1.0,6.676470588235294,0.0,1.0,0.1087866108786611,0.1,0.05,0.06,6.0,9.12,0.0,0.0,0.09623430962343096,0.1,0.15,0.08,5.0,10.227272727272727,0.0,0.0,0.09205020920502092,0.0,0.2,0.1,11.0,10.142857142857142,0.0,0.0,0.08786610878661087,0.1,0.1,0.06,8.0,10.25,0.0,0.0,0.09623430962343096,0.0,0.0,0.06,42.0,7.954545454545454,0.0,0.0,0.08786610878661087,0.2,0.1,0.1,1.0,11.6,0.0,1.0,0.08786610878661087,0.0,0.05,0.12,19.0,10.85,0.0,0.0,0.10460251046025104,0.0,0.0,0.1,25.0,8.708333333333334,0.0,0.0,0.11297071129707113,0.1,0.05,0.08,2.0,8.846153846153847,0.0,0.0,0.13389121338912133,0.3,0.25,0.1,2.0,7.483870967741935,0.0,0.0,0.10460251046025104,0.0,0.0,0.12,20.0,9.041666666666666,0.0,0.0,0.09205020920502092,0.2,0.15,0.12,0.0,10.952380952380953,1.0,1.0,0.07531380753138076,0.0,0.1,0.1,13.0,12.0,0.0,0.0,0.10460251046025104,0.2,0.25,0.16,7.0,9.625,0.0,0.0,0.1087866108786611,0.3,0.2,0.14,1.0,9.48,0.0,1.0,0.09205020920502092,0.0,0.05,0.08,18.0,10.333333333333334,0.0,0.0,0.1297071129707113,0.2,0.15,0.16,0.0,7.833333333333333,1.0,1.0,0.11297071129707113,0.2,0.15,0.14,5.0,8.76923076923077,0.0,0.0,0.06276150627615062,0.0,0.15,0.06,12.0,15.142857142857142,0.0,0.0,0.07531380753138076,0.0,0.1,0.06,11.0,13.294117647058824,0.0,0.0,0.100418410041841,0.1,0.15,0.12,3.0,10.130434782608695,0.0,0.0,0.100418410041841,0.1,0.1,0.06,5.0,9.782608695652174,0.0,0.0,0.08786610878661087,0.3,0.15,0.14,0.0,11.3,1.0,1.0,0.11715481171548117,0.0,0.05,0.12,14.0,8.296296296296296,0.0,0.0,0.10460251046025104,0.1,0.1,0.1,4.0,9.708333333333334,0.0,0.0,0.10460251046025104,0.1,0.1,0.1,8.0,9.583333333333334,0.0,0.0,0.09623430962343096,0.1,0.1,0.08,4.0,9.636363636363637,0.0,0.0,0.13807531380753138,0.1,0.1,0.06,2.0,7.21875,0.0,0.0,0.09205020920502092,0.2,0.15,0.06,3.0,9.666666666666666,0.0,0.0,0.09205020920502092,0.2,0.2,0.18,7.0,10.619047619047619,0.0,0.0,0.09623430962343096,0.1,0.1,0.12,6.0,10.5,0.0,0.0,0.12552301255230125,0.2,0.15,0.18,3.0,7.827586206896552,0.0,0.0,0.08786610878661087,0.0,0.0,0.06,26.0,10.05,0.0,0.0,0.08368200836820083,0.1,0.05,0.06,1.0,12.421052631578947,0.0,1.0,0.09623430962343096,0.0,0.05,0.06,11.0,9.909090909090908,0.0,0.0,0.14225941422594143,0.2,0.2,0.14,1.0,6.818181818181818,0.0,1.0,0.11297071129707113,0.2,0.1,0.08,0.0,9.153846153846153,1.0,1.0,0.100418410041841,0.0,0.05,0.08,18.0,9.26086956521739,0.0,0.0,135.0,2.0,41.0,1.0,1.0,2.0,1.0,239.0,8.0,28.0,3.0,1,0,0,0,0,0,0,0,0,0,0,0,0,0,0,0,0,0,0,1,0,1,0,0,0,0,0,0,0,0,0,0,1,0,0,1,0,0,0,0,0,0,0,0,0,0,0,0
2025-09-03,0.1625,0.3,0.3,0.18,0.0,6.2368421052631575,1.0,1.0,0.10833333333333334,0.1,0.05,0.1,6.0,9.2,0.0,0.0,0.09166666666666666,0.0,0.1,0.08,13.0,10.476190476190476,0.0,0.0,0.10833333333333334,0.1,0.1,0.2,3.0,8.24,0.0,0.0,0.1125,0.0,0.05,0.08,18.0,8.384615384615385,0.0,0.0,0.07916666666666666,0.2,0.1,0.08,1.0,13.0,0.0,1.0,0.12916666666666668,0.0,0.1,0.2,10.0,6.833333333333333,0.0,0.0,0.09166666666666666,0.0,0.0,0.12,24.0,9.904761904761905,0.0,0.0,0.125,0.0,0.0,0.02,45.0,6.448275862068965,0.0,0.0,0.14583333333333334,0.2,0.1,0.14,2.0,6.676470588235294,0.0,0.0,0.10833333333333334,0.1,0.05,0.06,7.0,9.12,0.0,0.0,0.09583333333333334,0.1,0.15,0.08,6.0,10.227272727272727,0.0,0.0,0.09166666666666666,0.0,0.2,0.08,12.0,10.142857142857142,0.0,0.0,0.0875,0.1,0.1,0.06,9.0,10.25,0.0,0.0,0.09583333333333334,0.0,0.0,0.06,43.0,7.954545454545454,0.0,0.0,0.0875,0.2,0.1,0.1,2.0,11.6,0.0,0.0,0.0875,0.0,0.0,0.12,20.0,10.85,0.0,0.0,0.10416666666666667,0.0,0.0,0.1,26.0,8.708333333333334,0.0,0.0,0.1125,0.1,0.05,0.08,3.0,8.846153846153847,0.0,0.0,0.1375,0.4,0.3,0.12,0.0,7.34375,1.0,1.0,0.10416666666666667,0.0,0.0,0.12,21.0,9.041666666666666,0.0,0.0,0.09583333333333334,0.3,0.2,0.14,0.0,10.5,1.0,1.0,0.075,0.0,0.1,0.1,14.0,12.0,0.0,0.0,0.10416666666666667,0.2,0.2,0.16,8.0,9.625,0.0,0.0,0.10833333333333334,0.2,0.2,0.14,2.0,9.48,0.0,0.0,0.09166666666666666,0.0,0.05,0.08,19.0,10.333333333333334,0.0,0.0,0.12916666666666668,0.2,0.15,0.16,1.0,7.833333333333333,0.0,1.0,0.1125,0.2,0.15,0.14,6.0,8.76923076923077,0.0,0.0,0.0625,0.0,0.15,0.06,13.0,15.142857142857142,0.0,0.0,0.075,0.0,0.1,0.06,12.0,13.294117647058824,0.0,0.0,0.1,0.1,0.1,0.12,4.0,10.130434782608695,0.0,0.0,0.1,0.1,0.1,0.06,6.0,9.782608695652174,0.0,0.0,0.09166666666666666,0.4,0.2,0.16,0.0,10.80952380952381,1.0,1.0,0.11666666666666667,0.0,0.05,0.12,15.0,8.296296296296296,0.0,0.0,0.10416666666666667,0.1,0.1,0.1,5.0,9.708333333333334,0.0,0.0,0.10833333333333334,0.2,0.15,0.12,0.0,9.56,1.0,1.0,0.09583333333333334,0.1,0.05,0.08,5.0,9.636363636363637,0.0,0.0,0.1375,0.1,0.05,0.06,3.0,7.21875,0.0,0.0,0.09166666666666666,0.1,0.15,0.06,4.0,9.666666666666666,0.0,0.0,0.09166666666666666,0.1,0.2,0.16,8.0,10.619047619047619,0.0,0.0,0.09583333333333334,0.1,0.1,0.1,7.0,10.5,0.0,0.0,0.125,0.2,0.15,0.18,4.0,7.827586206896552,0.0,0.0,0.0875,0.0,0.0,0.06,27.0,10.05,0.0,0.0,0.08333333333333333,0.1,0.05,0.06,2.0,12.421052631578947,0.0,0.0,0.09583333333333334,0.0,0.05,0.06,12.0,9.909090909090908,0.0,0.0,0.14166666666666666,0.1,0.2,0.12,2.0,6.818181818181818,0.0,0.0,0.1125,0.2,0.1,0.08,1.0,9.153846153846153,0.0,1.0,0.1,0.0,0.05,0.08,19.0,9.26086956521739,0.0,0.0,112.0,3.0,35.0,1.0,2.0,2.0,0.0,240.0,8.0,31.0,6.0,0,0,1,0,0,0,0,0,0,0,0,0,0,1,0,0,0,0,0,0,0,0,0,0,0,0,0,0,1,0,1,0,0,0,0,0,0,0,0,0,0,0,0,0,0,0,1,0
2025-09-07,0.16182572614107885,0.3,0.25,0.18,1.0,6.2368421052631575,0.0,1.0,0.1078838174273859,0.1,0.05,0.1,7.0,9.2,0.0,0.0,0.0954356846473029,0.1,0.15,0.1,0.0,10.636363636363637,1.0,1.0,0.1078838174273859,0.1,0.1,0.2,4.0,8.24,0.0,0.0,0.11203319502074689,0.0,0.05,0.08,19.0,8.384615384615385,0.0,0.0,0.07883817427385892,0.2,0.1,0.08,2.0,13.0,0.0,0.0,0.12863070539419086,0.0,0.1,0.18,11.0,6.833333333333333,0.0,0.0,0.0912863070539419,0.0,0.0,0.12,25.0,9.904761904761905,0.0,0.0,0.12448132780082988,0.0,0.0,0.02,46.0,6.448275862068965,0.0,0.0,0.14522821576763487,0.2,0.1,0.14,3.0,6.676470588235294,0.0,0.0,0.1078838174273859,0.1,0.05,0.06,8.0,9.12,0.0,0.0,0.0954356846473029,0.1,0.15,0.08,7.0,10.227272727272727,0.0,0.0,0.0912863070539419,0.0,0.2,0.08,13.0,10.142857142857142,0.0,0.0,0.0912863070539419,0.1,0.15,0.08,0.0,10.238095238095237,1.0,1.0,0.0954356846473029,0.0,0.0,0.06,44.0,7.954545454545454,0.0,0.0,0.08713692946058091,0.1,0.1,0.1,3.0,11.6,0.0,0.0,0.08713692946058091,0.0,0.0,0.12,21.0,10.85,0.0,0.0,0.1037344398340249,0.0,0.0,0.08,27.0,8.708333333333334,0.0,0.0,0.11203319502074689,0.1,0.05,0.08,4.0,8.846153846153847,0.0,0.0,0.13692946058091288,0.4,0.3,0.12,1.0,7.34375,0.0,1.0,0.1037344398340249,0.0,0.0,0.12,22.0,9.041666666666666,0.0,0.0,0.0954356846473029,0.3,0.2,0.14,1.0,10.5,0.0,1.0,0.07468879668049792,0.0,0.1,0.1,15.0,12.0,0.0,0.0,0.1037344398340249,0.1,0.2,0.16,9.0,9.625,0.0,0.0,0.1078838174273859,0.2,0.2,0.14,3.0,9.48,0.0,0.0,0.0912863070539419,0.0,0.0,0.06,20.0,10.333333333333334,0.0,0.0,0.12863070539419086,0.2,0.15,0.16,2.0,7.833333333333333,0.0,0.0,0.11203319502074689,0.2,0.15,0.12,7.0,8.76923076923077,0.0,0.0,0.06639004149377593,0.1,0.2,0.08,0.0,15.066666666666666,1.0,1.0,0.07468879668049792,0.0,0.05,0.06,13.0,13.294117647058824,0.0,0.0,0.1037344398340249,0.2,0.15,0.14,0.0,9.916666666666666,1.0,1.0,0.0995850622406639,0.1,0.1,0.06,7.0,9.782608695652174,0.0,0.0,0.0912863070539419,0.3,0.2,0.16,1.0,10.80952380952381,0.0,1.0,0.11618257261410789,0.0,0.05,0.12,16.0,8.296296296296296,0.0,0.0,0.1037344398340249,0.1,0.1,0.1,6.0,9.708333333333334,0.0,0.0,0.1078838174273859,0.1,0.15,0.12,1.0,9.56,0.0,1.0,0.0954356846473029,0.1,0.05,0.08,6.0,9.636363636363637,0.0,0.0,0.13692946058091288,0.1,0.05,0.04,4.0,7.21875,0.0,0.0,0.0912863070539419,0.1,0.15,0.06,5.0,9.666666666666666,0.0,0.0,0.0912863070539419,0.1,0.15,0.16,9.0,10.619047619047619,0.0,0.0,0.0954356846473029,0.1,0.1,0.1,8.0,10.5,0.0,0.0,0.12448132780082988,0.2,0.15,0.18,5.0,7.827586206896552,0.0,0.0,0.08713692946058091,0.0,0.0,0.06,28.0,10.05,0.0,0.0,0.08298755186721991,0.1,0.05,0.06,3.0,12.421052631578947,0.0,0.0,0.0954356846473029,0.0,0.05,0.06,13.0,9.909090909090908,0.0,0.0,0.14107883817427386,0.1,0.2,0.12,3.0,6.818181818181818,0.0,0.0,0.11618257261410789,0.3,0.15,0.1,0.0,8.88888888888889,1.0,1.0,0.0995850622406639,0.0,0.0,0.08,20.0,9.26086956521739,0.0,0.0,124.0,1.0,44.0,1.0,1.0,2.0,1.0,241.0,9.0,3.0,2.0,0,1,0,0,0,0,1,0,0,0,0,0,0,0,0,0,0,0,0,0,0,0,1,0,0,0,0,0,0,0,0,0,0,0,0,1,0,0,0,0,0,0,0,0,0,0,0,1
2025-09-10,0.16115702479338842,0.3,0.2,0.18,2.0,6.2368421052631575,0.0,0.0,0.1115702479338843,0.2,0.1,0.12,0.0,9.153846153846153,1.0,1.0,0.09504132231404959,0.1,0.15,0.08,1.0,10.636363636363637,0.0,1.0,0.10743801652892562,0.1,0.05,0.2,5.0,8.24,0.0,0.0,0.1115702479338843,0.0,0.0,0.08,20.0,8.384615384615385,0.0,0.0,0.07851239669421488,0.2,0.1,0.08,3.0,13.0,0.0,0.0,0.1322314049586777,0.1,0.15,0.2,0.0,7.0,1.0,1.0,0.09090909090909091,0.0,0.0,0.1,26.0,9.904761904761905,0.0,0.0,0.12396694214876033,0.0,0.0,0.02,47.0,6.448275862068965,0.0,0.0,0.1446280991735537,0.2,0.1,0.14,4.0,6.676470588235294,0.0,0.0,0.10743801652892562,0.1,0.05,0.06,9.0,9.12,0.0,0.0,0.09504132231404959,0.1,0.15,0.08,8.0,10.227272727272727,0.0,0.0,0.09090909090909091,0.0,0.2,0.08,14.0,10.142857142857142,0.0,0.0,0.09090909090909091,0.1,0.15,0.08,1.0,10.238095238095237,0.0,1.0,0.09504132231404959,0.0,0.0,0.06,45.0,7.954545454545454,0.0,0.0,0.08677685950413223,0.1,0.1,0.1,4.0,11.6,0.0,0.0,0.08677685950413223,0.0,0.0,0.1,22.0,10.85,0.0,0.0,0.10330578512396695,0.0,0.0,0.08,28.0,8.708333333333334,0.0,0.0,0.1115702479338843,0.1,0.05,0.08,5.0,8.846153846153847,0.0,0.0,0.13636363636363635,0.4,0.25,0.12,2.0,7.34375,0.0,0.0,0.10330578512396695,0.0,0.0,0.12,23.0,9.041666666666666,0.0,0.0,0.09504132231404959,0.3,0.2,0.12,2.0,10.5,0.0,0.0,0.07851239669421488,0.1,0.15,0.1,0.0,12.222222222222221,1.0,1.0,0.10330578512396695,0.0,0.15,0.16,10.0,9.625,0.0,0.0,0.10743801652892562,0.1,0.2,0.14,4.0,9.48,0.0,0.0,0.09090909090909091,0.0,0.0,0.06,21.0,10.333333333333334,0.0,0.0,0.128099173553719,0.1,0.15,0.16,3.0,7.833333333333333,0.0,0.0,0.1115702479338843,0.1,0.15,0.12,8.0,8.76923076923077,0.0,0.0,0.06611570247933884,0.1,0.2,0.08,1.0,15.066666666666666,0.0,1.0,0.0743801652892562,0.0,0.05,0.06,14.0,13.294117647058824,0.0,0.0,0.10330578512396695,0.2,0.15,0.14,1.0,9.916666666666666,0.0,1.0,0.09917355371900827,0.1,0.1,0.06,8.0,9.782608695652174,0.0,0.0,0.09090909090909091,0.3,0.2,0.16,2.0,10.80952380952381,0.0,0.0,0.11570247933884298,0.0,0.05,0.12,17.0,8.296296296296296,0.0,0.0,0.10330578512396695,0.1,0.1,0.1,7.0,9.708333333333334,0.0,0.0,0.1115702479338843,0.2,0.2,0.14,0.0,9.26923076923077,1.0,1.0,0.09504132231404959,0.1,0.05,0.08,7.0,9.636363636363637,0.0,0.0,0.13636363636363635,0.1,0.05,0.04,5.0,7.21875,0.0,0.0,0.09090909090909091,0.1,0.15,0.06,6.0,9.666666666666666,0.0,0.0,0.09090909090909091,0.0,0.15,0.16,10.0,10.619047619047619,0.0,0.0,0.09504132231404959,0.1,0.1,0.1,9.0,10.5,0.0,0.0,0.12396694214876033,0.2,0.15,0.18,6.0,7.827586206896552,0.0,0.0,0.08677685950413223,0.0,0.0,0.06,29.0,10.05,0.0,0.0,0.08264462809917356,0.1,0.05,0.06,4.0,12.421052631578947,0.0,0.0,0.09504132231404959,0.0,0.05,0.06,14.0,9.909090909090908,0.0,0.0,0.14049586776859505,0.1,0.2,0.12,4.0,6.818181818181818,0.0,0.0,0.11570247933884298,0.3,0.15,0.1,1.0,8.88888888888889,0.0,1.0,0.10330578512396695,0.1,0.05,0.1,0.0,9.75,1.0,1.0,116.0,3.0,46.0,2.0,1.0,1.0,1.0,242.0,9.0,7.0,6.0,0,0,0,0,0,0,0,1,0,0,0,0,0,0,0,0,0,1,0,0,0,0,0,1,0,1,0,0,0,0,0,0,0,0,0,0,0,0,0,0,0,1,0,0,0,0,0,0
2025-09-14,0.16049382716049382,0.2,0.2,0.18,3.0,6.2368421052631575,0.0,0.0,0.1111111111111111,0.2,0.1,0.12,1.0,9.153846153846153,0.0,1.0,0.09465020576131687,0.1,0.1,0.06,2.0,10.636363636363637,0.0,0.0,0.10699588477366255,0.1,0.05,0.2,6.0,8.24,0.0,0.0,0.1111111111111111,0.0,0.0,0.08,21.0,8.384615384615385,0.0,0.0,0.07818930041152264,0.1,0.1,0.08,4.0,13.0,0.0,0.0,0.13168724279835392,0.1,0.15,0.2,1.0,7.0,0.0,1.0,0.09465020576131687,0.1,0.05,0.12,0.0,10.681818181818182,1.0,1.0,0.12345679012345678,0.0,0.0,0.02,48.0,6.448275862068965,0.0,0.0,0.1440329218106996,0.2,0.1,0.14,5.0,6.676470588235294,0.0,0.0,0.10699588477366255,0.0,0.05,0.04,10.0,9.12,0.0,0.0,0.09465020576131687,0.1,0.15,0.08,9.0,10.227272727272727,0.0,0.0,0.09053497942386832,0.0,0.15,0.08,15.0,10.142857142857142,0.0,0.0,0.09053497942386832,0.1,0.15,0.08,2.0,10.238095238095237,0.0,0.0,0.09465020576131687,0.0,0.0,0.04,46.0,7.954545454545454,0.0,0.0,0.08641975308641975,0.1,0.1,0.1,5.0,11.6,0.0,0.0,0.08641975308641975,0.0,0.0,0.1,23.0,10.85,0.0,0.0,0.10699588477366255,0.1,0.05,0.1,0.0,9.52,1.0,1.0,0.1111111111111111,0.1,0.05,0.08,6.0,8.846153846153847,0.0,0.0,0.13580246913580246,0.4,0.25,0.12,3.0,7.34375,0.0,0.0,0.102880658436214,0.0,0.0,0.12,24.0,9.041666666666666,0.0,0.0,0.09465020576131687,0.3,0.2,0.12,3.0,10.5,0.0,0.0,0.07818930041152264,0.1,0.15,0.1,1.0,12.222222222222221,0.0,1.0,0.10699588477366255,0.1,0.2,0.18,0.0,9.68,1.0,1.0,0.10699588477366255,0.1,0.2,0.14,5.0,9.48,0.0,0.0,0.09465020576131687,0.1,0.05,0.08,0.0,10.863636363636363,1.0,1.0,0.12757201646090535,0.1,0.15,0.16,4.0,7.833333333333333,0.0,0.0,0.1111111111111111,0.1,0.15,0.12,9.0,8.76923076923077,0.0,0.0,0.06584362139917696,0.1,0.15,0.08,2.0,15.066666666666666,0.0,0.0,0.07407407407407407,0.0,0.05,0.06,15.0,13.294117647058824,0.0,0.0,0.102880658436214,0.2,0.15,0.14,2.0,9.916666666666666,0.0,0.0,0.09876543209876543,0.1,0.1,0.06,9.0,9.782608695652174,0.0,0.0,0.09053497942386832,0.3,0.2,0.16,3.0,10.80952380952381,0.0,0.0,0.11522633744855967,0.0,0.05,0.12,18.0,8.296296296296296,0.0,0.0,0.102880658436214,0.1,0.1,0.1,8.0,9.708333333333334,0.0,0.0,0.1111111111111111,0.2,0.15,0.14,1.0,9.26923076923077,0.0,1.0,0.09465020576131687,0.1,0.05,0.08,8.0,9.636363636363637,0.0,0.0,0.13580246913580246,0.1,0.05,0.04,6.0,7.21875,0.0,0.0,0.09053497942386832,0.1,0.15,0.06,7.0,9.666666666666666,0.0,0.0,0.09053497942386832,0.0,0.15,0.14,11.0,10.619047619047619,0.0,0.0,0.09465020576131687,0.0,0.05,0.1,10.0,10.5,0.0,0.0,0.12757201646090535,0.2,0.2,0.2,0.0,7.8,1.0,1.0,0.08641975308641975,0.0,0.0,0.04,30.0,10.05,0.0,0.0,0.0823045267489712,0.1,0.05,0.06,5.0,12.421052631578947,0.0,0.0,0.09465020576131687,0.0,0.05,0.06,15.0,9.909090909090908,0.0,0.0,0.13991769547325103,0.1,0.2,0.12,5.0,6.818181818181818,0.0,0.0,0.11522633744855967,0.3,0.15,0.1,2.0,8.88888888888889,0.0,0.0,0.102880658436214,0.1,0.05,0.1,1.0,9.75,0.0,1.0,118.0,5.0,34.0,1.0,2.0,1.0,1.0,243.0,9.0,10.0,2.0,0,0,1,0,1,0,0,0,0,0,0,0,0,0,0,0,0,0,0,1,0,0,0,0,0,0,0,0,0,0,0,0,1,0,0,0,1,0,0,0,0,0,0,0,0,0,0,0
2025-09-17,0.1598360655737705,0.2,0.2,0.16,4.0,6.2368421052631575,0.0,0.0,0.11065573770491803,0.1,0.1,0.1,2.0,9.153846153846153,0.0,0.0,0.09836065573770492,0.2,0.15,0.08,0.0,10.304347826086957,1.0,1.0,0.10655737704918032,0.1,0.05,0.2,7.0,8.24,0.0,0.0,0.11475409836065574,0.1,0.05,0.1,0.0,8.88888888888889,1.0,1.0,0.0778688524590164,0.1,0.1,0.08,5.0,13.0,0.0,0.0,0.13114754098360656,0.1,0.15,0.18,2.0,7.0,0.0,0.0,0.0942622950819672,0.1,0.05,0.12,1.0,10.681818181818182,0.0,1.0,0.12295081967213115,0.0,0.0,0.02,49.0,6.448275862068965,0.0,0.0,0.14344262295081966,0.2,0.1,0.14,6.0,6.676470588235294,0.0,0.0,0.10655737704918032,0.0,0.05,0.04,11.0,9.12,0.0,0.0,0.0942622950819672,0.0,0.15,0.08,10.0,10.227272727272727,0.0,0.0,0.09016393442622951,0.0,0.15,0.08,16.0,10.142857142857142,0.0,0.0,0.09016393442622951,0.1,0.15,0.08,3.0,10.238095238095237,0.0,0.0,0.0942622950819672,0.0,0.0,0.04,47.0,7.954545454545454,0.0,0.0,0.0860655737704918,0.1,0.1,0.1,6.0,11.6,0.0,0.0,0.0860655737704918,0.0,0.0,0.1,24.0,10.85,0.0,0.0,0.10655737704918032,0.1,0.05,0.1,1.0,9.52,0.0,1.0,0.11065573770491803,0.1,0.05,0.08,7.0,8.846153846153847,0.0,0.0,0.13934426229508196,0.4,0.25,0.14,0.0,7.242424242424242,1.0,1.0,0.10245901639344263,0.0,0.0,0.12,25.0,9.041666666666666,0.0,0.0,0.0942622950819672,0.3,0.2,0.12,4.0,10.5,0.0,0.0,0.0778688524590164,0.1,0.1,0.08,2.0,12.222222222222221,0.0,0.0,0.10655737704918032,0.1,0.15,0.18,1.0,9.68,0.0,1.0,0.10655737704918032,0.1,0.2,0.12,6.0,9.48,0.0,0.0,0.0942622950819672,0.1,0.05,0.08,1.0,10.863636363636363,0.0,1.0,0.12704918032786885,0.1,0.15,0.16,5.0,7.833333333333333,0.0,0.0,0.11065573770491803,0.0,0.15,0.12,10.0,8.76923076923077,0.0,0.0,0.06557377049180328,0.1,0.15,0.08,3.0,15.066666666666666,0.0,0.0,0.07377049180327869,0.0,0.05,0.06,16.0,13.294117647058824,0.0,0.0,0.10245901639344263,0.2,0.15,0.14,3.0,9.916666666666666,0.0,0.0,0.09836065573770492,0.0,0.1,0.06,10.0,9.782608695652174,0.0,0.0,0.0942622950819672,0.4,0.25,0.18,0.0,10.5,1.0,1.0,0.11475409836065574,0.0,0.05,0.12,19.0,8.296296296296296,0.0,0.0,0.10245901639344263,0.1,0.1,0.1,9.0,9.708333333333334,0.0,0.0,0.11065573770491803,0.2,0.15,0.14,2.0,9.26923076923077,0.0,0.0,0.09836065573770492,0.2,0.1,0.1,0.0,9.608695652173912,1.0,1.0,0.13524590163934427,0.1,0.05,0.04,7.0,7.21875,0.0,0.0,0.09016393442622951,0.1,0.1,0.06,8.0,9.666666666666666,0.0,0.0,0.09016393442622951,0.0,0.15,0.14,12.0,10.619047619047619,0.0,0.0,0.0942622950819672,0.0,0.05,0.1,11.0,10.5,0.0,0.0,0.12704918032786885,0.2,0.15,0.2,1.0,7.8,0.0,1.0,0.0860655737704918,0.0,0.0,0.04,31.0,10.05,0.0,0.0,0.08196721311475409,0.1,0.05,0.06,6.0,12.421052631578947,0.0,0.0,0.0942622950819672,0.0,0.05,0.06,16.0,9.909090909090908,0.0,0.0,0.13934426229508196,0.1,0.2,0.12,6.0,6.818181818181818,0.0,0.0,0.11475409836065574,0.3,0.15,0.1,3.0,8.88888888888889,0.0,0.0,0.10245901639344263,0.1,0.05,0.1,2.0,9.75,0.0,0.0,98.0,1.0,34.0,2.0,1.0,1.0,1.0,244.0,9.0,14.0,6.0,0,0,0,0,0,1,0,0,0,1,0,0,0,0,0,1,0,0,0,0,0,0,0,0,0,0,0,0,0,1,0,0,0,0,0,0,0,0,0,0,0,0,0,0,1,0,0,0
2025-09-21,0.15918367346938775,0.2,0.2,0.16,5.0,6.2368421052631575,0.0,0.0,0.11020408163265306,0.1,0.1,0.1,3.0,9.153846153846153,0.0,0.0,0.09795918367346938,0.2,0.15,0.08,1.0,10.304347826086957,0.0,1.0,0.10612244897959183,0.1,0.05,0.2,8.0,8.24,0.0,0.0,0.11428571428571428,0.1,0.05,0.1,1.0,8.88888888888889,0.0,1.0,0.08163265306122448,0.2,0.15,0.1,0.0,12.631578947368421,1.0,1.0,0.1306122448979592,0.1,0.15,0.16,3.0,7.0,0.0,0.0,0.09387755102040816,0.1,0.05,0.12,2.0,10.681818181818182,0.0,0.0,0.12244897959183673,0.0,0.0,0.0,50.0,6.448275862068965,0.0,0.0,0.1469387755102041,0.2,0.15,0.16,0.0,6.685714285714286,1.0,1.0,0.10612244897959183,0.0,0.05,0.04,12.0,9.12,0.0,0.0,0.09387755102040816,0.0,0.15,0.08,11.0,10.227272727272727,0.0,0.0,0.08979591836734693,0.0,0.15,0.08,17.0,10.142857142857142,0.0,0.0,0.08979591836734693,0.1,0.15,0.08,4.0,10.238095238095237,0.0,0.0,0.09387755102040816,0.0,0.0,0.04,48.0,7.954545454545454,0.0,0.0,0.08979591836734693,0.2,0.15,0.12,0.0,11.380952380952381,1.0,1.0,0.08571428571428572,0.0,0.0,0.1,25.0,10.85,0.0,0.0,0.10612244897959183,0.1,0.05,0.1,2.0,9.52,0.0,0.0,0.11020408163265306,0.1,0.05,0.08,8.0,8.846153846153847,0.0,0.0,0.13877551020408163,0.3,0.25,0.14,1.0,7.242424242424242,0.0,1.0,0.10204081632653061,0.0,0.0,0.1,26.0,9.041666666666666,0.0,0.0,0.09387755102040816,0.3,0.15,0.12,5.0,10.5,0.0,0.0,0.07755102040816327,0.1,0.1,0.08,3.0,12.222222222222221,0.0,0.0,0.10612244897959183,0.1,0.15,0.18,2.0,9.68,0.0,0.0,0.10612244897959183,0.1,0.15,0.12,7.0,9.48,0.0,0.0,0.09387755102040816,0.1,0.05,0.08,2.0,10.863636363636363,0.0,0.0,0.12653061224489795,0.1,0.15,0.16,6.0,7.833333333333333,0.0,0.0,0.11020408163265306,0.0,0.1,0.12,11.0,8.76923076923077,0.0,0.0,0.0653061224489796,0.1,0.15,0.08,4.0,15.066666666666666,0.0,0.0,0.07755102040816327,0.1,0.1,0.08,0.0,13.5,1.0,1.0,0.10204081632653061,0.2,0.15,0.14,4.0,9.916666666666666,0.0,0.0,0.09795918367346938,0.0,0.1,0.06,11.0,9.782608695652174,0.0,0.0,0.09387755102040816,0.4,0.25,0.18,1.0,10.5,0.0,1.0,0.11428571428571428,0.0,0.0,0.12,20.0,8.296296296296296,0.0,0.0,0.10204081632653061,0.0,0.05,0.1,10.0,9.708333333333334,0.0,0.0,0.11020408163265306,0.2,0.15,0.14,3.0,9.26923076923077,0.0,0.0,0.09795918367346938,0.1,0.1,0.1,1.0,9.608695652173912,0.0,1.0,0.1346938775510204,0.1,0.05,0.04,8.0,7.21875,0.0,0.0,0.08979591836734693,0.1,0.1,0.06,9.0,9.666666666666666,0.0,0.0,0.08979591836734693,0.0,0.15,0.14,13.0,10.619047619047619,0.0,0.0,0.09387755102040816,0.0,0.05,0.1,12.0,10.5,0.0,0.0,0.12653061224489795,0.2,0.15,0.2,2.0,7.8,0.0,0.0,0.08571428571428572,0.0,0.0,0.02,32.0,10.05,0.0,0.0,0.08163265306122448,0.1,0.05,0.06,7.0,12.421052631578947,0.0,0.0,0.09795918367346938,0.1,0.1,0.08,0.0,10.217391304347826,1.0,1.0,0.13877551020408163,0.1,0.2,0.1,7.0,6.818181818181818,0.0,0.0,0.11428571428571428,0.2,0.15,0.1,4.0,8.88888888888889,0.0,0.0,0.10204081632653061,0.1,0.05,0.1,3.0,9.75,0.0,0.0,107.0,4.0,39.0,2.0,1.0,1.0,1.0,245.0,9.0,17.0,2.0,0,0,0,0,0,0,0,1,0,0,0,0,0,0,0,0,0,0,0,0,0,0,0,0,0,0,0,0,0,0,0,1,0,0,0,0,0,0,0,0,0,0,0,0,1,0,1,1
2025-09-28,0.15853658536585366,0.2,0.2,0.16,6.0,6.2368421052631575,0.0,0.0,0.10975609756097561,0.1,0.1,0.08,4.0,9.153846153846153,0.0,0.0,0.0975609756097561,0.2,0.15,0.08,2.0,10.304347826086957,0.0,0.0,0.10569105691056911,0.1,0.05,0.2,9.0,8.24,0.0,0.0,0.11382113821138211,0.1,0.05,0.1,2.0,8.88888888888889,0.0,0.0,0.08130081300813008,0.2,0.15,0.1,1.0,12.631578947368421,0.0,1.0,0.13008130081300814,0.1,0.15,0.16,4.0,7.0,0.0,0.0,0.0975609756097561,0.2,0.1,0.14,0.0,10.347826086956522,1.0,1.0,0.12195121951219512,0.0,0.0,0.0,51.0,6.448275862068965,0.0,0.0,0.14634146341463414,0.2,0.15,0.14,1.0,6.685714285714286,0.0,1.0,0.10569105691056911,0.0,0.05,0.04,13.0,9.12,0.0,0.0,0.09349593495934959,0.0,0.1,0.08,12.0,10.227272727272727,0.0,0.0,0.08943089430894309,0.0,0.1,0.08,18.0,10.142857142857142,0.0,0.0,0.08943089430894309,0.1,0.15,0.08,5.0,10.238095238095237,0.0,0.0,0.09349593495934959,0.0,0.0,0.02,49.0,7.954545454545454,0.0,0.0,0.08943089430894309,0.2,0.15,0.12,1.0,11.380952380952381,0.0,1.0,0.08536585365853659,0.0,0.0,0.1,26.0,10.85,0.0,0.0,0.10569105691056911,0.1,0.05,0.08,3.0,9.52,0.0,0.0,0.10975609756097561,0.1,0.05,0.08,9.0,8.846153846153847,0.0,0.0,0.13821138211382114,0.3,0.25,0.14,2.0,7.242424242424242,0.0,0.0,0.1016260162601626,0.0,0.0,0.1,27.0,9.041666666666666,0.0,0.0,0.09349593495934959,0.2,0.15,0.12,6.0,10.5,0.0,0.0,0.07723577235772358,0.1,0.05,0.08,4.0,12.222222222222221,0.0,0.0,0.10569105691056911,0.1,0.15,0.18,3.0,9.68,0.0,0.0,0.10569105691056911,0.1,0.15,0.12,8.0,9.48,0.0,0.0,0.09349593495934959,0.1,0.05,0.08,3.0,10.863636363636363,0.0,0.0,0.12601626016260162,0.1,0.15,0.16,7.0,7.833333333333333,0.0,0.0,0.10975609756097561,0.0,0.1,0.12,12.0,8.76923076923077,0.0,0.0,0.06504065040650407,0.1,0.1,0.08,5.0,15.066666666666666,0.0,0.0,0.07723577235772358,0.1,0.1,0.06,1.0,13.5,0.0,1.0,0.1016260162601626,0.1,0.15,0.14,5.0,9.916666666666666,0.0,0.0,0.1016260162601626,0.1,0.1,0.08,0.0,9.875,1.0,1.0,0.09349593495934959,0.3,0.25,0.18,2.0,10.5,0.0,0.0,0.11382113821138211,0.0,0.0,0.12,21.0,8.296296296296296,0.0,0.0,0.1016260162601626,0.0,0.05,0.1,11.0,9.708333333333334,0.0,0.0,0.10975609756097561,0.2,0.15,0.14,4.0,9.26923076923077,0.0,0.0,0.0975609756097561,0.1,0.1,0.1,2.0,9.608695652173912,0.0,0.0,0.13414634146341464,0.1,0.05,0.04,9.0,7.21875,0.0,0.0,0.08943089430894309,0.0,0.1,0.06,10.0,9.666666666666666,0.0,0.0,0.08943089430894309,0.0,0.15,0.14,14.0,10.619047619047619,0.0,0.0,0.09349593495934959,0.0,0.05,0.1,13.0,10.5,0.0,0.0,0.12601626016260162,0.1,0.15,0.2,3.0,7.8,0.0,0.0,0.08536585365853659,0.0,0.0,0.02,33.0,10.05,0.0,0.0,0.08130081300813008,0.1,0.05,0.06,8.0,12.421052631578947,0.0,0.0,0.1016260162601626,0.2,0.15,0.1,0.0,9.833333333333334,1.0,1.0,0.13821138211382114,0.1,0.2,0.1,8.0,6.818181818181818,0.0,0.0,0.11788617886178862,0.3,0.2,0.12,0.0,8.75,1.0,1.0,0.10569105691056911,0.2,0.1,0.12,0.0,9.52,1.0,1.0,180.0,3.0,40.0,1.0,0.0,1.0,3.0,246.0,9.0,21.0,6.0,0,0,0,1,0,0,0,0,0,0,0,0,0,0,0,0,0,0,1,0,0,1,0,0,0,1,0,0,0,0,0,0,0,0,0,0,1,0,0,0,0,0,0,0,0,0,0,0
2025-10-01,0.15789473684210525,0.1,0.2,0.16,7.0,6.2368421052631575,0.0,0.0,0.10931174089068826,0.1,0.1,0.08,5.0,9.153846153846153,0.0,0.0,0.09716599190283401,0.2,0.1,0.08,3.0,10.304347826086957,0.0,0.0,0.10931174089068826,0.1,0.1,0.22,0.0,8.307692307692308,1.0,1.0,0.11336032388663968,0.1,0.05,0.1,3.0,8.88888888888889,0.0,0.0,0.08097165991902834,0.2,0.15,0.1,2.0,12.631578947368421,0.0,0.0,0.12955465587044535,0.1,0.1,0.16,5.0,7.0,0.0,0.0,0.09716599190283401,0.2,0.1,0.14,1.0,10.347826086956522,0.0,1.0,0.1214574898785425,0.0,0.0,0.0,52.0,6.448275862068965,0.0,0.0,0.145748987854251,0.2,0.15,0.14,2.0,6.685714285714286,0.0,0.0,0.10526315789473684,0.0,0.05,0.04,14.0,9.12,0.0,0.0,0.0931174089068826,0.0,0.05,0.08,13.0,10.227272727272727,0.0,0.0,0.08906882591093117,0.0,0.05,0.08,19.0,10.142857142857142,0.0,0.0,0.08906882591093117,0.1,0.15,0.08,6.0,10.238095238095237,0.0,0.0,0.0931174089068826,0.0,0.0,0.0,50.0,7.954545454545454,0.0,0.0,0.08906882591093117,0.2,0.15,0.12,2.0,11.380952380952381,0.0,0.0,0.08502024291497975,0.0,0.0,0.1,27.0,10.85,0.0,0.0,0.10526315789473684,0.1,0.05,0.08,4.0,9.52,0.0,0.0,0.11336032388663968,0.1,0.1,0.1,0.0,8.88888888888889,1.0,1.0,0.13765182186234817,0.2,0.25,0.14,3.0,7.242424242424242,0.0,0.0,0.10121457489878542,0.0,0.0,0.1,28.0,9.041666666666666,0.0,0.0,0.09716599190283401,0.3,0.2,0.14,0.0,10.347826086956522,1.0,1.0,0.07692307692307693,0.1,0.05,0.08,5.0,12.222222222222221,0.0,0.0,0.10526315789473684,0.1,0.15,0.16,4.0,9.68,0.0,0.0,0.10526315789473684,0.1,0.15,0.12,9.0,9.48,0.0,0.0,0.09716599190283401,0.2,0.1,0.1,0.0,10.565217391304348,1.0,1.0,0.12550607287449392,0.1,0.15,0.14,8.0,7.833333333333333,0.0,0.0,0.10931174089068826,0.0,0.1,0.12,13.0,8.76923076923077,0.0,0.0,0.06477732793522267,0.1,0.05,0.08,6.0,15.066666666666666,0.0,0.0,0.07692307692307693,0.1,0.1,0.06,2.0,13.5,0.0,0.0,0.10121457489878542,0.1,0.15,0.14,6.0,9.916666666666666,0.0,0.0,0.10121457489878542,0.1,0.1,0.08,1.0,9.875,0.0,1.0,0.0931174089068826,0.3,0.25,0.16,3.0,10.5,0.0,0.0,0.11336032388663968,0.0,0.0,0.12,22.0,8.296296296296296,0.0,0.0,0.10121457489878542,0.0,0.05,0.1,12.0,9.708333333333334,0.0,0.0,0.10931174089068826,0.2,0.15,0.14,5.0,9.26923076923077,0.0,0.0,0.10121457489878542,0.2,0.15,0.12,0.0,9.333333333333334,1.0,1.0,0.13360323886639677,0.0,0.05,0.04,10.0,7.21875,0.0,0.0,0.08906882591093117,0.0,0.1,0.06,11.0,9.666666666666666,0.0,0.0,0.08906882591093117,0.0,0.15,0.14,15.0,10.619047619047619,0.0,0.0,0.0931174089068826,0.0,0.05,0.1,14.0,10.5,0.0,0.0,0.12550607287449392,0.1,0.15,0.18,4.0,7.8,0.0,0.0,0.08502024291497975,0.0,0.0,0.02,34.0,10.05,0.0,0.0,0.08097165991902834,0.1,0.05,0.06,9.0,12.421052631578947,0.0,0.0,0.10121457489878542,0.2,0.15,0.1,1.0,9.833333333333334,0.0,1.0,0.13765182186234817,0.1,0.2,0.1,9.0,6.818181818181818,0.0,0.0,0.11740890688259109,0.3,0.2,0.12,1.0,8.75,0.0,1.0,0.10526315789473684,0.2,0.1,0.12,1.0,9.52,0.0,1.0,108.0,3.0,33.0,1.0,2.0,1.0,1.0,247.0,9.0,28.0,6.0,0,0,0,0,0,0,0,0,0,0,1,0,0,0,0,0,0,0,0,0,0,0,0,0,1,0,0,0,1,0,0,1,0,0,0,1,0,0,0,0,0,0,0,0,0,0,0,0
2025-10-05,0.15725806451612903,0.1,0.2,0.16,8.0,6.2368421052631575,0.0,0.0,0.10887096774193548,0.1,0.1,0.08,6.0,9.153846153846153,0.0,0.0,0.0967741935483871,0.2,0.1,0.08,4.0,10.304347826086957,0.0,0.0,0.10887096774193548,0.1,0.1,0.22,1.0,8.307692307692308,0.0,1.0,0.11290322580645161,0.1,0.05,0.1,4.0,8.88888888888889,0.0,0.0,0.08064516129032258,0.2,0.15,0.1,3.0,12.631578947368421,0.0,0.0,0.12903225806451613,0.1,0.1,0.16,6.0,7.0,0.0,0.0,0.0967741935483871,0.2,0.1,0.14,2.0,10.347826086956522,0.0,0.0,0.12096774193548387,0.0,0.0,0.0,53.0,6.448275862068965,0.0,0.0,0.14516129032258066,0.1,0.15,0.14,3.0,6.685714285714286,0.0,0.0,0.10887096774193548,0.1,0.1,0.06,0.0,9.346153846153847,1.0,1.0,0.09274193548387097,0.0,0.05,0.08,14.0,10.227272727272727,0.0,0.0,0.08870967741935484,0.0,0.0,0.08,20.0,10.142857142857142,0.0,0.0,0.08870967741935484,0.1,0.15,0.08,7.0,10.238095238095237,0.0,0.0,0.09274193548387097,0.0,0.0,0.0,51.0,7.954545454545454,0.0,0.0,0.08870967741935484,0.1,0.15,0.12,3.0,11.380952380952381,0.0,0.0,0.0846774193548387,0.0,0.0,0.1,28.0,10.85,0.0,0.0,0.10483870967741936,0.1,0.05,0.08,5.0,9.52,0.0,0.0,0.11290322580645161,0.1,0.1,0.1,1.0,8.88888888888889,0.0,1.0,0.13709677419354838,0.2,0.25,0.14,4.0,7.242424242424242,0.0,0.0,0.10080645161290322,0.0,0.0,0.1,29.0,9.041666666666666,0.0,0.0,0.0967741935483871,0.3,0.2,0.14,1.0,10.347826086956522,0.0,1.0,0.07661290322580645,0.1,0.05,0.08,6.0,12.222222222222221,0.0,0.0,0.10483870967741936,0.1,0.15,0.16,5.0,9.68,0.0,0.0,0.10887096774193548,0.1,0.2,0.14,0.0,9.5,1.0,1.0,0.0967741935483871,0.2,0.1,0.1,1.0,10.565217391304348,0.0,1.0,0.125,0.1,0.15,0.12,9.0,7.833333333333333,0.0,0.0,0.10887096774193548,0.0,0.1,0.1,14.0,8.76923076923077,0.0,0.0,0.06854838709677419,0.2,0.1,0.1,0.0,14.5625,1.0,1.0,0.07661290322580645,0.1,0.05,0.06,3.0,13.5,0.0,0.0,0.10080645161290322,0.1,0.1,0.14,7.0,9.916666666666666,0.0,0.0,0.10483870967741936,0.2,0.15,0.1,0.0,9.56,1.0,1.0,0.09274193548387097,0.3,0.25,0.16,4.0,10.5,0.0,0.0,0.11290322580645161,0.0,0.0,0.12,23.0,8.296296296296296,0.0,0.0,0.10080645161290322,0.0,0.05,0.1,13.0,9.708333333333334,0.0,0.0,0.11290322580645161,0.3,0.2,0.16,0.0,9.148148148148149,1.0,1.0,0.10080645161290322,0.2,0.15,0.12,1.0,9.333333333333334,0.0,1.0,0.13306451612903225,0.0,0.05,0.04,11.0,7.21875,0.0,0.0,0.08870967741935484,0.0,0.1,0.06,12.0,9.666666666666666,0.0,0.0,0.08870967741935484,0.0,0.15,0.12,16.0,10.619047619047619,0.0,0.0,0.09274193548387097,0.0,0.05,0.08,15.0,10.5,0.0,0.0,0.125,0.1,0.15,0.18,5.0,7.8,0.0,0.0,0.0846774193548387,0.0,0.0,0.02,35.0,10.05,0.0,0.0,0.08064516129032258,0.0,0.05,0.06,10.0,12.421052631578947,0.0,0.0,0.10080645161290322,0.2,0.1,0.1,2.0,9.833333333333334,0.0,0.0,0.13709677419354838,0.0,0.15,0.1,10.0,6.818181818181818,0.0,0.0,0.11693548387096774,0.3,0.2,0.12,2.0,8.75,0.0,0.0,0.10483870967741936,0.2,0.1,0.1,2.0,9.52,0.0,0.0,133.0,2.0,25.0,1.0,0.0,4.0,0.0,248.0,10.0,1.0,2.0,0,0,0,0,0,0,0,0,0,1,1,0,0,0,0,0,1,1,0,0,0,0,0,0,1,0,0,0,0,0,0,0,0,0,0,0,0,0,0,0,0,0,0,0,0,0,0,0
2025-10-08,0.1566265060240964,0.1,0.15,0.16,9.0,6.2368421052631575,0.0,0.0,0.10843373493975904,0.1,0.1,0.08,7.0,9.153846153846153,0.0,0.0,0.0963855421686747,0.2,0.1,0.08,5.0,10.304347826086957,0.0,0.0,0.10843373493975904,0.1,0.1,0.2,2.0,8.307692307692308,0.0,0.0,0.11244979919678715,0.1,0.05,0.1,5.0,8.88888888888889,0.0,0.0,0.08032128514056225,0.1,0.15,0.1,4.0,12.631578947368421,0.0,0.0,0.1285140562248996,0.1,0.1,0.14,7.0,7.0,0.0,0.0,0.0963855421686747,0.2,0.1,0.12,3.0,10.347826086956522,0.0,0.0,0.12048192771084337,0.0,0.0,0.0,54.0,6.448275862068965,0.0,0.0,0.14859437751004015,0.2,0.2,0.16,0.0,6.611111111111111,1.0,1.0,0.11244979919678715,0.2,0.15,0.08,0.0,9.037037037037036,1.0,1.0,0.09236947791164658,0.0,0.05,0.08,15.0,10.227272727272727,0.0,0.0,0.08835341365461848,0.0,0.0,0.08,21.0,10.142857142857142,0.0,0.0,0.08835341365461848,0.1,0.1,0.08,8.0,10.238095238095237,0.0,0.0,0.09236947791164658,0.0,0.0,0.0,52.0,7.954545454545454,0.0,0.0,0.08835341365461848,0.1,0.15,0.12,4.0,11.380952380952381,0.0,0.0,0.08835341365461848,0.1,0.05,0.12,0.0,11.714285714285714,1.0,1.0,0.10843373493975904,0.2,0.1,0.1,0.0,9.384615384615385,1.0,1.0,0.11244979919678715,0.1,0.1,0.08,2.0,8.88888888888889,0.0,0.0,0.13654618473895583,0.2,0.25,0.14,5.0,7.242424242424242,0.0,0.0,0.10040160642570281,0.0,0.0,0.1,30.0,9.041666666666666,0.0,0.0,0.0963855421686747,0.2,0.2,0.14,2.0,10.347826086956522,0.0,0.0,0.07630522088353414,0.1,0.05,0.08,7.0,12.222222222222221,0.0,0.0,0.10441767068273092,0.1,0.15,0.16,6.0,9.68,0.0,0.0,0.11244979919678715,0.2,0.25,0.16,0.0,9.185185185185185,1.0,1.0,0.0963855421686747,0.2,0.1,0.1,2.0,10.565217391304348,0.0,0.0,0.12449799196787148,0.0,0.1,0.1,10.0,7.833333333333333,0.0,0.0,0.10843373493975904,0.0,0.1,0.1,15.0,8.76923076923077,0.0,0.0,0.06827309236947791,0.2,0.1,0.1,1.0,14.5625,0.0,1.0,0.07630522088353414,0.1,0.05,0.06,4.0,13.5,0.0,0.0,0.10040160642570281,0.1,0.1,0.14,8.0,9.916666666666666,0.0,0.0,0.10441767068273092,0.2,0.15,0.1,1.0,9.56,0.0,1.0,0.09236947791164658,0.2,0.25,0.16,5.0,10.5,0.0,0.0,0.11244979919678715,0.0,0.0,0.12,24.0,8.296296296296296,0.0,0.0,0.10040160642570281,0.0,0.05,0.1,14.0,9.708333333333334,0.0,0.0,0.11244979919678715,0.3,0.2,0.16,1.0,9.148148148148149,0.0,1.0,0.10040160642570281,0.2,0.15,0.12,2.0,9.333333333333334,0.0,0.0,0.13253012048192772,0.0,0.05,0.04,12.0,7.21875,0.0,0.0,0.08835341365461848,0.0,0.1,0.06,13.0,9.666666666666666,0.0,0.0,0.08835341365461848,0.0,0.1,0.12,17.0,10.619047619047619,0.0,0.0,0.09236947791164658,0.0,0.05,0.08,16.0,10.5,0.0,0.0,0.12449799196787148,0.1,0.15,0.18,6.0,7.8,0.0,0.0,0.08433734939759036,0.0,0.0,0.02,36.0,10.05,0.0,0.0,0.08032128514056225,0.0,0.05,0.06,11.0,12.421052631578947,0.0,0.0,0.10040160642570281,0.2,0.1,0.1,3.0,9.833333333333334,0.0,0.0,0.13654618473895583,0.0,0.1,0.1,11.0,6.818181818181818,0.0,0.0,0.11646586345381527,0.2,0.2,0.12,3.0,8.75,0.0,0.0,0.10441767068273092,0.2,0.1,0.1,3.0,9.52,0.0,0.0,81.0,2.0,15.0,2.0,2.0,1.0,0.0,249.0,10.0,5.0,6.0,0,0,1,0,0,0,0,0,0,0,1,1,0,1,1,0,0,0,0,0,0,0,0,0,0,0,0,0,0,0,0,0,0,0,0,0,0,0,0,0,0,0,0,0,0,0,0,0
2025-10-13,0.156,0.0,0.15,0.16,10.0,6.2368421052631575,0.0,0.0,0.108,0.1,0.1,0.08,8.0,9.153846153846153,0.0,0.0,0.1,0.3,0.15,0.1,0.0,10.125,1.0,1.0,0.108,0.1,0.1,0.2,3.0,8.307692307692308,0.0,0.0,0.112,0.1,0.05,0.08,6.0,8.88888888888889,0.0,0.0,0.08,0.1,0.15,0.1,5.0,12.631578947368421,0.0,0.0,0.128,0.1,0.05,0.12,8.0,7.0,0.0,0.0,0.096,0.2,0.1,0.12,4.0,10.347826086956522,0.0,0.0,0.12,0.0,0.0,0.0,55.0,6.448275862068965,0.0,0.0,0.148,0.2,0.2,0.14,1.0,6.611111111111111,0.0,1.0,0.116,0.3,0.2,0.1,0.0,8.75,1.0,1.0,0.096,0.1,0.1,0.1,0.0,10.478260869565217,1.0,1.0,0.088,0.0,0.0,0.08,22.0,10.142857142857142,0.0,0.0,0.092,0.2,0.15,0.1,0.0,10.181818181818182,1.0,1.0,0.096,0.1,0.05,0.02,0.0,9.91304347826087,1.0,1.0,0.088,0.1,0.15,0.12,5.0,11.380952380952381,0.0,0.0,0.088,0.1,0.05,0.12,1.0,11.714285714285714,0.0,1.0,0.108,0.2,0.1,0.1,1.0,9.384615384615385,0.0,1.0,0.112,0.1,0.1,0.08,3.0,8.88888888888889,0.0,0.0,0.136,0.1,0.25,0.14,6.0,7.242424242424242,0.0,0.0,0.1,0.0,0.0,0.08,31.0,9.041666666666666,0.0,0.0,0.096,0.1,0.2,0.14,3.0,10.347826086956522,0.0,0.0,0.076,0.1,0.05,0.08,8.0,12.222222222222221,0.0,0.0,0.104,0.1,0.15,0.16,7.0,9.68,0.0,0.0,0.112,0.2,0.2,0.16,1.0,9.185185185185185,0.0,1.0,0.096,0.2,0.1,0.1,3.0,10.565217391304348,0.0,0.0,0.124,0.0,0.1,0.1,11.0,7.833333333333333,0.0,0.0,0.108,0.0,0.1,0.1,16.0,8.76923076923077,0.0,0.0,0.068,0.2,0.1,0.1,2.0,14.5625,0.0,0.0,0.076,0.1,0.05,0.06,5.0,13.5,0.0,0.0,0.1,0.1,0.1,0.14,9.0,9.916666666666666,0.0,0.0,0.104,0.2,0.15,0.1,2.0,9.56,0.0,0.0,0.092,0.1,0.25,0.16,6.0,10.5,0.0,0.0,0.112,0.0,0.0,0.1,25.0,8.296296296296296,0.0,0.0,0.1,0.0,0.05,0.1,15.0,9.708333333333334,0.0,0.0,0.112,0.2,0.2,0.16,2.0,9.148148148148149,0.0,0.0,0.1,0.2,0.15,0.12,3.0,9.333333333333334,0.0,0.0,0.132,0.0,0.05,0.04,13.0,7.21875,0.0,0.0,0.088,0.0,0.05,0.06,14.0,9.666666666666666,0.0,0.0,0.088,0.0,0.05,0.12,18.0,10.619047619047619,0.0,0.0,0.092,0.0,0.05,0.08,17.0,10.5,0.0,0.0,0.124,0.1,0.15,0.18,7.0,7.8,0.0,0.0,0.084,0.0,0.0,0.02,37.0,10.05,0.0,0.0,0.08,0.0,0.05,0.06,12.0,12.421052631578947,0.0,0.0,0.1,0.2,0.1,0.1,4.0,9.833333333333334,0.0,0.0,0.136,0.0,0.05,0.1,12.0,6.818181818181818,0.0,0.0,0.116,0.2,0.2,0.12,4.0,8.75,0.0,0.0,0.104,0.2,0.1,0.1,4.0,9.52,0.0,0.0,55.0,2.0,12.0,3.0,2.0,0.0,0.0,250.0,10.0,8.0,2.0,0,0,0,0,0,0,0,0,0,0,1,0,0,0,0,0,0,0,0,0,0,0,0,0,0,0,0,0,0,1,1,0,0,0,0,0,1,0,0,0,0,0,0,0,0,1,0,0
2025-10-19,0.1553784860557769,0.0,0.15,0.16,11.0,6.2368421052631575,0.0,0.0,0.10756972111553785,0.1,0.1,0.08,9.0,9.153846153846153,0.0,0.0,0.099601593625498,0.2,0.15,0.1,1.0,10.125,0.0,1.0,0.10756972111553785,0.1,0.1,0.2,4.0,8.307692307692308,0.0,0.0,0.11155378486055777,0.1,0.05,0.08,7.0,8.88888888888889,0.0,0.0,0.0796812749003984,0.1,0.15,0.1,6.0,12.631578947368421,0.0,0.0,0.12749003984063745,0.1,0.05,0.12,9.0,7.0,0.0,0.0,0.09561752988047809,0.2,0.1,0.12,5.0,10.347826086956522,0.0,0.0,0.11952191235059761,0.0,0.0,0.0,56.0,6.448275862068965,0.0,0.0,0.14741035856573706,0.2,0.2,0.14,2.0,6.611111111111111,0.0,0.0,0.11952191235059761,0.4,0.25,0.12,0.0,8.482758620689655,1.0,1.0,0.09561752988047809,0.1,0.1,0.1,1.0,10.478260869565217,0.0,1.0,0.08764940239043825,0.0,0.0,0.08,23.0,10.142857142857142,0.0,0.0,0.09163346613545817,0.1,0.1,0.1,1.0,10.181818181818182,0.0,1.0,0.09561752988047809,0.1,0.05,0.02,1.0,9.91304347826087,0.0,1.0,0.08764940239043825,0.1,0.1,0.1,6.0,11.380952380952381,0.0,0.0,0.08764940239043825,0.1,0.05,0.12,2.0,11.714285714285714,0.0,0.0,0.10756972111553785,0.2,0.1,0.1,2.0,9.384615384615385,0.0,0.0,0.11155378486055777,0.1,0.1,0.08,4.0,8.88888888888889,0.0,0.0,0.13545816733067728,0.1,0.25,0.14,7.0,7.242424242424242,0.0,0.0,0.099601593625498,0.0,0.0,0.06,32.0,9.041666666666666,0.0,0.0,0.09561752988047809,0.1,0.2,0.14,4.0,10.347826086956522,0.0,0.0,0.07569721115537849,0.1,0.05,0.08,9.0,12.222222222222221,0.0,0.0,0.10358565737051793,0.1,0.1,0.16,8.0,9.68,0.0,0.0,0.11155378486055777,0.2,0.2,0.16,2.0,9.185185185185185,0.0,0.0,0.09561752988047809,0.2,0.1,0.1,4.0,10.565217391304348,0.0,0.0,0.12350597609561753,0.0,0.1,0.1,12.0,7.833333333333333,0.0,0.0,0.10756972111553785,0.0,0.1,0.1,17.0,8.76923076923077,0.0,0.0,0.06772908366533864,0.1,0.1,0.1,3.0,14.5625,0.0,0.0,0.0796812749003984,0.2,0.1,0.08,0.0,13.105263157894736,1.0,1.0,0.10358565737051793,0.1,0.15,0.14,0.0,9.92,1.0,1.0,0.10358565737051793,0.2,0.15,0.1,3.0,9.56,0.0,0.0,0.09163346613545817,0.1,0.2,0.14,7.0,10.5,0.0,0.0,0.11155378486055777,0.0,0.0,0.1,26.0,8.296296296296296,0.0,0.0,0.099601593625498,0.0,0.05,0.08,16.0,9.708333333333334,0.0,0.0,0.11155378486055777,0.2,0.15,0.16,3.0,9.148148148148149,0.0,0.0,0.10358565737051793,0.3,0.2,0.14,0.0,9.12,1.0,1.0,0.13147410358565736,0.0,0.05,0.04,14.0,7.21875,0.0,0.0,0.08764940239043825,0.0,0.05,0.06,15.0,9.666666666666666,0.0,0.0,0.08764940239043825,0.0,0.05,0.12,19.0,10.619047619047619,0.0,0.0,0.09163346613545817,0.0,0.05,0.08,18.0,10.5,0.0,0.0,0.12350597609561753,0.1,0.15,0.18,8.0,7.8,0.0,0.0,0.08366533864541832,0.0,0.0,0.02,38.0,10.05,0.0,0.0,0.0796812749003984,0.0,0.05,0.06,13.0,12.421052631578947,0.0,0.0,0.099601593625498,0.2,0.1,0.1,5.0,9.833333333333334,0.0,0.0,0.1394422310756972,0.1,0.1,0.12,0.0,7.0,1.0,1.0,0.11553784860557768,0.1,0.2,0.12,5.0,8.75,0.0,0.0,0.10358565737051793,0.2,0.1,0.1,5.0,9.52,0.0,0.0,155.0,2.0,35.0,1.0,0.0,2.0,2.0,251.0,10.0,13.0,0.0,0,0,0,0,0,0,0,0,1,0,0,0,0,0,0,0,0,0,1,0,0,0,0,0,1,0,0,0,0,0,1,0,0,0,0,0,0,0,0,0,0,0,1,0,0,0,0,0
2025-10-22,0.15476190476190477,0.0,0.15,0.16,12.0,6.2368421052631575,0.0,0.0,0.10714285714285714,0.0,0.1,0.08,10.0,9.153846153846153,0.0,0.0,0.0992063492063492,0.2,0.15,0.1,2.0,10.125,0.0,0.0,0.10714285714285714,0.1,0.1,0.18,5.0,8.307692307692308,0.0,0.0,0.1111111111111111,0.1,0.05,0.08,8.0,8.88888888888889,0.0,0.0,0.07936507936507936,0.1,0.15,0.1,7.0,12.631578947368421,0.0,0.0,0.12698412698412698,0.0,0.05,0.1,10.0,7.0,0.0,0.0,0.09523809523809523,0.2,0.1,0.1,6.0,10.347826086956522,0.0,0.0,0.12301587301587301,0.1,0.05,0.02,0.0,8.133333333333333,1.0,1.0,0.14682539682539683,0.2,0.2,0.14,3.0,6.611111111111111,0.0,0.0,0.11904761904761904,0.4,0.25,0.12,1.0,8.482758620689655,0.0,1.0,0.09523809523809523,0.1,0.1,0.1,2.0,10.478260869565217,0.0,0.0,0.0873015873015873,0.0,0.0,0.08,24.0,10.142857142857142,0.0,0.0,0.09126984126984126,0.1,0.1,0.1,2.0,10.181818181818182,0.0,0.0,0.09523809523809523,0.1,0.05,0.02,2.0,9.91304347826087,0.0,0.0,0.0873015873015873,0.1,0.1,0.1,7.0,11.380952380952381,0.0,0.0,0.0873015873015873,0.1,0.05,0.12,3.0,11.714285714285714,0.0,0.0,0.10714285714285714,0.2,0.1,0.1,3.0,9.384615384615385,0.0,0.0,0.11507936507936507,0.2,0.15,0.1,0.0,8.75,1.0,1.0,0.1349206349206349,0.1,0.25,0.14,8.0,7.242424242424242,0.0,0.0,0.0992063492063492,0.0,0.0,0.06,33.0,9.041666666666666,0.0,0.0,0.09523809523809523,0.1,0.2,0.14,5.0,10.347826086956522,0.0,0.0,0.07539682539682539,0.0,0.05,0.08,10.0,12.222222222222221,0.0,0.0,0.10317460317460317,0.1,0.05,0.16,9.0,9.68,0.0,0.0,0.11507936507936507,0.3,0.2,0.18,0.0,8.964285714285714,1.0,1.0,0.09523809523809523,0.2,0.1,0.1,5.0,10.565217391304348,0.0,0.0,0.12301587301587301,0.0,0.05,0.1,13.0,7.833333333333333,0.0,0.0,0.10714285714285714,0.0,0.05,0.1,18.0,8.76923076923077,0.0,0.0,0.06746031746031746,0.1,0.1,0.1,4.0,14.5625,0.0,0.0,0.07936507936507936,0.2,0.1,0.08,1.0,13.105263157894736,0.0,1.0,0.10714285714285714,0.2,0.2,0.16,0.0,9.576923076923077,1.0,1.0,0.10317460317460317,0.2,0.15,0.1,4.0,9.56,0.0,0.0,0.09126984126984126,0.1,0.2,0.14,8.0,10.5,0.0,0.0,0.1111111111111111,0.0,0.0,0.1,27.0,8.296296296296296,0.0,0.0,0.0992063492063492,0.0,0.05,0.08,17.0,9.708333333333334,0.0,0.0,0.1111111111111111,0.1,0.15,0.16,4.0,9.148148148148149,0.0,0.0,0.10317460317460317,0.3,0.2,0.14,1.0,9.12,0.0,1.0,0.13095238095238096,0.0,0.05,0.04,15.0,7.21875,0.0,0.0,0.0873015873015873,0.0,0.05,0.06,16.0,9.666666666666666,0.0,0.0,0.0873015873015873,0.0,0.0,0.12,20.0,10.619047619047619,0.0,0.0,0.09126984126984126,0.0,0.05,0.08,19.0,10.5,0.0,0.0,0.12301587301587301,0.1,0.15,0.16,9.0,7.8,0.0,0.0,0.0873015873015873,0.1,0.05,0.04,0.0,11.428571428571429,1.0,1.0,0.07936507936507936,0.0,0.05,0.06,14.0,12.421052631578947,0.0,0.0,0.0992063492063492,0.2,0.1,0.1,6.0,9.833333333333334,0.0,0.0,0.1388888888888889,0.1,0.1,0.12,1.0,7.0,0.0,1.0,0.11507936507936507,0.1,0.2,0.1,6.0,8.75,0.0,0.0,0.10317460317460317,0.1,0.1,0.1,6.0,9.52,0.0,0.0,127.0,0.0,34.0,1.0,1.0,2.0,1.0,252.0,10.0,19.0,6.0,0,0,0,0,0,0,0,0,1,0,0,0,0,1,0,0,0,1,0,0,0,0,0,0,0,0,0,0,0,0,0,0,0,0,0,0,0,0,1,0,1,0,0,0,0,0,0,0
2025-10-26,0.1541501976284585,0.0,0.1,0.16,13.0,6.2368421052631575,0.0,0.0,0.1067193675889328,0.0,0.1,0.08,11.0,9.153846153846153,0.0,0.0,0.09881422924901186,0.2,0.15,0.1,3.0,10.125,0.0,0.0,0.1067193675889328,0.1,0.1,0.18,6.0,8.307692307692308,0.0,0.0,0.11067193675889328,0.1,0.05,0.08,9.0,8.88888888888889,0.0,0.0,0.07905138339920949,0.1,0.1,0.1,8.0,12.631578947368421,0.0,0.0,0.12648221343873517,0.0,0.05,0.1,11.0,7.0,0.0,0.0,0.09486166007905138,0.1,0.1,0.1,7.0,10.347826086956522,0.0,0.0,0.12648221343873517,0.2,0.1,0.04,0.0,7.903225806451613,1.0,1.0,0.14624505928853754,0.2,0.2,0.14,4.0,6.611111111111111,0.0,0.0,0.11857707509881422,0.4,0.2,0.12,2.0,8.482758620689655,0.0,0.0,0.09486166007905138,0.1,0.1,0.1,3.0,10.478260869565217,0.0,0.0,0.08695652173913043,0.0,0.0,0.08,25.0,10.142857142857142,0.0,0.0,0.09486166007905138,0.2,0.15,0.12,0.0,9.869565217391305,1.0,1.0,0.09486166007905138,0.1,0.05,0.02,3.0,9.91304347826087,0.0,0.0,0.08695652173913043,0.1,0.1,0.1,8.0,11.380952380952381,0.0,0.0,0.08695652173913043,0.1,0.05,0.12,4.0,11.714285714285714,0.0,0.0,0.11067193675889328,0.2,0.15,0.12,0.0,9.185185185185185,1.0,1.0,0.11462450592885376,0.2,0.15,0.1,1.0,8.75,0.0,1.0,0.13438735177865613,0.1,0.25,0.14,9.0,7.242424242424242,0.0,0.0,0.09881422924901186,0.0,0.0,0.06,34.0,9.041666666666666,0.0,0.0,0.09486166007905138,0.1,0.2,0.14,6.0,10.347826086956522,0.0,0.0,0.07509881422924901,0.0,0.05,0.08,11.0,12.222222222222221,0.0,0.0,0.10276679841897234,0.0,0.05,0.14,10.0,9.68,0.0,0.0,0.11462450592885376,0.3,0.2,0.18,1.0,8.964285714285714,0.0,1.0,0.09486166007905138,0.1,0.1,0.1,6.0,10.565217391304348,0.0,0.0,0.1225296442687747,0.0,0.05,0.08,14.0,7.833333333333333,0.0,0.0,0.1067193675889328,0.0,0.05,0.1,19.0,8.76923076923077,0.0,0.0,0.06719367588932806,0.1,0.1,0.1,5.0,14.5625,0.0,0.0,0.07905138339920949,0.2,0.1,0.08,2.0,13.105263157894736,0.0,0.0,0.1067193675889328,0.2,0.2,0.16,1.0,9.576923076923077,0.0,1.0,0.10276679841897234,0.2,0.15,0.1,5.0,9.56,0.0,0.0,0.09090909090909091,0.1,0.2,0.14,9.0,10.5,0.0,0.0,0.11067193675889328,0.0,0.0,0.08,28.0,8.296296296296296,0.0,0.0,0.09881422924901186,0.0,0.05,0.08,18.0,9.708333333333334,0.0,0.0,0.11067193675889328,0.1,0.15,0.16,5.0,9.148148148148149,0.0,0.0,0.10276679841897234,0.3,0.2,0.14,2.0,9.12,0.0,0.0,0.13043478260869565,0.0,0.05,0.04,16.0,7.21875,0.0,0.0,0.09090909090909091,0.1,0.1,0.08,0.0,10.0,1.0,1.0,0.08695652173913043,0.0,0.0,0.12,21.0,10.619047619047619,0.0,0.0,0.09486166007905138,0.1,0.05,0.08,0.0,10.91304347826087,1.0,1.0,0.1225296442687747,0.0,0.1,0.16,10.0,7.8,0.0,0.0,0.08695652173913043,0.1,0.05,0.04,1.0,11.428571428571429,0.0,1.0,0.07905138339920949,0.0,0.05,0.04,15.0,12.421052631578947,0.0,0.0,0.09881422924901186,0.2,0.1,0.1,7.0,9.833333333333334,0.0,0.0,0.1383399209486166,0.1,0.1,0.12,2.0,7.0,0.0,0.0,0.11462450592885376,0.1,0.2,0.1,7.0,8.75,0.0,0.0,0.10276679841897234,0.1,0.1,0.1,7.0,9.52,0.0,0.0,121.0,2.0,32.0,1.0,2.0,0.0,2.0,253.0,10.0,22.0,2.0,0,0,0,0,0,0,0,0,1,0,0,0,0,0,0,1,0,0,0,0,0,0,0,0,0,1,0,0,0,0,0,0,0,1,0,0,0,0,0,0,0,0,0,0,0,1,0,0
2025-10-29,0.15354330708661418,0.0,0.1,0.16,14.0,6.2368421052631575,0.0,0.0,0.1062992125984252,0.0,0.05,0.08,12.0,9.153846153846153,0.0,0.0,0.0984251968503937,0.1,0.15,0.1,4.0,10.125,0.0,0.0,0.1062992125984252,0.1,0.1,0.18,7.0,8.307692307692308,0.0,0.0,0.11023622047244094,0.0,0.05,0.06,10.0,8.88888888888889,0.0,0.0,0.07874015748031496,0.1,0.1,0.08,9.0,12.631578947368421,0.0,0.0,0.12598425196850394,0.0,0.05,0.1,12.0,7.0,0.0,0.0,0.09448818897637795,0.1,0.1,0.1,8.0,10.347826086956522,0.0,0.0,0.12992125984251968,0.3,0.15,0.06,0.0,7.6875,1.0,1.0,0.14566929133858267,0.2,0.2,0.14,5.0,6.611111111111111,0.0,0.0,0.11811023622047244,0.4,0.2,0.12,3.0,8.482758620689655,0.0,0.0,0.09448818897637795,0.1,0.05,0.1,4.0,10.478260869565217,0.0,0.0,0.08661417322834646,0.0,0.0,0.08,26.0,10.142857142857142,0.0,0.0,0.09448818897637795,0.2,0.15,0.12,1.0,9.869565217391305,0.0,1.0,0.09448818897637795,0.1,0.05,0.02,4.0,9.91304347826087,0.0,0.0,0.09055118110236221,0.2,0.15,0.12,0.0,11.272727272727273,1.0,1.0,0.08661417322834646,0.1,0.05,0.12,5.0,11.714285714285714,0.0,0.0,0.11023622047244094,0.2,0.15,0.12,1.0,9.185185185185185,0.0,1.0,0.1141732283464567,0.2,0.15,0.1,2.0,8.75,0.0,0.0,0.13385826771653545,0.0,0.2,0.14,10.0,7.242424242424242,0.0,0.0,0.0984251968503937,0.0,0.0,0.06,35.0,9.041666666666666,0.0,0.0,0.09448818897637795,0.1,0.2,0.14,7.0,10.347826086956522,0.0,0.0,0.07480314960629922,0.0,0.05,0.08,12.0,12.222222222222221,0.0,0.0,0.10236220472440945,0.0,0.05,0.14,11.0,9.68,0.0,0.0,0.1141732283464567,0.3,0.2,0.18,2.0,8.964285714285714,0.0,0.0,0.0984251968503937,0.2,0.15,0.12,0.0,10.416666666666666,1.0,1.0,0.1220472440944882,0.0,0.05,0.08,15.0,7.833333333333333,0.0,0.0,0.1062992125984252,0.0,0.0,0.1,20.0,8.76923076923077,0.0,0.0,0.06692913385826772,0.1,0.1,0.1,6.0,14.5625,0.0,0.0,0.07874015748031496,0.2,0.1,0.08,3.0,13.105263157894736,0.0,0.0,0.1062992125984252,0.2,0.2,0.16,2.0,9.576923076923077,0.0,0.0,0.10236220472440945,0.2,0.1,0.1,6.0,9.56,0.0,0.0,0.09055118110236221,0.0,0.2,0.14,10.0,10.5,0.0,0.0,0.1141732283464567,0.1,0.05,0.08,0.0,9.035714285714286,1.0,1.0,0.0984251968503937,0.0,0.05,0.08,19.0,9.708333333333334,0.0,0.0,0.11023622047244094,0.1,0.15,0.16,6.0,9.148148148148149,0.0,0.0,0.10236220472440945,0.2,0.2,0.14,3.0,9.12,0.0,0.0,0.12992125984251968,0.0,0.05,0.04,17.0,7.21875,0.0,0.0,0.09055118110236221,0.1,0.1,0.08,1.0,10.0,0.0,1.0,0.08661417322834646,0.0,0.0,0.12,22.0,10.619047619047619,0.0,0.0,0.09448818897637795,0.1,0.05,0.08,1.0,10.91304347826087,0.0,1.0,0.1220472440944882,0.0,0.1,0.16,11.0,7.8,0.0,0.0,0.08661417322834646,0.1,0.05,0.04,2.0,11.428571428571429,0.0,0.0,0.07874015748031496,0.0,0.05,0.02,16.0,12.421052631578947,0.0,0.0,0.0984251968503937,0.2,0.1,0.1,8.0,9.833333333333334,0.0,0.0,0.14173228346456693,0.2,0.15,0.14,0.0,6.885714285714286,1.0,1.0,0.1141732283464567,0.1,0.2,0.1,8.0,8.75,0.0,0.0,0.10236220472440945,0.1,0.1,0.08,8.0,9.52,0.0,0.0,131.0,4.0,37.0,1.0,1.0,2.0,1.0,254.0,10.0,26.0,6.0,0,0,0,1,0,0,0,0,0,0,0,0,0,0,0,0,0,0,0,0,0,0,0,0,0,0,1,0,0,0,1,1,0,0,0,0,0,0,0,0,0,1,0,0,0,0,0,0
2025-11-03,0.15294117647058825,0.0,0.1,0.16,15.0,6.2368421052631575,0.0,0.0,0.10588235294117647,0.0,0.05,0.08,13.0,9.153846153846153,0.0,0.0,0.09803921568627451,0.1,0.15,0.1,5.0,10.125,0.0,0.0,0.10980392156862745,0.2,0.15,0.2,0.0,8.296296296296296,1.0,1.0,0.10980392156862745,0.0,0.05,0.06,11.0,8.88888888888889,0.0,0.0,0.0784313725490196,0.0,0.1,0.08,10.0,12.631578947368421,0.0,0.0,0.12549019607843137,0.0,0.05,0.1,13.0,7.0,0.0,0.0,0.09411764705882353,0.1,0.1,0.1,9.0,10.347826086956522,0.0,0.0,0.12941176470588237,0.3,0.15,0.06,1.0,7.6875,0.0,1.0,0.1450980392156863,0.1,0.15,0.14,6.0,6.611111111111111,0.0,0.0,0.11764705882352941,0.4,0.2,0.12,4.0,8.482758620689655,0.0,0.0,0.09411764705882353,0.1,0.05,0.1,5.0,10.478260869565217,0.0,0.0,0.08627450980392157,0.0,0.0,0.08,27.0,10.142857142857142,0.0,0.0,0.09411764705882353,0.2,0.15,0.12,2.0,9.869565217391305,0.0,0.0,0.09411764705882353,0.1,0.05,0.02,5.0,9.91304347826087,0.0,0.0,0.09019607843137255,0.1,0.15,0.12,1.0,11.272727272727273,0.0,1.0,0.08627450980392157,0.1,0.05,0.12,6.0,11.714285714285714,0.0,0.0,0.10980392156862745,0.2,0.15,0.1,2.0,9.185185185185185,0.0,0.0,0.11372549019607843,0.2,0.15,0.1,3.0,8.75,0.0,0.0,0.13333333333333333,0.0,0.15,0.14,11.0,7.242424242424242,0.0,0.0,0.09803921568627451,0.0,0.0,0.06,36.0,9.041666666666666,0.0,0.0,0.09411764705882353,0.1,0.2,0.14,8.0,10.347826086956522,0.0,0.0,0.07450980392156863,0.0,0.05,0.08,13.0,12.222222222222221,0.0,0.0,0.10196078431372549,0.0,0.05,0.14,12.0,9.68,0.0,0.0,0.11372549019607843,0.3,0.2,0.18,3.0,8.964285714285714,0.0,0.0,0.09803921568627451,0.2,0.15,0.12,1.0,10.416666666666666,0.0,1.0,0.12549019607843137,0.1,0.1,0.1,0.0,8.096774193548388,1.0,1.0,0.10588235294117647,0.0,0.0,0.1,21.0,8.76923076923077,0.0,0.0,0.06666666666666667,0.1,0.1,0.1,7.0,14.5625,0.0,0.0,0.0784313725490196,0.1,0.1,0.08,4.0,13.105263157894736,0.0,0.0,0.10980392156862745,0.3,0.25,0.18,0.0,9.333333333333334,1.0,1.0,0.10588235294117647,0.3,0.15,0.12,0.0,9.461538461538462,1.0,1.0,0.09019607843137255,0.0,0.2,0.12,11.0,10.5,0.0,0.0,0.11372549019607843,0.1,0.05,0.08,1.0,9.035714285714286,0.0,1.0,0.09803921568627451,0.0,0.0,0.08,20.0,9.708333333333334,0.0,0.0,0.10980392156862745,0.1,0.15,0.14,7.0,9.148148148148149,0.0,0.0,0.10196078431372549,0.2,0.15,0.12,4.0,9.12,0.0,0.0,0.12941176470588237,0.0,0.05,0.04,18.0,7.21875,0.0,0.0,0.09019607843137255,0.1,0.1,0.08,2.0,10.0,0.0,0.0,0.08627450980392157,0.0,0.0,0.12,23.0,10.619047619047619,0.0,0.0,0.09411764705882353,0.1,0.05,0.08,2.0,10.91304347826087,0.0,0.0,0.12549019607843137,0.1,0.15,0.18,0.0,7.935483870967742,1.0,1.0,0.08627450980392157,0.1,0.05,0.04,3.0,11.428571428571429,0.0,0.0,0.0784313725490196,0.0,0.05,0.02,17.0,12.421052631578947,0.0,0.0,0.09803921568627451,0.1,0.1,0.1,9.0,9.833333333333334,0.0,0.0,0.1411764705882353,0.2,0.15,0.12,1.0,6.885714285714286,0.0,1.0,0.11372549019607843,0.1,0.15,0.1,9.0,8.75,0.0,0.0,0.10196078431372549,0.1,0.1,0.08,9.0,9.52,0.0,0.0,136.0,3.0,38.0,1.0,0.0,3.0,1.0,255.0,10.0,29.0,2.0,0,1,0,0,0,0,0,0,0,0,0,0,0,0,0,1,0,0,0,0,0,0,0,0,1,0,0,0,1,0,0,0,0,0,0,0,0,0,0,0,0,0,0,0,0,1,0,0
2025-11-06,0.15234375,0.0,0.1,0.16,16.0,6.2368421052631575,0.0,0.0,0.109375,0.1,0.1,0.1,0.0,9.333333333333334,1.0,1.0,0.09765625,0.1,0.15,0.1,6.0,10.125,0.0,0.0,0.109375,0.2,0.15,0.18,1.0,8.296296296296296,0.0,1.0,0.109375,0.0,0.05,0.06,12.0,8.88888888888889,0.0,0.0,0.078125,0.0,0.1,0.08,11.0,12.631578947368421,0.0,0.0,0.125,0.0,0.05,0.08,14.0,7.0,0.0,0.0,0.09375,0.0,0.1,0.1,10.0,10.347826086956522,0.0,0.0,0.12890625,0.3,0.15,0.06,2.0,7.6875,0.0,0.0,0.14453125,0.1,0.15,0.14,7.0,6.611111111111111,0.0,0.0,0.1171875,0.4,0.2,0.12,5.0,8.482758620689655,0.0,0.0,0.09375,0.1,0.05,0.1,6.0,10.478260869565217,0.0,0.0,0.0859375,0.0,0.0,0.08,28.0,10.142857142857142,0.0,0.0,0.09375,0.2,0.15,0.12,3.0,9.869565217391305,0.0,0.0,0.09375,0.1,0.05,0.02,6.0,9.91304347826087,0.0,0.0,0.09375,0.2,0.2,0.14,0.0,10.869565217391305,1.0,1.0,0.0859375,0.1,0.05,0.12,7.0,11.714285714285714,0.0,0.0,0.109375,0.2,0.15,0.1,3.0,9.185185185185185,0.0,0.0,0.11328125,0.2,0.15,0.1,4.0,8.75,0.0,0.0,0.1328125,0.0,0.15,0.14,12.0,7.242424242424242,0.0,0.0,0.09765625,0.0,0.0,0.06,37.0,9.041666666666666,0.0,0.0,0.09375,0.1,0.15,0.14,9.0,10.347826086956522,0.0,0.0,0.07421875,0.0,0.05,0.08,14.0,12.222222222222221,0.0,0.0,0.1015625,0.0,0.05,0.14,13.0,9.68,0.0,0.0,0.1171875,0.4,0.25,0.18,0.0,8.793103448275861,1.0,1.0,0.09765625,0.2,0.15,0.12,2.0,10.416666666666666,0.0,0.0,0.125,0.1,0.1,0.1,1.0,8.096774193548388,0.0,1.0,0.10546875,0.0,0.0,0.1,22.0,8.76923076923077,0.0,0.0,0.0703125,0.2,0.15,0.12,0.0,14.176470588235293,1.0,1.0,0.078125,0.1,0.1,0.08,5.0,13.105263157894736,0.0,0.0,0.109375,0.3,0.2,0.18,1.0,9.333333333333334,0.0,1.0,0.10546875,0.2,0.15,0.12,1.0,9.461538461538462,0.0,1.0,0.08984375,0.0,0.15,0.12,12.0,10.5,0.0,0.0,0.11328125,0.1,0.05,0.08,2.0,9.035714285714286,0.0,0.0,0.09765625,0.0,0.0,0.08,21.0,9.708333333333334,0.0,0.0,0.109375,0.1,0.15,0.14,8.0,9.148148148148149,0.0,0.0,0.1015625,0.2,0.15,0.12,5.0,9.12,0.0,0.0,0.12890625,0.0,0.05,0.04,19.0,7.21875,0.0,0.0,0.08984375,0.1,0.05,0.08,3.0,10.0,0.0,0.0,0.0859375,0.0,0.0,0.12,24.0,10.619047619047619,0.0,0.0,0.09375,0.1,0.05,0.08,3.0,10.91304347826087,0.0,0.0,0.125,0.1,0.1,0.18,1.0,7.935483870967742,0.0,1.0,0.0859375,0.1,0.05,0.04,4.0,11.428571428571429,0.0,0.0,0.078125,0.0,0.05,0.02,18.0,12.421052631578947,0.0,0.0,0.09765625,0.0,0.1,0.08,10.0,9.833333333333334,0.0,0.0,0.14453125,0.3,0.2,0.14,0.0,6.75,1.0,1.0,0.11328125,0.0,0.15,0.08,10.0,8.75,0.0,0.0,0.1015625,0.0,0.1,0.08,10.0,9.52,0.0,0.0,118.0,3.0,44.0,1.0,1.0,2.0,1.0,256.0,11.0,3.0,0.0,1,0,0,0,0,0,0,0,0,0,0,0,0,0,0,0,0,0,1,0,0,0,0,1,0,0,0,1,0,0,1,0,0,0,0,0,0,0,0,0,0,0,0,0,0,0,0,0
2025-11-09,0.1556420233463035,0.1,0.1,0.16,0.0,6.512820512820513,1.0,1.0,0.10894941634241245,0.1,0.1,0.1,1.0,9.333333333333334,0.0,1.0,0.09727626459143969,0.1,0.15,0.1,7.0,10.125,0.0,0.0,0.10894941634241245,0.1,0.1,0.18,2.0,8.296296296296296,0.0,0.0,0.10894941634241245,0.0,0.05,0.06,13.0,8.88888888888889,0.0,0.0,0.07782101167315175,0.0,0.1,0.08,12.0,12.631578947368421,0.0,0.0,0.1245136186770428,0.0,0.05,0.08,15.0,7.0,0.0,0.0,0.0933852140077821,0.0,0.1,0.1,11.0,10.347826086956522,0.0,0.0,0.12840466926070038,0.3,0.15,0.06,3.0,7.6875,0.0,0.0,0.14396887159533073,0.1,0.15,0.14,8.0,6.611111111111111,0.0,0.0,0.11673151750972763,0.4,0.2,0.12,6.0,8.482758620689655,0.0,0.0,0.0933852140077821,0.1,0.05,0.1,7.0,10.478260869565217,0.0,0.0,0.08560311284046693,0.0,0.0,0.08,29.0,10.142857142857142,0.0,0.0,0.0933852140077821,0.2,0.15,0.12,4.0,9.869565217391305,0.0,0.0,0.0933852140077821,0.1,0.05,0.02,7.0,9.91304347826087,0.0,0.0,0.0933852140077821,0.2,0.2,0.12,1.0,10.869565217391305,0.0,1.0,0.08560311284046693,0.1,0.05,0.12,8.0,11.714285714285714,0.0,0.0,0.10894941634241245,0.2,0.15,0.08,4.0,9.185185185185185,0.0,0.0,0.11673151750972763,0.2,0.15,0.1,0.0,8.620689655172415,1.0,1.0,0.13229571984435798,0.0,0.1,0.14,13.0,7.242424242424242,0.0,0.0,0.09727626459143969,0.0,0.0,0.06,38.0,9.041666666666666,0.0,0.0,0.0933852140077821,0.0,0.15,0.14,10.0,10.347826086956522,0.0,0.0,0.07392996108949416,0.0,0.05,0.08,15.0,12.222222222222221,0.0,0.0,0.10505836575875487,0.1,0.1,0.16,0.0,9.846153846153847,1.0,1.0,0.11673151750972763,0.4,0.25,0.18,1.0,8.793103448275861,0.0,1.0,0.09727626459143969,0.1,0.15,0.12,3.0,10.416666666666666,0.0,0.0,0.1245136186770428,0.1,0.1,0.1,2.0,8.096774193548388,0.0,0.0,0.10894941634241245,0.1,0.05,0.12,0.0,9.296296296296296,1.0,1.0,0.07003891050583658,0.2,0.15,0.12,1.0,14.176470588235293,0.0,1.0,0.07782101167315175,0.1,0.1,0.08,6.0,13.105263157894736,0.0,0.0,0.11284046692607004,0.4,0.25,0.2,0.0,9.071428571428571,1.0,1.0,0.10505836575875487,0.2,0.15,0.12,2.0,9.461538461538462,0.0,0.0,0.08949416342412451,0.0,0.15,0.12,13.0,10.5,0.0,0.0,0.11284046692607004,0.1,0.05,0.08,3.0,9.035714285714286,0.0,0.0,0.09727626459143969,0.0,0.0,0.08,22.0,9.708333333333334,0.0,0.0,0.10894941634241245,0.1,0.15,0.12,9.0,9.148148148148149,0.0,0.0,0.10116731517509728,0.1,0.15,0.12,6.0,9.12,0.0,0.0,0.12840466926070038,0.0,0.0,0.04,20.0,7.21875,0.0,0.0,0.08949416342412451,0.1,0.05,0.08,4.0,10.0,0.0,0.0,0.08560311284046693,0.0,0.0,0.12,25.0,10.619047619047619,0.0,0.0,0.0933852140077821,0.1,0.05,0.08,4.0,10.91304347826087,0.0,0.0,0.1245136186770428,0.1,0.1,0.18,2.0,7.935483870967742,0.0,0.0,0.08560311284046693,0.1,0.05,0.04,5.0,11.428571428571429,0.0,0.0,0.07782101167315175,0.0,0.05,0.02,19.0,12.421052631578947,0.0,0.0,0.09727626459143969,0.0,0.1,0.08,11.0,9.833333333333334,0.0,0.0,0.14396887159533073,0.3,0.2,0.14,1.0,6.75,0.0,1.0,0.11284046692607004,0.0,0.15,0.08,11.0,8.75,0.0,0.0,0.10116731517509728,0.0,0.1,0.08,11.0,9.52,0.0,0.0,103.0,2.0,30.0,1.0,2.0,2.0,0.0,257.0,11.0,6.0,3.0,0,0,0,0,1,0,0,0,0,0,0,0,0,0,0,0,0,0,0,1,0,0,0,0,0,0,0,0,0,1,1,0,0,0,0,0,0,0,0,0,0,0,0,0,1,0,0,0
2025-11-12,0.15503875968992248,0.1,0.1,0.16,1.0,6.512820512820513,0.0,1.0,0.10852713178294573,0.1,0.1,0.1,2.0,9.333333333333334,0.0,0.0,0.09689922480620156,0.1,0.15,0.1,8.0,10.125,0.0,0.0,0.10852713178294573,0.1,0.1,0.16,3.0,8.296296296296296,0.0,0.0,0.1124031007751938,0.1,0.1,0.08,0.0,9.071428571428571,1.0,1.0,0.07751937984496124,0.0,0.1,0.08,13.0,12.631578947368421,0.0,0.0,0.12403100775193798,0.0,0.05,0.08,16.0,7.0,0.0,0.0,0.09302325581395349,0.0,0.1,0.08,12.0,10.347826086956522,0.0,0.0,0.12790697674418605,0.3,0.15,0.06,4.0,7.6875,0.0,0.0,0.1434108527131783,0.1,0.1,0.14,9.0,6.611111111111111,0.0,0.0,0.11627906976744186,0.3,0.2,0.12,7.0,8.482758620689655,0.0,0.0,0.09302325581395349,0.1,0.05,0.1,8.0,10.478260869565217,0.0,0.0,0.08527131782945736,0.0,0.0,0.08,30.0,10.142857142857142,0.0,0.0,0.09302325581395349,0.2,0.15,0.12,5.0,9.869565217391305,0.0,0.0,0.09302325581395349,0.1,0.05,0.02,8.0,9.91304347826087,0.0,0.0,0.09302325581395349,0.2,0.15,0.12,2.0,10.869565217391305,0.0,0.0,0.08527131782945736,0.1,0.05,0.12,9.0,11.714285714285714,0.0,0.0,0.10852713178294573,0.2,0.15,0.08,5.0,9.185185185185185,0.0,0.0,0.11627906976744186,0.2,0.15,0.1,1.0,8.620689655172415,0.0,1.0,0.13565891472868216,0.1,0.15,0.16,0.0,7.4411764705882355,1.0,1.0,0.09689922480620156,0.0,0.0,0.06,39.0,9.041666666666666,0.0,0.0,0.09302325581395349,0.0,0.15,0.14,11.0,10.347826086956522,0.0,0.0,0.07364341085271318,0.0,0.05,0.08,16.0,12.222222222222221,0.0,0.0,0.10465116279069768,0.1,0.1,0.16,1.0,9.846153846153847,0.0,1.0,0.11627906976744186,0.3,0.2,0.18,2.0,8.793103448275861,0.0,0.0,0.09689922480620156,0.1,0.15,0.1,4.0,10.416666666666666,0.0,0.0,0.12403100775193798,0.1,0.1,0.1,3.0,8.096774193548388,0.0,0.0,0.10852713178294573,0.1,0.05,0.12,1.0,9.296296296296296,0.0,1.0,0.06976744186046512,0.1,0.15,0.12,2.0,14.176470588235293,0.0,0.0,0.08139534883720931,0.2,0.15,0.1,0.0,12.8,1.0,1.0,0.11627906976744186,0.5,0.3,0.22,0.0,8.793103448275861,1.0,1.0,0.10465116279069768,0.1,0.15,0.12,3.0,9.461538461538462,0.0,0.0,0.08914728682170543,0.0,0.15,0.12,14.0,10.5,0.0,0.0,0.1124031007751938,0.1,0.05,0.08,4.0,9.035714285714286,0.0,0.0,0.09689922480620156,0.0,0.0,0.08,23.0,9.708333333333334,0.0,0.0,0.10852713178294573,0.0,0.15,0.12,10.0,9.148148148148149,0.0,0.0,0.10077519379844961,0.1,0.15,0.12,7.0,9.12,0.0,0.0,0.12790697674418605,0.0,0.0,0.04,21.0,7.21875,0.0,0.0,0.08914728682170543,0.1,0.05,0.08,5.0,10.0,0.0,0.0,0.08527131782945736,0.0,0.0,0.12,26.0,10.619047619047619,0.0,0.0,0.09302325581395349,0.1,0.05,0.08,5.0,10.91304347826087,0.0,0.0,0.12403100775193798,0.1,0.1,0.16,3.0,7.935483870967742,0.0,0.0,0.08527131782945736,0.1,0.05,0.04,6.0,11.428571428571429,0.0,0.0,0.07751937984496124,0.0,0.0,0.02,20.0,12.421052631578947,0.0,0.0,0.10077519379844961,0.1,0.15,0.1,0.0,9.92,1.0,1.0,0.1434108527131783,0.3,0.15,0.14,2.0,6.75,0.0,0.0,0.1124031007751938,0.0,0.15,0.08,12.0,8.75,0.0,0.0,0.10077519379844961,0.0,0.1,0.06,12.0,9.52,0.0,0.0,131.0,2.0,40.0,1.0,1.0,2.0,1.0,258.0,11.0,9.0,6.0,0,0,0,1,0,0,0,0,1,0,0,0,0,0,0,0,1,0,0,0,0,0,0,0,0,0,0,0,0,0,0,0,0,0,0,0,0,0,0,0,0,0,0,0,1,0,1,0
2025-11-16,0.15444015444015444,0.1,0.1,0.16,2.0,6.512820512820513,0.0,0.0,0.10810810810810811,0.1,0.1,0.1,3.0,9.333333333333334,0.0,0.0,0.09652509652509653,0.1,0.15,0.1,9.0,10.125,0.0,0.0,0.11196911196911197,0.2,0.15,0.18,0.0,8.142857142857142,1.0,1.0,0.11196911196911197,0.1,0.1,0.08,1.0,9.071428571428571,0.0,1.0,0.07722007722007722,0.0,0.05,0.08,14.0,12.631578947368421,0.0,0.0,0.12355212355212356,0.0,0.05,0.08,17.0,7.0,0.0,0.0,0.09266409266409266,0.0,0.1,0.08,13.0,10.347826086956522,0.0,0.0,0.13127413127413126,0.4,0.2,0.08,0.0,7.606060606060606,1.0,1.0,0.14285714285714285,0.0,0.1,0.12,10.0,6.611111111111111,0.0,0.0,0.11583011583011583,0.2,0.2,0.12,8.0,8.482758620689655,0.0,0.0,0.09266409266409266,0.1,0.05,0.1,9.0,10.478260869565217,0.0,0.0,0.08494208494208494,0.0,0.0,0.08,31.0,10.142857142857142,0.0,0.0,0.09266409266409266,0.2,0.15,0.12,6.0,9.869565217391305,0.0,0.0,0.09266409266409266,0.1,0.05,0.02,9.0,9.91304347826087,0.0,0.0,0.09266409266409266,0.2,0.15,0.12,3.0,10.869565217391305,0.0,0.0,0.0888030888030888,0.1,0.1,0.14,0.0,11.636363636363637,1.0,1.0,0.10810810810810811,0.1,0.15,0.08,6.0,9.185185185185185,0.0,0.0,0.11583011583011583,0.2,0.15,0.1,2.0,8.620689655172415,0.0,0.0,0.13513513513513514,0.1,0.15,0.16,1.0,7.4411764705882355,0.0,1.0,0.09652509652509653,0.0,0.0,0.04,40.0,9.041666666666666,0.0,0.0,0.09266409266409266,0.0,0.1,0.14,12.0,10.347826086956522,0.0,0.0,0.07335907335907337,0.0,0.05,0.08,17.0,12.222222222222221,0.0,0.0,0.10424710424710425,0.1,0.1,0.16,2.0,9.846153846153847,0.0,0.0,0.11583011583011583,0.2,0.2,0.16,3.0,8.793103448275861,0.0,0.0,0.09652509652509653,0.1,0.15,0.1,5.0,10.416666666666666,0.0,0.0,0.12355212355212356,0.1,0.05,0.1,4.0,8.096774193548388,0.0,0.0,0.10810810810810811,0.1,0.05,0.12,2.0,9.296296296296296,0.0,0.0,0.0694980694980695,0.1,0.15,0.12,3.0,14.176470588235293,0.0,0.0,0.08108108108108109,0.2,0.15,0.1,1.0,12.8,0.0,1.0,0.11583011583011583,0.5,0.3,0.22,1.0,8.793103448275861,0.0,1.0,0.10424710424710425,0.1,0.15,0.12,4.0,9.461538461538462,0.0,0.0,0.0888030888030888,0.0,0.1,0.12,15.0,10.5,0.0,0.0,0.11196911196911197,0.1,0.05,0.08,5.0,9.035714285714286,0.0,0.0,0.09652509652509653,0.0,0.0,0.08,24.0,9.708333333333334,0.0,0.0,0.10810810810810811,0.0,0.15,0.12,11.0,9.148148148148149,0.0,0.0,0.10038610038610038,0.1,0.15,0.1,8.0,9.12,0.0,0.0,0.1274131274131274,0.0,0.0,0.04,22.0,7.21875,0.0,0.0,0.0888030888030888,0.1,0.05,0.08,6.0,10.0,0.0,0.0,0.08494208494208494,0.0,0.0,0.12,27.0,10.619047619047619,0.0,0.0,0.09266409266409266,0.1,0.05,0.08,6.0,10.91304347826087,0.0,0.0,0.12355212355212356,0.1,0.1,0.14,4.0,7.935483870967742,0.0,0.0,0.08494208494208494,0.1,0.05,0.04,7.0,11.428571428571429,0.0,0.0,0.07722007722007722,0.0,0.0,0.02,21.0,12.421052631578947,0.0,0.0,0.10424710424710425,0.2,0.2,0.12,0.0,9.576923076923077,1.0,1.0,0.14285714285714285,0.3,0.15,0.14,3.0,6.75,0.0,0.0,0.11583011583011583,0.1,0.15,0.1,0.0,8.89655172413793,1.0,1.0,0.10038610038610038,0.0,0.1,0.06,13.0,9.52,0.0,0.0,122.0,1.0,43.0,2.0,1.0,0.0,2.0,259.0,11.0,12.0,2.0,0,0,0,0,0,0,0,0,0,0,0,0,0,1,0,0,0,0,0,0,0,0,0,0,0,0,1,0,0,0,0,0,0,0,0,0,0,0,0,0,1,0,0,0,1,0,1,0
2025-11-19,0.15384615384615385,0.1,0.05,0.16,3.0,6.512820512820513,0.0,0.0,0.1076923076923077,0.1,0.1,0.1,4.0,9.333333333333334,0.0,0.0,0.09615384615384616,0.0,0.15,0.1,10.0,10.125,0.0,0.0,0.11153846153846154,0.2,0.15,0.16,1.0,8.142857142857142,0.0,1.0,0.11153846153846154,0.1,0.1,0.08,2.0,9.071428571428571,0.0,0.0,0.07692307692307693,0.0,0.05,0.08,15.0,12.631578947368421,0.0,0.0,0.12307692307692308,0.0,0.05,0.08,18.0,7.0,0.0,0.0,0.09230769230769231,0.0,0.1,0.08,14.0,10.347826086956522,0.0,0.0,0.13076923076923078,0.4,0.2,0.08,1.0,7.606060606060606,0.0,1.0,0.1423076923076923,0.0,0.1,0.12,11.0,6.611111111111111,0.0,0.0,0.11538461538461539,0.1,0.2,0.1,9.0,8.482758620689655,0.0,0.0,0.09230769230769231,0.0,0.05,0.1,10.0,10.478260869565217,0.0,0.0,0.08461538461538462,0.0,0.0,0.08,32.0,10.142857142857142,0.0,0.0,0.09615384615384616,0.2,0.2,0.14,0.0,9.75,1.0,1.0,0.09230769230769231,0.0,0.05,0.02,10.0,9.91304347826087,0.0,0.0,0.09230769230769231,0.2,0.15,0.12,4.0,10.869565217391305,0.0,0.0,0.08846153846153847,0.1,0.1,0.14,1.0,11.636363636363637,0.0,1.0,0.1076923076923077,0.1,0.15,0.08,7.0,9.185185185185185,0.0,0.0,0.11538461538461539,0.2,0.15,0.1,3.0,8.620689655172415,0.0,0.0,0.1346153846153846,0.1,0.1,0.16,2.0,7.4411764705882355,0.0,0.0,0.09615384615384616,0.0,0.0,0.04,41.0,9.041666666666666,0.0,0.0,0.09230769230769231,0.0,0.05,0.12,13.0,10.347826086956522,0.0,0.0,0.07307692307692308,0.0,0.05,0.08,18.0,12.222222222222221,0.0,0.0,0.10384615384615385,0.1,0.1,0.16,3.0,9.846153846153847,0.0,0.0,0.11538461538461539,0.2,0.2,0.16,4.0,8.793103448275861,0.0,0.0,0.09615384615384616,0.1,0.15,0.1,6.0,10.416666666666666,0.0,0.0,0.12692307692307692,0.2,0.1,0.1,0.0,8.0,1.0,1.0,0.1076923076923077,0.1,0.05,0.12,3.0,9.296296296296296,0.0,0.0,0.06923076923076923,0.1,0.15,0.12,4.0,14.176470588235293,0.0,0.0,0.08076923076923077,0.2,0.15,0.1,2.0,12.8,0.0,0.0,0.11538461538461539,0.5,0.3,0.22,2.0,8.793103448275861,0.0,0.0,0.10384615384615385,0.1,0.15,0.12,5.0,9.461538461538462,0.0,0.0,0.08846153846153847,0.0,0.05,0.12,16.0,10.5,0.0,0.0,0.11153846153846154,0.1,0.05,0.06,6.0,9.035714285714286,0.0,0.0,0.09615384615384616,0.0,0.0,0.08,25.0,9.708333333333334,0.0,0.0,0.1076923076923077,0.0,0.1,0.12,12.0,9.148148148148149,0.0,0.0,0.1,0.1,0.15,0.1,9.0,9.12,0.0,0.0,0.12692307692307692,0.0,0.0,0.04,23.0,7.21875,0.0,0.0,0.08846153846153847,0.1,0.05,0.08,7.0,10.0,0.0,0.0,0.08461538461538462,0.0,0.0,0.12,28.0,10.619047619047619,0.0,0.0,0.09615384615384616,0.2,0.1,0.1,0.0,10.75,1.0,1.0,0.12307692307692308,0.1,0.1,0.14,5.0,7.935483870967742,0.0,0.0,0.08461538461538462,0.1,0.05,0.04,8.0,11.428571428571429,0.0,0.0,0.07692307692307693,0.0,0.0,0.02,22.0,12.421052631578947,0.0,0.0,0.1076923076923077,0.3,0.25,0.14,0.0,9.25925925925926,1.0,1.0,0.1423076923076923,0.3,0.15,0.14,4.0,6.75,0.0,0.0,0.11923076923076924,0.2,0.2,0.12,0.0,8.633333333333333,1.0,1.0,0.1,0.0,0.1,0.06,14.0,9.52,0.0,0.0,174.0,1.0,33.0,0.0,1.0,1.0,3.0,260.0,11.0,16.0,6.0,1,0,0,0,0,0,0,0,0,0,0,0,0,0,0,0,0,0,0,0,0,1,0,0,0,0,1,0,0,0,1,0,0,0,0,1,0,0,0,0,0,0,0,0,0,0,0,0
2025-11-23,0.15708812260536398,0.2,0.1,0.18,0.0,6.45,1.0,1.0,0.10727969348659004,0.1,0.1,0.1,5.0,9.333333333333334,0.0,0.0,0.09578544061302682,0.0,0.1,0.1,11.0,10.125,0.0,0.0,0.1111111111111111,0.2,0.15,0.16,2.0,8.142857142857142,0.0,0.0,0.1111111111111111,0.1,0.1,0.08,3.0,9.071428571428571,0.0,0.0,0.07662835249042145,0.0,0.05,0.08,16.0,12.631578947368421,0.0,0.0,0.12260536398467432,0.0,0.05,0.08,19.0,7.0,0.0,0.0,0.09195402298850575,0.0,0.1,0.08,15.0,10.347826086956522,0.0,0.0,0.13026819923371646,0.4,0.2,0.08,2.0,7.606060606060606,0.0,0.0,0.1417624521072797,0.0,0.1,0.1,12.0,6.611111111111111,0.0,0.0,0.11494252873563218,0.0,0.2,0.1,10.0,8.482758620689655,0.0,0.0,0.09195402298850575,0.0,0.05,0.1,11.0,10.478260869565217,0.0,0.0,0.0842911877394636,0.0,0.0,0.08,33.0,10.142857142857142,0.0,0.0,0.09578544061302682,0.2,0.15,0.14,1.0,9.75,0.0,1.0,0.09195402298850575,0.0,0.05,0.02,11.0,9.91304347826087,0.0,0.0,0.09195402298850575,0.2,0.15,0.12,5.0,10.869565217391305,0.0,0.0,0.08812260536398467,0.1,0.1,0.12,2.0,11.636363636363637,0.0,0.0,0.10727969348659004,0.1,0.15,0.08,8.0,9.185185185185185,0.0,0.0,0.11494252873563218,0.2,0.15,0.1,4.0,8.620689655172415,0.0,0.0,0.13409961685823754,0.1,0.1,0.16,3.0,7.4411764705882355,0.0,0.0,0.09578544061302682,0.0,0.0,0.04,42.0,9.041666666666666,0.0,0.0,0.09578544061302682,0.1,0.1,0.12,0.0,10.5,1.0,1.0,0.07279693486590039,0.0,0.05,0.08,19.0,12.222222222222221,0.0,0.0,0.10344827586206896,0.1,0.1,0.14,4.0,9.846153846153847,0.0,0.0,0.11494252873563218,0.2,0.2,0.16,5.0,8.793103448275861,0.0,0.0,0.09578544061302682,0.1,0.15,0.1,7.0,10.416666666666666,0.0,0.0,0.13026819923371646,0.3,0.15,0.12,0.0,7.787878787878788,1.0,1.0,0.10727969348659004,0.1,0.05,0.12,4.0,9.296296296296296,0.0,0.0,0.06896551724137931,0.1,0.1,0.12,5.0,14.176470588235293,0.0,0.0,0.08045977011494253,0.1,0.15,0.1,3.0,12.8,0.0,0.0,0.11877394636015326,0.5,0.3,0.22,0.0,8.6,1.0,1.0,0.10344827586206896,0.1,0.15,0.12,6.0,9.461538461538462,0.0,0.0,0.08812260536398467,0.0,0.05,0.12,17.0,10.5,0.0,0.0,0.1111111111111111,0.1,0.05,0.06,7.0,9.035714285714286,0.0,0.0,0.09578544061302682,0.0,0.0,0.08,26.0,9.708333333333334,0.0,0.0,0.1111111111111111,0.1,0.15,0.14,0.0,9.285714285714286,1.0,1.0,0.09961685823754789,0.0,0.15,0.1,10.0,9.12,0.0,0.0,0.12643678160919541,0.0,0.0,0.04,24.0,7.21875,0.0,0.0,0.08812260536398467,0.1,0.05,0.08,8.0,10.0,0.0,0.0,0.0842911877394636,0.0,0.0,0.12,29.0,10.619047619047619,0.0,0.0,0.09578544061302682,0.2,0.1,0.1,1.0,10.75,0.0,1.0,0.12260536398467432,0.1,0.1,0.14,6.0,7.935483870967742,0.0,0.0,0.0842911877394636,0.1,0.05,0.04,9.0,11.428571428571429,0.0,0.0,0.07662835249042145,0.0,0.0,0.02,23.0,12.421052631578947,0.0,0.0,0.10727969348659004,0.3,0.25,0.14,1.0,9.25925925925926,0.0,1.0,0.1417624521072797,0.2,0.15,0.14,5.0,6.75,0.0,0.0,0.11877394636015326,0.2,0.15,0.12,1.0,8.633333333333333,0.0,1.0,0.09961685823754789,0.0,0.1,0.06,15.0,9.52,0.0,0.0,117.0,2.0,35.0,1.0,1.0,3.0,0.0,261.0,11.0,19.0,2.0,0,0,0,0,0,1,0,0,0,0,1,0,0,0,0,0,0,0,0,0,0,1,0,0,0,0,0,1,0,0,0,0,0,0,0,1,0,0,0,0,0,0,0,0,0,0,0,0
2025-11-26,0.15648854961832062,0.2,0.1,0.16,1.0,6.45,0.0,1.0,0.10687022900763359,0.1,0.05,0.08,6.0,9.333333333333334,0.0,0.0,0.09541984732824428,0.0,0.1,0.1,12.0,10.125,0.0,0.0,0.11068702290076336,0.2,0.15,0.14,3.0,8.142857142857142,0.0,0.0,0.11068702290076336,0.1,0.1,0.08,4.0,9.071428571428571,0.0,0.0,0.08015267175572519,0.1,0.1,0.1,0.0,12.85,1.0,1.0,0.12213740458015267,0.0,0.0,0.08,20.0,7.0,0.0,0.0,0.0916030534351145,0.0,0.1,0.06,16.0,10.347826086956522,0.0,0.0,0.1297709923664122,0.3,0.2,0.08,3.0,7.606060606060606,0.0,0.0,0.14122137404580154,0.0,0.1,0.1,13.0,6.611111111111111,0.0,0.0,0.1183206106870229,0.1,0.25,0.12,0.0,8.566666666666666,1.0,1.0,0.0916030534351145,0.0,0.05,0.1,12.0,10.478260869565217,0.0,0.0,0.08396946564885496,0.0,0.0,0.08,34.0,10.142857142857142,0.0,0.0,0.09541984732824428,0.2,0.15,0.14,2.0,9.75,0.0,0.0,0.0916030534351145,0.0,0.05,0.02,12.0,9.91304347826087,0.0,0.0,0.0916030534351145,0.2,0.15,0.12,6.0,10.869565217391305,0.0,0.0,0.08778625954198473,0.1,0.1,0.12,3.0,11.636363636363637,0.0,0.0,0.10687022900763359,0.1,0.15,0.08,9.0,9.185185185185185,0.0,0.0,0.11450381679389313,0.1,0.15,0.08,5.0,8.620689655172415,0.0,0.0,0.13358778625954199,0.1,0.1,0.16,4.0,7.4411764705882355,0.0,0.0,0.09541984732824428,0.0,0.0,0.04,43.0,9.041666666666666,0.0,0.0,0.09923664122137404,0.2,0.15,0.14,0.0,10.12,1.0,1.0,0.07251908396946564,0.0,0.0,0.08,20.0,12.222222222222221,0.0,0.0,0.10305343511450382,0.1,0.1,0.14,5.0,9.846153846153847,0.0,0.0,0.11450381679389313,0.1,0.2,0.16,6.0,8.793103448275861,0.0,0.0,0.09541984732824428,0.1,0.15,0.1,8.0,10.416666666666666,0.0,0.0,0.1297709923664122,0.3,0.15,0.12,1.0,7.787878787878788,0.0,1.0,0.11068702290076336,0.2,0.1,0.14,0.0,9.142857142857142,1.0,1.0,0.06870229007633588,0.1,0.1,0.12,6.0,14.176470588235293,0.0,0.0,0.08015267175572519,0.1,0.15,0.1,4.0,12.8,0.0,0.0,0.1183206106870229,0.4,0.3,0.22,1.0,8.6,0.0,1.0,0.10305343511450382,0.1,0.15,0.12,7.0,9.461538461538462,0.0,0.0,0.08778625954198473,0.0,0.05,0.12,18.0,10.5,0.0,0.0,0.11068702290076336,0.1,0.05,0.06,8.0,9.035714285714286,0.0,0.0,0.09541984732824428,0.0,0.0,0.08,27.0,9.708333333333334,0.0,0.0,0.11450381679389313,0.2,0.15,0.16,0.0,9.0,1.0,1.0,0.09923664122137404,0.0,0.15,0.1,11.0,9.12,0.0,0.0,0.12595419847328243,0.0,0.0,0.04,25.0,7.21875,0.0,0.0,0.08778625954198473,0.1,0.05,0.08,9.0,10.0,0.0,0.0,0.08396946564885496,0.0,0.0,0.12,30.0,10.619047619047619,0.0,0.0,0.09541984732824428,0.2,0.1,0.1,2.0,10.75,0.0,0.0,0.12213740458015267,0.1,0.1,0.14,7.0,7.935483870967742,0.0,0.0,0.08396946564885496,0.0,0.05,0.04,10.0,11.428571428571429,0.0,0.0,0.07633587786259542,0.0,0.0,0.02,24.0,12.421052631578947,0.0,0.0,0.10687022900763359,0.3,0.25,0.14,2.0,9.25925925925926,0.0,0.0,0.14122137404580154,0.2,0.15,0.14,6.0,6.75,0.0,0.0,0.1183206106870229,0.2,0.15,0.12,2.0,8.633333333333333,0.0,0.0,0.09923664122137404,0.0,0.05,0.06,16.0,9.52,0.0,0.0,103.0,4.0,30.0,2.0,1.0,2.0,0.0,262.0,11.0,23.0,6.0,0,0,0,0,0,0,0,0,0,0,0,0,0,0,1,0,0,1,0,0,0,0,0,0,0,0,1,0,0,0,0,0,0,0,0,0,0,1,0,0,0,0,1,0,0,0,0,0
2025-11-30,0.155893536121673,0.2,0.1,0.16,2.0,6.45,0.0,0.0,0.10646387832699619,0.1,0.05,0.06,7.0,9.333333333333334,0.0,0.0,0.09505703422053231,0.0,0.1,0.1,13.0,10.125,0.0,0.0,0.11026615969581749,0.2,0.15,0.14,4.0,8.142857142857142,0.0,0.0,0.11026615969581749,0.1,0.1,0.08,5.0,9.071428571428571,0.0,0.0,0.07984790874524715,0.1,0.1,0.1,1.0,12.85,0.0,1.0,0.12167300380228137,0.0,0.0,0.08,21.0,7.0,0.0,0.0,0.09125475285171103,0.0,0.05,0.06,17.0,10.347826086956522,0.0,0.0,0.12927756653992395,0.2,0.2,0.08,4.0,7.606060606060606,0.0,0.0,0.14068441064638784,0.0,0.1,0.1,14.0,6.611111111111111,0.0,0.0,0.11787072243346007,0.1,0.25,0.12,1.0,8.566666666666666,0.0,1.0,0.09125475285171103,0.0,0.05,0.1,13.0,10.478260869565217,0.0,0.0,0.08365019011406843,0.0,0.0,0.08,35.0,10.142857142857142,0.0,0.0,0.09505703422053231,0.1,0.15,0.14,3.0,9.75,0.0,0.0,0.09505703422053231,0.1,0.1,0.04,0.0,10.041666666666666,1.0,1.0,0.09125475285171103,0.2,0.15,0.1,7.0,10.869565217391305,0.0,0.0,0.08745247148288973,0.1,0.1,0.1,4.0,11.636363636363637,0.0,0.0,0.11026615969581749,0.1,0.15,0.1,0.0,9.214285714285714,1.0,1.0,0.11406844106463879,0.1,0.15,0.08,6.0,8.620689655172415,0.0,0.0,0.13307984790874525,0.1,0.1,0.16,5.0,7.4411764705882355,0.0,0.0,0.09505703422053231,0.0,0.0,0.04,44.0,9.041666666666666,0.0,0.0,0.09885931558935361,0.2,0.15,0.14,1.0,10.12,0.0,1.0,0.07224334600760456,0.0,0.0,0.08,21.0,12.222222222222221,0.0,0.0,0.10266159695817491,0.1,0.05,0.14,6.0,9.846153846153847,0.0,0.0,0.11406844106463879,0.1,0.2,0.16,7.0,8.793103448275861,0.0,0.0,0.09505703422053231,0.1,0.1,0.1,9.0,10.416666666666666,0.0,0.0,0.13307984790874525,0.4,0.2,0.14,0.0,7.617647058823529,1.0,1.0,0.11026615969581749,0.2,0.1,0.14,1.0,9.142857142857142,0.0,1.0,0.06844106463878327,0.1,0.1,0.12,7.0,14.176470588235293,0.0,0.0,0.07984790874524715,0.1,0.15,0.1,5.0,12.8,0.0,0.0,0.11787072243346007,0.4,0.3,0.22,2.0,8.6,0.0,0.0,0.10266159695817491,0.1,0.15,0.12,8.0,9.461538461538462,0.0,0.0,0.08745247148288973,0.0,0.05,0.12,19.0,10.5,0.0,0.0,0.11026615969581749,0.1,0.05,0.06,9.0,9.035714285714286,0.0,0.0,0.09505703422053231,0.0,0.0,0.08,28.0,9.708333333333334,0.0,0.0,0.11406844106463879,0.2,0.15,0.16,1.0,9.0,0.0,1.0,0.09885931558935361,0.0,0.15,0.1,12.0,9.12,0.0,0.0,0.12927756653992395,0.1,0.05,0.06,0.0,7.787878787878788,1.0,1.0,0.08745247148288973,0.0,0.05,0.08,10.0,10.0,0.0,0.0,0.08365019011406843,0.0,0.0,0.12,31.0,10.619047619047619,0.0,0.0,0.09505703422053231,0.1,0.1,0.1,3.0,10.75,0.0,0.0,0.12167300380228137,0.1,0.05,0.12,8.0,7.935483870967742,0.0,0.0,0.08745247148288973,0.1,0.1,0.04,0.0,11.409090909090908,1.0,1.0,0.07604562737642585,0.0,0.0,0.02,25.0,12.421052631578947,0.0,0.0,0.10646387832699619,0.3,0.25,0.14,3.0,9.25925925925926,0.0,0.0,0.14068441064638784,0.2,0.15,0.14,7.0,6.75,0.0,0.0,0.11787072243346007,0.2,0.15,0.12,3.0,8.633333333333333,0.0,0.0,0.09885931558935361,0.0,0.05,0.06,17.0,9.52,0.0,0.0,141.0,2.0,28.0,0.0,2.0,1.0,2.0,263.0,11.0,26.0,2.0,0,0,1,0,0,0,0,0,0,0,0,0,0,0,0,0,0,0,0,0,0,0,1,1,0,0,0,0,1,0,0,0,0,0,0,0,0,0,1,0,0,0,0,0,0,0,0,0
2025-12-03,0.1553030303030303,0.2,0.1,0.16,3.0,6.45,0.0,0.0,0.10606060606060606,0.1,0.05,0.06,8.0,9.333333333333334,0.0,0.0,0.09848484848484848,0.1,0.1,0.12,0.0,10.28,1.0,1.0,0.10984848484848485,0.2,0.15,0.12,5.0,8.142857142857142,0.0,0.0,0.10984848484848485,0.1,0.05,0.08,6.0,9.071428571428571,0.0,0.0,0.07954545454545454,0.1,0.1,0.1,2.0,12.85,0.0,0.0,0.12121212121212122,0.0,0.0,0.08,22.0,7.0,0.0,0.0,0.09090909090909091,0.0,0.05,0.06,18.0,10.347826086956522,0.0,0.0,0.12878787878787878,0.1,0.2,0.08,5.0,7.606060606060606,0.0,0.0,0.14015151515151514,0.0,0.1,0.1,15.0,6.611111111111111,0.0,0.0,0.11742424242424243,0.1,0.25,0.12,2.0,8.566666666666666,0.0,0.0,0.09090909090909091,0.0,0.05,0.1,14.0,10.478260869565217,0.0,0.0,0.08333333333333333,0.0,0.0,0.08,36.0,10.142857142857142,0.0,0.0,0.0946969696969697,0.1,0.15,0.14,4.0,9.75,0.0,0.0,0.0946969696969697,0.1,0.1,0.04,1.0,10.041666666666666,0.0,1.0,0.09090909090909091,0.1,0.15,0.1,8.0,10.869565217391305,0.0,0.0,0.08712121212121213,0.1,0.1,0.1,5.0,11.636363636363637,0.0,0.0,0.10984848484848485,0.1,0.15,0.08,1.0,9.214285714285714,0.0,1.0,0.11363636363636363,0.1,0.15,0.08,7.0,8.620689655172415,0.0,0.0,0.13257575757575757,0.1,0.05,0.16,6.0,7.4411764705882355,0.0,0.0,0.0946969696969697,0.0,0.0,0.04,45.0,9.041666666666666,0.0,0.0,0.09848484848484848,0.2,0.15,0.14,2.0,10.12,0.0,0.0,0.07575757575757576,0.1,0.05,0.1,0.0,12.736842105263158,1.0,1.0,0.10606060606060606,0.2,0.1,0.16,0.0,9.74074074074074,1.0,1.0,0.11363636363636363,0.1,0.2,0.16,8.0,8.793103448275861,0.0,0.0,0.0946969696969697,0.0,0.1,0.1,10.0,10.416666666666666,0.0,0.0,0.13257575757575757,0.4,0.2,0.14,1.0,7.617647058823529,0.0,1.0,0.10984848484848485,0.2,0.1,0.14,2.0,9.142857142857142,0.0,0.0,0.07196969696969698,0.2,0.15,0.14,0.0,13.833333333333334,1.0,1.0,0.07954545454545454,0.1,0.15,0.1,6.0,12.8,0.0,0.0,0.11742424242424243,0.4,0.3,0.22,3.0,8.6,0.0,0.0,0.10227272727272728,0.1,0.15,0.12,9.0,9.461538461538462,0.0,0.0,0.08712121212121213,0.0,0.0,0.12,20.0,10.5,0.0,0.0,0.10984848484848485,0.0,0.05,0.06,10.0,9.035714285714286,0.0,0.0,0.0946969696969697,0.0,0.0,0.06,29.0,9.708333333333334,0.0,0.0,0.11363636363636363,0.2,0.15,0.16,2.0,9.0,0.0,0.0,0.09848484848484848,0.0,0.1,0.1,13.0,9.12,0.0,0.0,0.12878787878787878,0.1,0.05,0.06,1.0,7.787878787878788,0.0,1.0,0.09090909090909091,0.1,0.1,0.1,0.0,10.043478260869565,1.0,1.0,0.08333333333333333,0.0,0.0,0.1,32.0,10.619047619047619,0.0,0.0,0.0946969696969697,0.1,0.1,0.1,4.0,10.75,0.0,0.0,0.12121212121212122,0.1,0.05,0.12,9.0,7.935483870967742,0.0,0.0,0.08712121212121213,0.1,0.1,0.04,1.0,11.409090909090908,0.0,1.0,0.07575757575757576,0.0,0.0,0.02,26.0,12.421052631578947,0.0,0.0,0.10606060606060606,0.3,0.25,0.12,4.0,9.25925925925926,0.0,0.0,0.14015151515151514,0.1,0.15,0.14,8.0,6.75,0.0,0.0,0.11742424242424243,0.2,0.15,0.12,4.0,8.633333333333333,0.0,0.0,0.09848484848484848,0.0,0.05,0.06,18.0,9.52,0.0,0.0,118.0,1.0,36.0,1.0,2.0,1.0,1.0,264.0,11.0,30.0,6.0,0,0,0,0,0,1,0,0,0,1,1,0,0,0,0,0,0,0,0,0,0,0,0,0,0,1,0,0,0,0,0,0,0,0,0,0,0,0,0,0,0,0,1,0,0,0,0,0
2025-12-07,0.15471698113207547,0.2,0.1,0.16,4.0,6.45,0.0,0.0,0.10566037735849057,0.1,0.05,0.06,9.0,9.333333333333334,0.0,0.0,0.09811320754716982,0.1,0.1,0.12,1.0,10.28,0.0,1.0,0.10943396226415095,0.1,0.15,0.12,6.0,8.142857142857142,0.0,0.0,0.10943396226415095,0.1,0.05,0.08,7.0,9.071428571428571,0.0,0.0,0.0830188679245283,0.2,0.1,0.12,0.0,12.380952380952381,1.0,1.0,0.12075471698113208,0.0,0.0,0.06,23.0,7.0,0.0,0.0,0.09056603773584905,0.0,0.05,0.06,19.0,10.347826086956522,0.0,0.0,0.12830188679245283,0.1,0.2,0.08,6.0,7.606060606060606,0.0,0.0,0.14339622641509434,0.1,0.1,0.12,0.0,6.864864864864865,1.0,1.0,0.12075471698113208,0.2,0.3,0.14,0.0,8.387096774193548,1.0,1.0,0.09056603773584905,0.0,0.05,0.1,15.0,10.478260869565217,0.0,0.0,0.0830188679245283,0.0,0.0,0.08,37.0,10.142857142857142,0.0,0.0,0.09433962264150944,0.1,0.15,0.14,5.0,9.75,0.0,0.0,0.09433962264150944,0.1,0.1,0.04,2.0,10.041666666666666,0.0,0.0,0.09056603773584905,0.1,0.1,0.1,9.0,10.869565217391305,0.0,0.0,0.08679245283018867,0.1,0.1,0.1,6.0,11.636363636363637,0.0,0.0,0.10943396226415095,0.1,0.15,0.08,2.0,9.214285714285714,0.0,0.0,0.11320754716981132,0.1,0.15,0.08,8.0,8.620689655172415,0.0,0.0,0.1320754716981132,0.1,0.05,0.16,7.0,7.4411764705882355,0.0,0.0,0.09433962264150944,0.0,0.0,0.02,46.0,9.041666666666666,0.0,0.0,0.09811320754716982,0.2,0.15,0.14,3.0,10.12,0.0,0.0,0.07547169811320754,0.1,0.05,0.1,1.0,12.736842105263158,0.0,1.0,0.10566037735849057,0.2,0.1,0.16,1.0,9.74074074074074,0.0,1.0,0.11320754716981132,0.1,0.2,0.16,9.0,8.793103448275861,0.0,0.0,0.09811320754716982,0.1,0.15,0.12,0.0,10.44,1.0,1.0,0.1320754716981132,0.3,0.2,0.14,2.0,7.617647058823529,0.0,0.0,0.10943396226415095,0.2,0.1,0.12,3.0,9.142857142857142,0.0,0.0,0.07169811320754717,0.2,0.15,0.14,1.0,13.833333333333334,0.0,1.0,0.07924528301886792,0.1,0.1,0.1,7.0,12.8,0.0,0.0,0.1169811320754717,0.3,0.3,0.22,4.0,8.6,0.0,0.0,0.1018867924528302,0.0,0.15,0.12,10.0,9.461538461538462,0.0,0.0,0.08679245283018867,0.0,0.0,0.12,21.0,10.5,0.0,0.0,0.10943396226415095,0.0,0.05,0.06,11.0,9.035714285714286,0.0,0.0,0.09433962264150944,0.0,0.0,0.04,30.0,9.708333333333334,0.0,0.0,0.11320754716981132,0.2,0.15,0.16,3.0,9.0,0.0,0.0,0.09811320754716982,0.0,0.1,0.1,14.0,9.12,0.0,0.0,0.12830188679245283,0.1,0.05,0.06,2.0,7.787878787878788,0.0,0.0,0.09056603773584905,0.1,0.1,0.1,1.0,10.043478260869565,0.0,1.0,0.0830188679245283,0.0,0.0,0.08,33.0,10.619047619047619,0.0,0.0,0.09433962264150944,0.1,0.1,0.1,5.0,10.75,0.0,0.0,0.12075471698113208,0.0,0.05,0.12,10.0,7.935483870967742,0.0,0.0,0.09056603773584905,0.2,0.15,0.06,0.0,11.0,1.0,1.0,0.07547169811320754,0.0,0.0,0.02,27.0,12.421052631578947,0.0,0.0,0.10566037735849057,0.3,0.2,0.12,5.0,9.25925925925926,0.0,0.0,0.13962264150943396,0.1,0.15,0.14,9.0,6.75,0.0,0.0,0.1169811320754717,0.2,0.15,0.12,5.0,8.633333333333333,0.0,0.0,0.09811320754716982,0.0,0.05,0.06,19.0,9.52,0.0,0.0,96.0,3.0,37.0,3.0,0.0,1.0,1.0,265.0,12.0,3.0,2.0,0,0,0,0,0,0,0,0,0,0,1,0,0,0,0,0,0,0,0,0,0,1,0,0,0,0,0,0,0,0,0,0,0,1,0,1,0,0,0,0,0,0,1,0,0,0,0,0
2025-12-10,0.15413533834586465,0.2,0.1,0.16,5.0,6.45,0.0,0.0,0.10526315789473684,0.0,0.05,0.06,10.0,9.333333333333334,0.0,0.0,0.09774436090225563,0.1,0.1,0.12,2.0,10.28,0.0,0.0,0.10902255639097744,0.1,0.15,0.12,7.0,8.142857142857142,0.0,0.0,0.10902255639097744,0.1,0.05,0.08,8.0,9.071428571428571,0.0,0.0,0.08270676691729323,0.2,0.1,0.12,1.0,12.380952380952381,0.0,1.0,0.12030075187969924,0.0,0.0,0.06,24.0,7.0,0.0,0.0,0.09022556390977443,0.0,0.0,0.04,20.0,10.347826086956522,0.0,0.0,0.12781954887218044,0.1,0.2,0.08,7.0,7.606060606060606,0.0,0.0,0.14285714285714285,0.1,0.1,0.12,1.0,6.864864864864865,0.0,1.0,0.12406015037593984,0.3,0.35,0.16,0.0,8.15625,1.0,1.0,0.09022556390977443,0.0,0.05,0.1,16.0,10.478260869565217,0.0,0.0,0.08270676691729323,0.0,0.0,0.08,38.0,10.142857142857142,0.0,0.0,0.09398496240601503,0.1,0.15,0.12,6.0,9.75,0.0,0.0,0.09398496240601503,0.1,0.1,0.04,3.0,10.041666666666666,0.0,0.0,0.09022556390977443,0.0,0.1,0.1,10.0,10.869565217391305,0.0,0.0,0.08646616541353383,0.1,0.1,0.08,7.0,11.636363636363637,0.0,0.0,0.10902255639097744,0.1,0.15,0.08,3.0,9.214285714285714,0.0,0.0,0.11278195488721804,0.1,0.15,0.08,9.0,8.620689655172415,0.0,0.0,0.13157894736842105,0.1,0.05,0.16,8.0,7.4411764705882355,0.0,0.0,0.09398496240601503,0.0,0.0,0.02,47.0,9.041666666666666,0.0,0.0,0.10150375939849623,0.3,0.2,0.16,0.0,9.884615384615385,1.0,1.0,0.07518796992481203,0.1,0.05,0.08,2.0,12.736842105263158,0.0,0.0,0.10526315789473684,0.2,0.1,0.16,2.0,9.74074074074074,0.0,0.0,0.11278195488721804,0.0,0.2,0.16,10.0,8.793103448275861,0.0,0.0,0.09774436090225563,0.1,0.15,0.12,1.0,10.44,0.0,1.0,0.13157894736842105,0.3,0.2,0.14,3.0,7.617647058823529,0.0,0.0,0.10902255639097744,0.2,0.1,0.12,4.0,9.142857142857142,0.0,0.0,0.07142857142857142,0.1,0.15,0.14,2.0,13.833333333333334,0.0,0.0,0.07894736842105263,0.1,0.1,0.1,8.0,12.8,0.0,0.0,0.11654135338345864,0.3,0.3,0.22,5.0,8.6,0.0,0.0,0.10150375939849623,0.0,0.1,0.12,11.0,9.461538461538462,0.0,0.0,0.08646616541353383,0.0,0.0,0.12,22.0,10.5,0.0,0.0,0.11278195488721804,0.1,0.1,0.08,0.0,9.137931034482758,1.0,1.0,0.09398496240601503,0.0,0.0,0.04,31.0,9.708333333333334,0.0,0.0,0.11654135338345864,0.3,0.2,0.18,0.0,8.833333333333334,1.0,1.0,0.09774436090225563,0.0,0.1,0.1,15.0,9.12,0.0,0.0,0.12781954887218044,0.1,0.05,0.06,3.0,7.787878787878788,0.0,0.0,0.09022556390977443,0.1,0.1,0.1,2.0,10.043478260869565,0.0,0.0,0.08270676691729323,0.0,0.0,0.08,34.0,10.619047619047619,0.0,0.0,0.09398496240601503,0.1,0.1,0.08,6.0,10.75,0.0,0.0,0.12030075187969924,0.0,0.05,0.12,11.0,7.935483870967742,0.0,0.0,0.09398496240601503,0.3,0.2,0.08,0.0,10.583333333333334,1.0,1.0,0.07518796992481203,0.0,0.0,0.02,28.0,12.421052631578947,0.0,0.0,0.10526315789473684,0.3,0.15,0.12,6.0,9.25925925925926,0.0,0.0,0.13909774436090225,0.0,0.15,0.14,10.0,6.75,0.0,0.0,0.11654135338345864,0.2,0.1,0.12,6.0,8.633333333333333,0.0,0.0,0.09774436090225563,0.0,0.0,0.06,20.0,9.52,0.0,0.0,146.0,3.0,32.0,1.0,1.0,2.0,1.0,266.0,12.0,7.0,6.0,0,0,0,0,0,0,0,0,0,0,0,0,0,0,1,0,0,0,0,0,0,0,0,0,0,0,0,0,1,1,0,0,0,0,0,1,0,0,0,0,0,0,0,0,1,0,0,0
2025-12-14,0.15355805243445692,0.1,0.1,0.16,6.0,6.45,0.0,0.0,0.10486891385767791,0.0,0.05,0.06,11.0,9.333333333333334,0.0,0.0,0.09737827715355805,0.1,0.1,0.12,3.0,10.28,0.0,0.0,0.10861423220973783,0.1,0.1,0.12,8.0,8.142857142857142,0.0,0.0,0.10861423220973783,0.1,0.05,0.06,9.0,9.071428571428571,0.0,0.0,0.08239700374531835,0.2,0.1,0.1,2.0,12.380952380952381,0.0,0.0,0.1198501872659176,0.0,0.0,0.06,25.0,7.0,0.0,0.0,0.0898876404494382,0.0,0.0,0.04,21.0,10.347826086956522,0.0,0.0,0.12734082397003746,0.1,0.2,0.08,8.0,7.606060606060606,0.0,0.0,0.14232209737827714,0.1,0.1,0.12,2.0,6.864864864864865,0.0,0.0,0.12359550561797752,0.3,0.35,0.16,1.0,8.15625,0.0,1.0,0.0898876404494382,0.0,0.05,0.08,17.0,10.478260869565217,0.0,0.0,0.08239700374531835,0.0,0.0,0.08,39.0,10.142857142857142,0.0,0.0,0.09363295880149813,0.1,0.15,0.12,7.0,9.75,0.0,0.0,0.09737827715355805,0.2,0.15,0.06,0.0,9.8,1.0,1.0,0.0898876404494382,0.0,0.1,0.1,11.0,10.869565217391305,0.0,0.0,0.08614232209737828,0.1,0.1,0.08,8.0,11.636363636363637,0.0,0.0,0.10861423220973783,0.1,0.15,0.08,4.0,9.214285714285714,0.0,0.0,0.11235955056179775,0.0,0.1,0.08,10.0,8.620689655172415,0.0,0.0,0.13108614232209737,0.1,0.05,0.16,9.0,7.4411764705882355,0.0,0.0,0.09363295880149813,0.0,0.0,0.02,48.0,9.041666666666666,0.0,0.0,0.10112359550561797,0.3,0.15,0.16,1.0,9.884615384615385,0.0,1.0,0.0749063670411985,0.1,0.05,0.08,3.0,12.736842105263158,0.0,0.0,0.10486891385767791,0.1,0.1,0.16,3.0,9.74074074074074,0.0,0.0,0.11235955056179775,0.0,0.2,0.16,11.0,8.793103448275861,0.0,0.0,0.09737827715355805,0.1,0.1,0.12,2.0,10.44,0.0,0.0,0.13108614232209737,0.3,0.2,0.14,4.0,7.617647058823529,0.0,0.0,0.10861423220973783,0.1,0.1,0.12,5.0,9.142857142857142,0.0,0.0,0.0749063670411985,0.2,0.2,0.16,0.0,13.263157894736842,1.0,1.0,0.08239700374531835,0.2,0.15,0.12,0.0,12.619047619047619,1.0,1.0,0.11610486891385768,0.2,0.3,0.22,6.0,8.6,0.0,0.0,0.10112359550561797,0.0,0.1,0.12,12.0,9.461538461538462,0.0,0.0,0.08614232209737828,0.0,0.0,0.12,23.0,10.5,0.0,0.0,0.11235955056179775,0.1,0.1,0.06,1.0,9.137931034482758,0.0,1.0,0.09363295880149813,0.0,0.0,0.04,32.0,9.708333333333334,0.0,0.0,0.1198501872659176,0.4,0.25,0.18,0.0,8.580645161290322,1.0,1.0,0.09737827715355805,0.0,0.05,0.1,16.0,9.12,0.0,0.0,0.12734082397003746,0.1,0.05,0.06,4.0,7.787878787878788,0.0,0.0,0.0898876404494382,0.1,0.1,0.1,3.0,10.043478260869565,0.0,0.0,0.08239700374531835,0.0,0.0,0.08,35.0,10.619047619047619,0.0,0.0,0.09363295880149813,0.1,0.1,0.08,7.0,10.75,0.0,0.0,0.1198501872659176,0.0,0.05,0.12,12.0,7.935483870967742,0.0,0.0,0.09363295880149813,0.3,0.2,0.08,1.0,10.583333333333334,0.0,1.0,0.0749063670411985,0.0,0.0,0.02,29.0,12.421052631578947,0.0,0.0,0.10861423220973783,0.4,0.2,0.14,0.0,9.178571428571429,1.0,1.0,0.13857677902621723,0.0,0.15,0.14,11.0,6.75,0.0,0.0,0.11610486891385768,0.2,0.1,0.12,7.0,8.633333333333333,0.0,0.0,0.09737827715355805,0.0,0.0,0.06,21.0,9.52,0.0,0.0,155.0,2.0,30.0,0.0,1.0,3.0,1.0,267.0,12.0,10.0,2.0,0,0,0,1,0,0,0,0,0,1,0,0,0,0,0,1,0,0,0,0,0,0,0,0,0,0,0,0,0,0,0,1,1,0,0,0,0,0,0,0,0,0,0,0,0,0,0,0
2025-12-17,0.15298507462686567,0.1,0.1,0.16,7.0,6.45,0.0,0.0,0.1044776119402985,0.0,0.05,0.06,12.0,9.333333333333334,0.0,0.0,0.09701492537313433,0.1,0.1,0.12,4.0,10.28,0.0,0.0,0.11194029850746269,0.2,0.15,0.14,0.0,8.172413793103448,1.0,1.0,0.10820895522388059,0.0,0.05,0.06,10.0,9.071428571428571,0.0,0.0,0.08208955223880597,0.2,0.1,0.1,3.0,12.380952380952381,0.0,0.0,0.11940298507462686,0.0,0.0,0.06,26.0,7.0,0.0,0.0,0.08955223880597014,0.0,0.0,0.04,22.0,10.347826086956522,0.0,0.0,0.12686567164179105,0.1,0.2,0.08,9.0,7.606060606060606,0.0,0.0,0.1455223880597015,0.2,0.15,0.12,0.0,6.7631578947368425,1.0,1.0,0.12313432835820895,0.3,0.3,0.16,2.0,8.15625,0.0,0.0,0.08955223880597014,0.0,0.05,0.08,18.0,10.478260869565217,0.0,0.0,0.08208955223880597,0.0,0.0,0.08,40.0,10.142857142857142,0.0,0.0,0.09328358208955224,0.1,0.15,0.12,8.0,9.75,0.0,0.0,0.09701492537313433,0.2,0.15,0.06,1.0,9.8,0.0,1.0,0.09328358208955224,0.1,0.15,0.12,0.0,10.916666666666666,1.0,1.0,0.08582089552238806,0.1,0.1,0.08,9.0,11.636363636363637,0.0,0.0,0.10820895522388059,0.1,0.15,0.08,5.0,9.214285714285714,0.0,0.0,0.11194029850746269,0.0,0.1,0.08,11.0,8.620689655172415,0.0,0.0,0.13059701492537312,0.0,0.05,0.16,10.0,7.4411764705882355,0.0,0.0,0.09328358208955224,0.0,0.0,0.02,49.0,9.041666666666666,0.0,0.0,0.10074626865671642,0.3,0.15,0.16,2.0,9.884615384615385,0.0,0.0,0.07462686567164178,0.1,0.05,0.08,4.0,12.736842105263158,0.0,0.0,0.1044776119402985,0.1,0.1,0.16,4.0,9.74074074074074,0.0,0.0,0.11194029850746269,0.0,0.15,0.16,12.0,8.793103448275861,0.0,0.0,0.09701492537313433,0.1,0.1,0.1,3.0,10.44,0.0,0.0,0.13059701492537312,0.3,0.2,0.14,5.0,7.617647058823529,0.0,0.0,0.10820895522388059,0.1,0.1,0.12,6.0,9.142857142857142,0.0,0.0,0.07462686567164178,0.2,0.15,0.16,1.0,13.263157894736842,0.0,1.0,0.08208955223880597,0.1,0.15,0.12,1.0,12.619047619047619,0.0,1.0,0.11567164179104478,0.1,0.3,0.22,7.0,8.6,0.0,0.0,0.1044776119402985,0.1,0.1,0.12,0.0,9.592592592592593,1.0,1.0,0.08955223880597014,0.1,0.05,0.12,0.0,11.08695652173913,1.0,1.0,0.11194029850746269,0.1,0.1,0.06,2.0,9.137931034482758,0.0,0.0,0.09328358208955224,0.0,0.0,0.04,33.0,9.708333333333334,0.0,0.0,0.11940298507462686,0.4,0.2,0.18,1.0,8.580645161290322,0.0,1.0,0.09701492537313433,0.0,0.05,0.1,17.0,9.12,0.0,0.0,0.12686567164179105,0.1,0.05,0.06,5.0,7.787878787878788,0.0,0.0,0.08955223880597014,0.1,0.1,0.1,4.0,10.043478260869565,0.0,0.0,0.08208955223880597,0.0,0.0,0.08,36.0,10.619047619047619,0.0,0.0,0.09328358208955224,0.1,0.1,0.08,8.0,10.75,0.0,0.0,0.11940298507462686,0.0,0.05,0.1,13.0,7.935483870967742,0.0,0.0,0.09328358208955224,0.3,0.2,0.08,2.0,10.583333333333334,0.0,0.0,0.07462686567164178,0.0,0.0,0.02,30.0,12.421052631578947,0.0,0.0,0.10820895522388059,0.3,0.2,0.14,1.0,9.178571428571429,0.0,1.0,0.13805970149253732,0.0,0.15,0.14,12.0,6.75,0.0,0.0,0.11567164179104478,0.2,0.1,0.12,8.0,8.633333333333333,0.0,0.0,0.09701492537313433,0.0,0.0,0.06,22.0,9.52,0.0,0.0,95.0,4.0,29.0,2.0,1.0,2.0,0.0,268.0,12.0,14.0,6.0,1,0,0,1,1,0,0,0,1,0,0,0,0,0,0,0,0,0,0,0,0,0,0,0,0,0,0,0,1,0,0,0,0,0,0,0,0,0,0,0,0,0,0,0,0,0,0,0
2025-12-21,0.15613382899628253,0.2,0.15,0.18,0.0,6.487804878048781,1.0,1.0,0.10408921933085502,0.0,0.05,0.06,13.0,9.333333333333334,0.0,0.0,0.09665427509293681,0.1,0.1,0.12,5.0,10.28,0.0,0.0,0.11524163568773234,0.2,0.2,0.14,0.0,7.933333333333334,1.0,1.0,0.11152416356877323,0.1,0.1,0.08,0.0,9.137931034482758,1.0,1.0,0.08178438661710037,0.2,0.1,0.1,4.0,12.380952380952381,0.0,0.0,0.11895910780669144,0.0,0.0,0.06,27.0,7.0,0.0,0.0,0.08921933085501858,0.0,0.0,0.04,23.0,10.347826086956522,0.0,0.0,0.13011152416356878,0.1,0.25,0.1,0.0,7.676470588235294,1.0,1.0,0.1449814126394052,0.2,0.1,0.12,1.0,6.7631578947368425,0.0,1.0,0.12267657992565056,0.3,0.25,0.16,3.0,8.15625,0.0,0.0,0.08921933085501858,0.0,0.05,0.08,19.0,10.478260869565217,0.0,0.0,0.08178438661710037,0.0,0.0,0.08,41.0,10.142857142857142,0.0,0.0,0.09293680297397769,0.1,0.15,0.12,9.0,9.75,0.0,0.0,0.09665427509293681,0.2,0.15,0.06,2.0,9.8,0.0,0.0,0.09293680297397769,0.1,0.15,0.12,1.0,10.916666666666666,0.0,1.0,0.08550185873605948,0.0,0.05,0.06,10.0,11.636363636363637,0.0,0.0,0.10780669144981413,0.1,0.1,0.08,6.0,9.214285714285714,0.0,0.0,0.11152416356877323,0.0,0.1,0.08,12.0,8.620689655172415,0.0,0.0,0.13011152416356878,0.0,0.05,0.16,11.0,7.4411764705882355,0.0,0.0,0.09293680297397769,0.0,0.0,0.0,50.0,9.041666666666666,0.0,0.0,0.10037174721189591,0.3,0.15,0.16,3.0,9.884615384615385,0.0,0.0,0.07434944237918216,0.1,0.05,0.08,5.0,12.736842105263158,0.0,0.0,0.10408921933085502,0.1,0.1,0.16,5.0,9.74074074074074,0.0,0.0,0.11152416356877323,0.0,0.1,0.16,13.0,8.793103448275861,0.0,0.0,0.09665427509293681,0.1,0.1,0.1,4.0,10.44,0.0,0.0,0.13011152416356878,0.3,0.2,0.14,6.0,7.617647058823529,0.0,0.0,0.10780669144981413,0.1,0.1,0.1,7.0,9.142857142857142,0.0,0.0,0.07806691449814127,0.3,0.2,0.18,0.0,12.7,1.0,1.0,0.08178438661710037,0.1,0.15,0.12,2.0,12.619047619047619,0.0,0.0,0.11524163568773234,0.1,0.3,0.2,8.0,8.6,0.0,0.0,0.10408921933085502,0.1,0.1,0.12,1.0,9.592592592592593,0.0,1.0,0.08921933085501858,0.1,0.05,0.12,1.0,11.08695652173913,0.0,1.0,0.11152416356877323,0.1,0.1,0.06,3.0,9.137931034482758,0.0,0.0,0.09293680297397769,0.0,0.0,0.04,34.0,9.708333333333334,0.0,0.0,0.11895910780669144,0.4,0.2,0.18,2.0,8.580645161290322,0.0,0.0,0.09665427509293681,0.0,0.05,0.1,18.0,9.12,0.0,0.0,0.12639405204460966,0.1,0.05,0.06,6.0,7.787878787878788,0.0,0.0,0.08921933085501858,0.1,0.1,0.1,5.0,10.043478260869565,0.0,0.0,0.08178438661710037,0.0,0.0,0.08,37.0,10.619047619047619,0.0,0.0,0.09293680297397769,0.1,0.1,0.08,9.0,10.75,0.0,0.0,0.11895910780669144,0.0,0.05,0.1,14.0,7.935483870967742,0.0,0.0,0.09293680297397769,0.3,0.2,0.08,3.0,10.583333333333334,0.0,0.0,0.07434944237918216,0.0,0.0,0.02,31.0,12.421052631578947,0.0,0.0,0.10780669144981413,0.2,0.2,0.14,2.0,9.178571428571429,0.0,0.0,0.137546468401487,0.0,0.15,0.14,13.0,6.75,0.0,0.0,0.11524163568773234,0.1,0.1,0.12,9.0,8.633333333333333,0.0,0.0,0.09665427509293681,0.0,0.0,0.06,23.0,9.52,0.0,0.0,48.0,1.0,28.0,4.0,0.0,1.0,0.0,269.0,12.0,17.0,2.0,1,0,0,0,0,0,0,0,0,0,0,0,0,0,0,0,0,0,0,0,0,0,0,0,0,0,0,0,0,1,0,0,0,0,1,0,0,0,0,0,1,0,0,0,0,0,1,0
2025-12-24,0.15925925925925927,0.3,0.2,0.2,0.0,6.357142857142857,1.0,1.0,0.1037037037037037,0.0,0.05,0.06,14.0,9.333333333333334,0.0,0.0,0.0962962962962963,0.1,0.05,0.12,6.0,10.28,0.0,0.0,0.11481481481481481,0.2,0.2,0.14,1.0,7.933333333333334,0.0,1.0,0.1111111111111111,0.1,0.1,0.08,1.0,9.137931034482758,0.0,1.0,0.08148148148148149,0.2,0.1,0.1,5.0,12.380952380952381,0.0,0.0,0.11851851851851852,0.0,0.0,0.06,28.0,7.0,0.0,0.0,0.08888888888888889,0.0,0.0,0.04,24.0,10.347826086956522,0.0,0.0,0.12962962962962962,0.1,0.25,0.1,1.0,7.676470588235294,0.0,1.0,0.14444444444444443,0.2,0.1,0.12,2.0,6.7631578947368425,0.0,0.0,0.12222222222222222,0.3,0.2,0.16,4.0,8.15625,0.0,0.0,0.08888888888888889,0.0,0.0,0.08,20.0,10.478260869565217,0.0,0.0,0.08148148148148149,0.0,0.0,0.08,42.0,10.142857142857142,0.0,0.0,0.09259259259259259,0.0,0.1,0.12,10.0,9.75,0.0,0.0,0.0962962962962963,0.2,0.1,0.06,3.0,9.8,0.0,0.0,0.09259259259259259,0.1,0.15,0.12,2.0,10.916666666666666,0.0,0.0,0.08518518518518518,0.0,0.05,0.04,11.0,11.636363636363637,0.0,0.0,0.10740740740740741,0.1,0.1,0.08,7.0,9.214285714285714,0.0,0.0,0.1111111111111111,0.0,0.1,0.08,13.0,8.620689655172415,0.0,0.0,0.12962962962962962,0.0,0.05,0.16,12.0,7.4411764705882355,0.0,0.0,0.09259259259259259,0.0,0.0,0.0,51.0,9.041666666666666,0.0,0.0,0.1,0.3,0.15,0.16,4.0,9.884615384615385,0.0,0.0,0.07407407407407407,0.1,0.05,0.08,6.0,12.736842105263158,0.0,0.0,0.1037037037037037,0.1,0.1,0.14,6.0,9.74074074074074,0.0,0.0,0.1111111111111111,0.0,0.1,0.16,14.0,8.793103448275861,0.0,0.0,0.0962962962962963,0.1,0.1,0.1,5.0,10.44,0.0,0.0,0.12962962962962962,0.2,0.2,0.14,7.0,7.617647058823529,0.0,0.0,0.10740740740740741,0.1,0.1,0.1,8.0,9.142857142857142,0.0,0.0,0.07777777777777778,0.3,0.2,0.18,1.0,12.7,0.0,1.0,0.08518518518518518,0.2,0.2,0.14,0.0,12.181818181818182,1.0,1.0,0.11481481481481481,0.1,0.3,0.18,9.0,8.6,0.0,0.0,0.1037037037037037,0.1,0.1,0.12,2.0,9.592592592592593,0.0,0.0,0.08888888888888889,0.1,0.05,0.12,2.0,11.08695652173913,0.0,0.0,0.1111111111111111,0.1,0.1,0.06,4.0,9.137931034482758,0.0,0.0,0.0962962962962963,0.1,0.05,0.06,0.0,10.72,1.0,1.0,0.11851851851851852,0.4,0.2,0.18,3.0,8.580645161290322,0.0,0.0,0.0962962962962963,0.0,0.05,0.08,19.0,9.12,0.0,0.0,0.1259259259259259,0.1,0.05,0.04,7.0,7.787878787878788,0.0,0.0,0.08888888888888889,0.1,0.1,0.1,6.0,10.043478260869565,0.0,0.0,0.08148148148148149,0.0,0.0,0.08,38.0,10.619047619047619,0.0,0.0,0.0962962962962963,0.1,0.15,0.1,0.0,10.72,1.0,1.0,0.11851851851851852,0.0,0.05,0.1,15.0,7.935483870967742,0.0,0.0,0.09259259259259259,0.3,0.2,0.08,4.0,10.583333333333334,0.0,0.0,0.07407407407407407,0.0,0.0,0.02,32.0,12.421052631578947,0.0,0.0,0.10740740740740741,0.1,0.2,0.14,3.0,9.178571428571429,0.0,0.0,0.13703703703703704,0.0,0.15,0.14,14.0,6.75,0.0,0.0,0.11851851851851852,0.1,0.15,0.14,0.0,8.67741935483871,1.0,1.0,0.0962962962962963,0.0,0.0,0.06,24.0,9.52,0.0,0.0,154.0,1.0,46.0,1.0,0.0,2.0,2.0,270.0,12.0,21.0,6.0,0,0,0,0,1,0,0,0,0,0,0,0,1,0,0,0,0,0,0,0,0,0,0,0,0,0,1,0,0,0,0,0,0,0,0,0,0,0,0,0,0,0,1,0,0,0,1,0
2025-12-28,0.15867158671586715,0.2,0.2,0.18,1.0,6.357142857142857,0.0,1.0,0.1033210332103321,0.0,0.05,0.06,15.0,9.333333333333334,0.0,0.0,0.0959409594095941,0.1,0.05,0.12,7.0,10.28,0.0,0.0,0.11439114391143912,0.2,0.2,0.14,2.0,7.933333333333334,0.0,0.0,0.11439114391143912,0.2,0.15,0.1,0.0,8.9,1.0,1.0,0.08118081180811808,0.2,0.1,0.1,6.0,12.380952380952381,0.0,0.0,0.11808118081180811,0.0,0.0,0.06,29.0,7.0,0.0,0.0,0.08856088560885608,0.0,0.0,0.04,25.0,10.347826086956522,0.0,0.0,0.12915129151291513,0.1,0.25,0.1,2.0,7.676470588235294,0.0,0.0,0.14391143911439114,0.2,0.1,0.12,3.0,6.7631578947368425,0.0,0.0,0.12177121771217712,0.3,0.15,0.16,5.0,8.15625,0.0,0.0,0.08856088560885608,0.0,0.0,0.08,21.0,10.478260869565217,0.0,0.0,0.08487084870848709,0.1,0.05,0.1,0.0,11.636363636363637,1.0,1.0,0.09225092250922509,0.0,0.1,0.12,11.0,9.75,0.0,0.0,0.0959409594095941,0.2,0.1,0.06,4.0,9.8,0.0,0.0,0.09225092250922509,0.1,0.15,0.12,3.0,10.916666666666666,0.0,0.0,0.08487084870848709,0.0,0.05,0.04,12.0,11.636363636363637,0.0,0.0,0.1070110701107011,0.1,0.1,0.08,8.0,9.214285714285714,0.0,0.0,0.11070110701107011,0.0,0.1,0.08,14.0,8.620689655172415,0.0,0.0,0.12915129151291513,0.0,0.05,0.16,13.0,7.4411764705882355,0.0,0.0,0.09225092250922509,0.0,0.0,0.0,52.0,9.041666666666666,0.0,0.0,0.0996309963099631,0.2,0.15,0.16,5.0,9.884615384615385,0.0,0.0,0.07380073800738007,0.1,0.05,0.08,7.0,12.736842105263158,0.0,0.0,0.1033210332103321,0.1,0.1,0.14,7.0,9.74074074074074,0.0,0.0,0.11070110701107011,0.0,0.1,0.16,15.0,8.793103448275861,0.0,0.0,0.0959409594095941,0.1,0.1,0.08,6.0,10.44,0.0,0.0,0.13284132841328414,0.2,0.25,0.16,0.0,7.628571428571429,1.0,1.0,0.1070110701107011,0.1,0.1,0.1,9.0,9.142857142857142,0.0,0.0,0.07749077490774908,0.3,0.2,0.18,2.0,12.7,0.0,0.0,0.08487084870848709,0.2,0.15,0.12,1.0,12.181818181818182,0.0,1.0,0.11439114391143912,0.0,0.25,0.18,10.0,8.6,0.0,0.0,0.1033210332103321,0.1,0.1,0.12,3.0,9.592592592592593,0.0,0.0,0.08856088560885608,0.1,0.05,0.12,3.0,11.08695652173913,0.0,0.0,0.11070110701107011,0.1,0.1,0.06,5.0,9.137931034482758,0.0,0.0,0.0959409594095941,0.1,0.05,0.06,1.0,10.72,0.0,1.0,0.11808118081180811,0.3,0.2,0.18,4.0,8.580645161290322,0.0,0.0,0.0959409594095941,0.0,0.0,0.08,20.0,9.12,0.0,0.0,0.12546125461254612,0.1,0.05,0.04,8.0,7.787878787878788,0.0,0.0,0.08856088560885608,0.1,0.1,0.1,7.0,10.043478260869565,0.0,0.0,0.08118081180811808,0.0,0.0,0.06,39.0,10.619047619047619,0.0,0.0,0.0959409594095941,0.1,0.15,0.1,1.0,10.72,0.0,1.0,0.11808118081180811,0.0,0.05,0.1,16.0,7.935483870967742,0.0,0.0,0.0959409594095941,0.4,0.25,0.1,0.0,10.36,1.0,1.0,0.07380073800738007,0.0,0.0,0.02,33.0,12.421052631578947,0.0,0.0,0.1070110701107011,0.1,0.2,0.14,4.0,9.178571428571429,0.0,0.0,0.13653136531365315,0.0,0.1,0.14,15.0,6.75,0.0,0.0,0.12177121771217712,0.2,0.2,0.16,0.0,8.4375,1.0,1.0,0.0959409594095941,0.0,0.0,0.04,25.0,9.52,0.0,0.0,135.0,0.0,42.0,1.0,1.0,1.0,2.0,271.0,12.0,24.0,2.0,0,0,0,0,0,0,0,0,0,0,0,0,0,0,0,0,1,0,0,0,0,0,0,0,0,0,0,0,0,0,0,0,0,1,1,0,0,0,0,1,0,0,1,0,0,0,0,0
2025-12-31,0.15808823529411764,0.2,0.2,0.16,2.0,6.357142857142857,0.0,0.0,0.10294117647058823,0.0,0.05,0.06,16.0,9.333333333333334,0.0,0.0,0.09558823529411764,0.1,0.05,0.12,8.0,10.28,0.0,0.0,0.11397058823529412,0.2,0.2,0.12,3.0,7.933333333333334,0.0,0.0,0.11397058823529412,0.2,0.15,0.08,1.0,8.9,0.0,1.0,0.08088235294117647,0.1,0.1,0.1,7.0,12.380952380952381,0.0,0.0,0.11764705882352941,0.0,0.0,0.06,30.0,7.0,0.0,0.0,0.08823529411764706,0.0,0.0,0.04,26.0,10.347826086956522,0.0,0.0,0.12867647058823528,0.1,0.2,0.1,3.0,7.676470588235294,0.0,0.0,0.14338235294117646,0.2,0.1,0.12,4.0,6.7631578947368425,0.0,0.0,0.1213235294117647,0.2,0.15,0.16,6.0,8.15625,0.0,0.0,0.08823529411764706,0.0,0.0,0.08,22.0,10.478260869565217,0.0,0.0,0.08455882352941177,0.1,0.05,0.1,1.0,11.636363636363637,0.0,1.0,0.09191176470588236,0.0,0.1,0.12,12.0,9.75,0.0,0.0,0.09558823529411764,0.2,0.1,0.06,5.0,9.8,0.0,0.0,0.09191176470588236,0.1,0.15,0.12,4.0,10.916666666666666,0.0,0.0,0.08823529411764706,0.1,0.1,0.06,0.0,11.695652173913043,1.0,1.0,0.10661764705882353,0.1,0.1,0.08,9.0,9.214285714285714,0.0,0.0,0.11029411764705882,0.0,0.05,0.08,15.0,8.620689655172415,0.0,0.0,0.12867647058823528,0.0,0.05,0.14,14.0,7.4411764705882355,0.0,0.0,0.09191176470588236,0.0,0.0,0.0,53.0,9.041666666666666,0.0,0.0,0.09926470588235294,0.1,0.15,0.16,6.0,9.884615384615385,0.0,0.0,0.07352941176470588,0.1,0.05,0.08,8.0,12.736842105263158,0.0,0.0,0.10294117647058823,0.1,0.1,0.12,8.0,9.74074074074074,0.0,0.0,0.11029411764705882,0.0,0.05,0.16,16.0,8.793103448275861,0.0,0.0,0.09558823529411764,0.1,0.1,0.08,7.0,10.44,0.0,0.0,0.1323529411764706,0.2,0.25,0.16,1.0,7.628571428571429,0.0,1.0,0.10661764705882353,0.0,0.1,0.1,10.0,9.142857142857142,0.0,0.0,0.07720588235294118,0.3,0.2,0.18,3.0,12.7,0.0,0.0,0.08455882352941177,0.2,0.15,0.12,2.0,12.181818181818182,0.0,0.0,0.11397058823529412,0.0,0.2,0.18,11.0,8.6,0.0,0.0,0.10294117647058823,0.1,0.1,0.12,4.0,9.592592592592593,0.0,0.0,0.08823529411764706,0.1,0.05,0.12,4.0,11.08695652173913,0.0,0.0,0.11397058823529412,0.2,0.15,0.08,0.0,9.033333333333333,1.0,1.0,0.09926470588235294,0.2,0.1,0.08,0.0,10.384615384615385,1.0,1.0,0.11764705882352941,0.2,0.2,0.18,5.0,8.580645161290322,0.0,0.0,0.09558823529411764,0.0,0.0,0.08,21.0,9.12,0.0,0.0,0.125,0.1,0.05,0.04,9.0,7.787878787878788,0.0,0.0,0.08823529411764706,0.1,0.1,0.1,8.0,10.043478260869565,0.0,0.0,0.08455882352941177,0.1,0.05,0.08,0.0,11.954545454545455,1.0,1.0,0.09558823529411764,0.1,0.15,0.1,2.0,10.72,0.0,0.0,0.11764705882352941,0.0,0.05,0.1,17.0,7.935483870967742,0.0,0.0,0.09926470588235294,0.5,0.25,0.12,0.0,10.0,1.0,1.0,0.07352941176470588,0.0,0.0,0.02,34.0,12.421052631578947,0.0,0.0,0.10661764705882353,0.1,0.2,0.14,5.0,9.178571428571429,0.0,0.0,0.13602941176470587,0.0,0.1,0.14,16.0,6.75,0.0,0.0,0.1213235294117647,0.2,0.2,0.16,1.0,8.4375,0.0,1.0,0.09558823529411764,0.0,0.0,0.04,26.0,9.52,0.0,0.0,169.0,2.0,26.0,0.0,1.0,2.0,2.0,272.0,12.0,28.0,6.0,0,0,0,0,0,0,0,1,0,0,0,0,0,0,0,0,0,0,0,0,0,0,1,0,0,0,1,0,0,0,0,0,0,0,0,0,0,0,0,0,0,0,0,1,1,0,0,0
2026-01-04,0.1575091575091575,0.2,0.2,0.16,3.0,6.357142857142857,0.0,0.0,0.10256410256410256,0.0,0.05,0.06,17.0,9.333333333333334,0.0,0.0,0.09523809523809523,0.1,0.05,0.1,9.0,10.28,0.0,0.0,0.11355311355311355,0.2,0.2,0.12,4.0,7.933333333333334,0.0,0.0,0.11355311355311355,0.2,0.15,0.08,2.0,8.9,0.0,0.0,0.08058608058608059,0.1,0.1,0.1,8.0,12.380952380952381,0.0,0.0,0.11721611721611722,0.0,0.0,0.06,31.0,7.0,0.0,0.0,0.09157509157509157,0.1,0.05,0.06,0.0,11.041666666666666,1.0,1.0,0.1282051282051282,0.1,0.15,0.1,4.0,7.676470588235294,0.0,0.0,0.14285714285714285,0.2,0.1,0.12,5.0,6.7631578947368425,0.0,0.0,0.12087912087912088,0.2,0.15,0.16,7.0,8.15625,0.0,0.0,0.08791208791208792,0.0,0.0,0.08,23.0,10.478260869565217,0.0,0.0,0.08424908424908426,0.1,0.05,0.08,2.0,11.636363636363637,0.0,0.0,0.09157509157509157,0.0,0.05,0.12,13.0,9.75,0.0,0.0,0.09523809523809523,0.1,0.1,0.06,6.0,9.8,0.0,0.0,0.09157509157509157,0.1,0.15,0.12,5.0,10.916666666666666,0.0,0.0,0.08791208791208792,0.1,0.1,0.06,1.0,11.695652173913043,0.0,1.0,0.10622710622710622,0.0,0.05,0.08,10.0,9.214285714285714,0.0,0.0,0.10989010989010989,0.0,0.05,0.08,16.0,8.620689655172415,0.0,0.0,0.1282051282051282,0.0,0.05,0.14,15.0,7.4411764705882355,0.0,0.0,0.09157509157509157,0.0,0.0,0.0,54.0,9.041666666666666,0.0,0.0,0.0989010989010989,0.1,0.15,0.16,7.0,9.884615384615385,0.0,0.0,0.07692307692307693,0.2,0.1,0.1,0.0,12.55,1.0,1.0,0.10256410256410256,0.1,0.1,0.12,9.0,9.74074074074074,0.0,0.0,0.10989010989010989,0.0,0.05,0.16,17.0,8.793103448275861,0.0,0.0,0.09523809523809523,0.1,0.1,0.08,8.0,10.44,0.0,0.0,0.13553113553113552,0.2,0.3,0.18,0.0,7.472222222222222,1.0,1.0,0.10622710622710622,0.0,0.1,0.1,11.0,9.142857142857142,0.0,0.0,0.07692307692307693,0.3,0.2,0.16,4.0,12.7,0.0,0.0,0.08424908424908426,0.2,0.15,0.12,3.0,12.181818181818182,0.0,0.0,0.11355311355311355,0.0,0.2,0.18,12.0,8.6,0.0,0.0,0.10256410256410256,0.1,0.1,0.12,5.0,9.592592592592593,0.0,0.0,0.08791208791208792,0.1,0.05,0.12,5.0,11.08695652173913,0.0,0.0,0.11355311355311355,0.2,0.15,0.08,1.0,9.033333333333333,0.0,1.0,0.0989010989010989,0.2,0.1,0.08,1.0,10.384615384615385,0.0,1.0,0.11721611721611722,0.2,0.2,0.16,6.0,8.580645161290322,0.0,0.0,0.09523809523809523,0.0,0.0,0.08,22.0,9.12,0.0,0.0,0.12454212454212454,0.0,0.05,0.04,10.0,7.787878787878788,0.0,0.0,0.08791208791208792,0.1,0.05,0.1,9.0,10.043478260869565,0.0,0.0,0.08424908424908426,0.1,0.05,0.08,1.0,11.954545454545455,0.0,1.0,0.09523809523809523,0.1,0.1,0.08,3.0,10.72,0.0,0.0,0.11721611721611722,0.0,0.05,0.1,18.0,7.935483870967742,0.0,0.0,0.0989010989010989,0.4,0.25,0.12,1.0,10.0,0.0,1.0,0.07692307692307693,0.1,0.05,0.04,0.0,13.55,1.0,1.0,0.10989010989010989,0.2,0.25,0.16,0.0,9.068965517241379,1.0,1.0,0.13553113553113552,0.0,0.1,0.14,17.0,6.75,0.0,0.0,0.12087912087912088,0.2,0.2,0.16,2.0,8.4375,0.0,0.0,0.09523809523809523,0.0,0.0,0.04,27.0,9.52,0.0,0.0,147.0,2.0,37.0,1.0,1.0,1.0,2.0,273.0,12.0,31.0,2.0,1,0,0,0,0,1,0,0,0,0,0,1,0,0,0,0,0,0,1,0,0,0,0,0,0,0,0,0,0,0,0,1,0,0,0,0,0,0,0,0,0,0,0,0,0,0,0,0
2026-01-08,0.16058394160583941,0.3,0.25,0.18,0.0,6.3023255813953485,1.0,1.0,0.10218978102189781,0.0,0.05,0.06,18.0,9.333333333333334,0.0,0.0,0.0948905109489051,0.0,0.05,0.1,10.0,10.28,0.0,0.0,0.11313868613138686,0.2,0.2,0.12,5.0,7.933333333333334,0.0,0.0,0.11313868613138686,0.2,0.15,0.08,3.0,8.9,0.0,0.0,0.08394160583941605,0.2,0.15,0.12,0.0,12.227272727272727,1.0,1.0,0.11678832116788321,0.0,0.0,0.06,32.0,7.0,0.0,0.0,0.09124087591240876,0.1,0.05,0.06,1.0,11.041666666666666,0.0,1.0,0.12773722627737227,0.1,0.1,0.1,5.0,7.676470588235294,0.0,0.0,0.14233576642335766,0.2,0.1,0.12,6.0,6.7631578947368425,0.0,0.0,0.12043795620437957,0.2,0.15,0.16,8.0,8.15625,0.0,0.0,0.09124087591240876,0.1,0.05,0.1,0.0,11.041666666666666,1.0,1.0,0.08394160583941605,0.1,0.05,0.08,3.0,11.636363636363637,0.0,0.0,0.09124087591240876,0.0,0.05,0.12,14.0,9.75,0.0,0.0,0.0948905109489051,0.1,0.1,0.06,7.0,9.8,0.0,0.0,0.09124087591240876,0.1,0.1,0.12,6.0,10.916666666666666,0.0,0.0,0.08759124087591241,0.1,0.1,0.06,2.0,11.695652173913043,0.0,0.0,0.10583941605839416,0.0,0.05,0.08,11.0,9.214285714285714,0.0,0.0,0.11313868613138686,0.1,0.1,0.1,0.0,8.9,1.0,1.0,0.12773722627737227,0.0,0.05,0.12,16.0,7.4411764705882355,0.0,0.0,0.09124087591240876,0.0,0.0,0.0,55.0,9.041666666666666,0.0,0.0,0.09854014598540146,0.1,0.15,0.16,8.0,9.884615384615385,0.0,0.0,0.07664233576642336,0.1,0.1,0.08,1.0,12.55,0.0,1.0,0.10218978102189781,0.0,0.1,0.1,10.0,9.74074074074074,0.0,0.0,0.10948905109489052,0.0,0.05,0.16,18.0,8.793103448275861,0.0,0.0,0.0948905109489051,0.1,0.05,0.08,9.0,10.44,0.0,0.0,0.13503649635036497,0.2,0.3,0.18,1.0,7.472222222222222,0.0,1.0,0.10583941605839416,0.0,0.1,0.1,12.0,9.142857142857142,0.0,0.0,0.07664233576642336,0.2,0.2,0.16,5.0,12.7,0.0,0.0,0.08394160583941605,0.2,0.15,0.12,4.0,12.181818181818182,0.0,0.0,0.11313868613138686,0.0,0.2,0.18,13.0,8.6,0.0,0.0,0.10583941605839416,0.2,0.15,0.14,0.0,9.464285714285714,1.0,1.0,0.08759124087591241,0.1,0.05,0.12,6.0,11.08695652173913,0.0,0.0,0.11313868613138686,0.2,0.1,0.08,2.0,9.033333333333333,0.0,0.0,0.09854014598540146,0.2,0.1,0.08,2.0,10.384615384615385,0.0,0.0,0.11678832116788321,0.2,0.2,0.16,7.0,8.580645161290322,0.0,0.0,0.0948905109489051,0.0,0.0,0.08,23.0,9.12,0.0,0.0,0.12408759124087591,0.0,0.05,0.04,11.0,7.787878787878788,0.0,0.0,0.08759124087591241,0.0,0.05,0.08,10.0,10.043478260869565,0.0,0.0,0.08394160583941605,0.1,0.05,0.08,2.0,11.954545454545455,0.0,0.0,0.0948905109489051,0.1,0.1,0.08,4.0,10.72,0.0,0.0,0.11678832116788321,0.0,0.05,0.08,19.0,7.935483870967742,0.0,0.0,0.09854014598540146,0.4,0.25,0.12,2.0,10.0,0.0,0.0,0.07664233576642336,0.1,0.05,0.04,1.0,13.55,0.0,1.0,0.10948905109489052,0.2,0.25,0.16,1.0,9.068965517241379,0.0,1.0,0.13503649635036497,0.0,0.05,0.14,18.0,6.75,0.0,0.0,0.12043795620437957,0.2,0.2,0.16,3.0,8.4375,0.0,0.0,0.0948905109489051,0.0,0.0,0.04,28.0,9.52,0.0,0.0,70.0,3.0,31.0,3.0,1.0,1.0,0.0,274.0,1.0,4.0,6.0,0,0,0,0,0,0,0,0,0,0,0,0,0,1,0,0,0,0,0,0,0,0,1,0,0,0,0,0,0,0,0,0,0,0,0,0,1,0,1,1,0,0,0,0,0,0,0,0
2026-01-11,0.16,0.3,0.25,0.18,1.0,6.3023255813953485,0.0,1.0,0.10181818181818182,0.0,0.05,0.06,19.0,9.333333333333334,0.0,0.0,0.09454545454545454,0.0,0.05,0.1,11.0,10.28,0.0,0.0,0.11272727272727273,0.2,0.15,0.12,6.0,7.933333333333334,0.0,0.0,0.11272727272727273,0.2,0.15,0.08,4.0,8.9,0.0,0.0,0.08363636363636363,0.1,0.15,0.12,1.0,12.227272727272727,0.0,1.0,0.11636363636363636,0.0,0.0,0.06,33.0,7.0,0.0,0.0,0.09090909090909091,0.1,0.05,0.06,2.0,11.041666666666666,0.0,0.0,0.12727272727272726,0.1,0.1,0.1,6.0,7.676470588235294,0.0,0.0,0.14181818181818182,0.1,0.1,0.12,7.0,6.7631578947368425,0.0,0.0,0.12,0.1,0.15,0.16,9.0,8.15625,0.0,0.0,0.09090909090909091,0.1,0.05,0.1,1.0,11.041666666666666,0.0,1.0,0.08363636363636363,0.1,0.05,0.08,4.0,11.636363636363637,0.0,0.0,0.09454545454545454,0.1,0.1,0.14,0.0,9.96,1.0,1.0,0.09454545454545454,0.1,0.1,0.06,8.0,9.8,0.0,0.0,0.09090909090909091,0.1,0.1,0.12,7.0,10.916666666666666,0.0,0.0,0.08727272727272728,0.1,0.1,0.06,3.0,11.695652173913043,0.0,0.0,0.10545454545454545,0.0,0.05,0.08,12.0,9.214285714285714,0.0,0.0,0.11272727272727273,0.1,0.1,0.1,1.0,8.9,0.0,1.0,0.12727272727272726,0.0,0.05,0.12,17.0,7.4411764705882355,0.0,0.0,0.09090909090909091,0.0,0.0,0.0,56.0,9.041666666666666,0.0,0.0,0.09818181818181818,0.1,0.15,0.14,9.0,9.884615384615385,0.0,0.0,0.08,0.2,0.15,0.1,0.0,12.047619047619047,1.0,1.0,0.10181818181818182,0.0,0.1,0.1,11.0,9.74074074074074,0.0,0.0,0.10909090909090909,0.0,0.05,0.14,19.0,8.793103448275861,0.0,0.0,0.09454545454545454,0.0,0.05,0.08,10.0,10.44,0.0,0.0,0.13454545454545455,0.2,0.25,0.18,2.0,7.472222222222222,0.0,0.0,0.10545454545454545,0.0,0.1,0.08,13.0,9.142857142857142,0.0,0.0,0.07636363636363637,0.2,0.2,0.16,6.0,12.7,0.0,0.0,0.08363636363636363,0.2,0.15,0.12,5.0,12.181818181818182,0.0,0.0,0.11272727272727273,0.0,0.15,0.18,14.0,8.6,0.0,0.0,0.10545454545454545,0.2,0.1,0.14,1.0,9.464285714285714,0.0,1.0,0.08727272727272728,0.1,0.05,0.12,7.0,11.08695652173913,0.0,0.0,0.11272727272727273,0.2,0.1,0.06,3.0,9.033333333333333,0.0,0.0,0.09818181818181818,0.2,0.1,0.06,3.0,10.384615384615385,0.0,0.0,0.11636363636363636,0.2,0.2,0.16,8.0,8.580645161290322,0.0,0.0,0.09818181818181818,0.1,0.05,0.1,0.0,9.692307692307692,1.0,1.0,0.12363636363636364,0.0,0.05,0.04,12.0,7.787878787878788,0.0,0.0,0.09090909090909091,0.1,0.1,0.1,0.0,10.083333333333334,1.0,1.0,0.08727272727272728,0.2,0.1,0.1,0.0,11.565217391304348,1.0,1.0,0.09454545454545454,0.1,0.1,0.08,5.0,10.72,0.0,0.0,0.11636363636363636,0.0,0.0,0.08,20.0,7.935483870967742,0.0,0.0,0.09818181818181818,0.3,0.25,0.12,3.0,10.0,0.0,0.0,0.07636363636363637,0.1,0.05,0.04,2.0,13.55,0.0,0.0,0.10909090909090909,0.2,0.25,0.16,2.0,9.068965517241379,0.0,0.0,0.13454545454545455,0.0,0.05,0.14,19.0,6.75,0.0,0.0,0.12,0.2,0.2,0.16,4.0,8.4375,0.0,0.0,0.09454545454545454,0.0,0.0,0.04,29.0,9.52,0.0,0.0,153.0,2.0,26.0,0.0,2.0,0.0,3.0,275.0,1.0,8.0,3.0,0,0,0,0,0,1,0,1,0,0,0,0,0,0,0,0,0,0,0,0,0,0,0,0,0,0,0,0,0,0,0,0,0,1,0,1,0,0,1,0,0,0,0,0,0,0,0,0
2026-01-14,0.15942028985507245,0.3,0.25,0.18,2.0,6.3023255813953485,0.0,0.0,0.10144927536231885,0.0,0.0,0.06,20.0,9.333333333333334,0.0,0.0,0.09420289855072464,0.0,0.05,0.1,12.0,10.28,0.0,0.0,0.11231884057971014,0.2,0.15,0.12,7.0,7.933333333333334,0.0,0.0,0.11231884057971014,0.2,0.15,0.08,5.0,8.9,0.0,0.0,0.08695652173913043,0.2,0.2,0.14,0.0,11.782608695652174,1.0,1.0,0.11594202898550725,0.0,0.0,0.06,34.0,7.0,0.0,0.0,0.09420289855072464,0.2,0.1,0.08,0.0,10.72,1.0,1.0,0.12681159420289856,0.1,0.1,0.1,7.0,7.676470588235294,0.0,0.0,0.14130434782608695,0.1,0.1,0.12,8.0,6.7631578947368425,0.0,0.0,0.11956521739130435,0.0,0.15,0.16,10.0,8.15625,0.0,0.0,0.09057971014492754,0.1,0.05,0.08,2.0,11.041666666666666,0.0,0.0,0.08333333333333333,0.1,0.05,0.06,5.0,11.636363636363637,0.0,0.0,0.09420289855072464,0.1,0.1,0.14,1.0,9.96,0.0,1.0,0.09420289855072464,0.1,0.1,0.06,9.0,9.8,0.0,0.0,0.09057971014492754,0.1,0.05,0.12,8.0,10.916666666666666,0.0,0.0,0.08695652173913043,0.1,0.1,0.06,4.0,11.695652173913043,0.0,0.0,0.10507246376811594,0.0,0.05,0.08,13.0,9.214285714285714,0.0,0.0,0.11231884057971014,0.1,0.1,0.1,2.0,8.9,0.0,0.0,0.12681159420289856,0.0,0.05,0.12,18.0,7.4411764705882355,0.0,0.0,0.09057971014492754,0.0,0.0,0.0,57.0,9.041666666666666,0.0,0.0,0.09782608695652174,0.0,0.15,0.14,10.0,9.884615384615385,0.0,0.0,0.07971014492753623,0.2,0.15,0.08,1.0,12.047619047619047,0.0,1.0,0.10144927536231885,0.0,0.1,0.1,12.0,9.74074074074074,0.0,0.0,0.10869565217391304,0.0,0.0,0.14,20.0,8.793103448275861,0.0,0.0,0.09420289855072464,0.0,0.05,0.08,11.0,10.44,0.0,0.0,0.13405797101449277,0.2,0.25,0.18,3.0,7.472222222222222,0.0,0.0,0.10507246376811594,0.0,0.1,0.08,14.0,9.142857142857142,0.0,0.0,0.07608695652173914,0.2,0.15,0.14,7.0,12.7,0.0,0.0,0.08333333333333333,0.2,0.15,0.12,6.0,12.181818181818182,0.0,0.0,0.11231884057971014,0.0,0.15,0.18,15.0,8.6,0.0,0.0,0.10507246376811594,0.2,0.1,0.12,2.0,9.464285714285714,0.0,0.0,0.08695652173913043,0.1,0.05,0.12,8.0,11.08695652173913,0.0,0.0,0.11594202898550725,0.2,0.15,0.08,0.0,8.870967741935484,1.0,1.0,0.09782608695652174,0.2,0.1,0.06,4.0,10.384615384615385,0.0,0.0,0.11956521739130435,0.2,0.25,0.18,0.0,8.59375,1.0,1.0,0.09782608695652174,0.1,0.05,0.1,1.0,9.692307692307692,0.0,1.0,0.12318840579710146,0.0,0.05,0.04,13.0,7.787878787878788,0.0,0.0,0.09420289855072464,0.2,0.15,0.12,0.0,9.72,1.0,1.0,0.08695652173913043,0.2,0.1,0.1,1.0,11.565217391304348,0.0,1.0,0.09420289855072464,0.1,0.1,0.08,6.0,10.72,0.0,0.0,0.11594202898550725,0.0,0.0,0.08,21.0,7.935483870967742,0.0,0.0,0.09782608695652174,0.2,0.25,0.12,4.0,10.0,0.0,0.0,0.07608695652173914,0.1,0.05,0.04,3.0,13.55,0.0,0.0,0.10869565217391304,0.2,0.25,0.16,3.0,9.068965517241379,0.0,0.0,0.13405797101449277,0.0,0.0,0.14,20.0,6.75,0.0,0.0,0.11956521739130435,0.2,0.2,0.16,5.0,8.4375,0.0,0.0,0.09420289855072464,0.0,0.0,0.04,30.0,9.52,0.0,0.0,123.0,4.0,33.0,2.0,0.0,2.0,1.0,276.0,1.0,11.0,6.0,1,0,0,0,0,0,0,0,0,0,0,0,0,0,0,0,0,0,0,0,1,0,0,0,1,0,1,0,0,0,0,0,0,0,1,0,0,0,0,0,0,0,0,0,0,0,0,0
2026-01-18,0.1624548736462094,0.4,0.25,0.2,0.0,6.2272727272727275,1.0,1.0,0.10108303249097472,0.0,0.0,0.06,21.0,9.333333333333334,0.0,0.0,0.09386281588447654,0.0,0.05,0.08,13.0,10.28,0.0,0.0,0.11191335740072202,0.2,0.15,0.12,8.0,7.933333333333334,0.0,0.0,0.11191335740072202,0.2,0.15,0.08,6.0,8.9,0.0,0.0,0.08664259927797834,0.2,0.2,0.14,1.0,11.782608695652174,0.0,1.0,0.11552346570397112,0.0,0.0,0.04,35.0,7.0,0.0,0.0,0.09386281588447654,0.2,0.1,0.08,1.0,10.72,0.0,1.0,0.1263537906137184,0.1,0.1,0.1,8.0,7.676470588235294,0.0,0.0,0.1407942238267148,0.1,0.1,0.12,9.0,6.7631578947368425,0.0,0.0,0.11913357400722022,0.0,0.15,0.16,11.0,8.15625,0.0,0.0,0.09025270758122744,0.1,0.05,0.06,3.0,11.041666666666666,0.0,0.0,0.08303249097472924,0.1,0.05,0.04,6.0,11.636363636363637,0.0,0.0,0.09386281588447654,0.1,0.1,0.14,2.0,9.96,0.0,0.0,0.09386281588447654,0.0,0.1,0.06,10.0,9.8,0.0,0.0,0.09025270758122744,0.1,0.05,0.12,9.0,10.916666666666666,0.0,0.0,0.08664259927797834,0.1,0.1,0.06,5.0,11.695652173913043,0.0,0.0,0.10469314079422383,0.0,0.05,0.08,14.0,9.214285714285714,0.0,0.0,0.11191335740072202,0.1,0.05,0.1,3.0,8.9,0.0,0.0,0.1263537906137184,0.0,0.05,0.12,19.0,7.4411764705882355,0.0,0.0,0.09386281588447654,0.1,0.05,0.02,0.0,11.0,1.0,1.0,0.09747292418772563,0.0,0.15,0.14,11.0,9.884615384615385,0.0,0.0,0.07942238267148015,0.2,0.15,0.08,2.0,12.047619047619047,0.0,0.0,0.10108303249097472,0.0,0.05,0.1,13.0,9.74074074074074,0.0,0.0,0.11191335740072202,0.1,0.05,0.16,0.0,9.2,1.0,1.0,0.09386281588447654,0.0,0.05,0.08,12.0,10.44,0.0,0.0,0.1371841155234657,0.3,0.3,0.2,0.0,7.378378378378378,1.0,1.0,0.10469314079422383,0.0,0.05,0.08,15.0,9.142857142857142,0.0,0.0,0.07581227436823104,0.1,0.15,0.12,8.0,12.7,0.0,0.0,0.08303249097472924,0.1,0.15,0.12,7.0,12.181818181818182,0.0,0.0,0.11191335740072202,0.0,0.1,0.18,16.0,8.6,0.0,0.0,0.10469314079422383,0.2,0.1,0.12,3.0,9.464285714285714,0.0,0.0,0.08664259927797834,0.1,0.05,0.12,9.0,11.08695652173913,0.0,0.0,0.11552346570397112,0.2,0.15,0.08,1.0,8.870967741935484,0.0,1.0,0.10108303249097472,0.3,0.15,0.08,0.0,10.185185185185185,1.0,1.0,0.11913357400722022,0.1,0.25,0.18,1.0,8.59375,0.0,1.0,0.09747292418772563,0.1,0.05,0.1,2.0,9.692307692307692,0.0,0.0,0.12274368231046931,0.0,0.05,0.04,14.0,7.787878787878788,0.0,0.0,0.09386281588447654,0.2,0.15,0.12,1.0,9.72,0.0,1.0,0.08664259927797834,0.2,0.1,0.1,2.0,11.565217391304348,0.0,0.0,0.09386281588447654,0.1,0.1,0.08,7.0,10.72,0.0,0.0,0.11552346570397112,0.0,0.0,0.08,22.0,7.935483870967742,0.0,0.0,0.09747292418772563,0.2,0.25,0.12,5.0,10.0,0.0,0.0,0.07581227436823104,0.1,0.05,0.04,4.0,13.55,0.0,0.0,0.10830324909747292,0.1,0.25,0.16,4.0,9.068965517241379,0.0,0.0,0.13357400722021662,0.0,0.0,0.14,21.0,6.75,0.0,0.0,0.11913357400722022,0.2,0.2,0.16,6.0,8.4375,0.0,0.0,0.09386281588447654,0.0,0.0,0.04,31.0,9.52,0.0,0.0,109.0,0.0,34.0,1.0,1.0,3.0,0.0,277.0,1.0,14.0,2.0,0,0,0,0,1,0,0,0,0,0,0,0,0,1,0,0,0,0,0,1,0,0,0,0,0,0,0,0,0,0,0,0,0,0,0,0,0,0,0,1,0,0,1,0,0,0,0,0
2026-01-25,0.1618705035971223,0.4,0.25,0.2,1.0,6.2272727272727275,0.0,1.0,0.10071942446043165,0.0,0.0,0.06,22.0,9.333333333333334,0.0,0.0,0.09352517985611511,0.0,0.05,0.08,14.0,10.28,0.0,0.0,0.11151079136690648,0.1,0.15,0.12,9.0,7.933333333333334,0.0,0.0,0.11510791366906475,0.3,0.15,0.1,0.0,8.838709677419354,1.0,1.0,0.08633093525179857,0.2,0.2,0.14,2.0,11.782608695652174,0.0,0.0,0.11510791366906475,0.0,0.0,0.04,36.0,7.0,0.0,0.0,0.09352517985611511,0.2,0.1,0.08,2.0,10.72,0.0,0.0,0.12589928057553956,0.1,0.1,0.1,9.0,7.676470588235294,0.0,0.0,0.14028776978417265,0.0,0.1,0.12,10.0,6.7631578947368425,0.0,0.0,0.11870503597122302,0.0,0.15,0.16,12.0,8.15625,0.0,0.0,0.08992805755395683,0.1,0.05,0.06,4.0,11.041666666666666,0.0,0.0,0.08273381294964029,0.1,0.05,0.02,7.0,11.636363636363637,0.0,0.0,0.09712230215827339,0.2,0.15,0.16,0.0,9.692307692307692,1.0,1.0,0.09352517985611511,0.0,0.1,0.06,11.0,9.8,0.0,0.0,0.08992805755395683,0.0,0.05,0.12,10.0,10.916666666666666,0.0,0.0,0.08633093525179857,0.1,0.1,0.06,6.0,11.695652173913043,0.0,0.0,0.10431654676258993,0.0,0.05,0.08,15.0,9.214285714285714,0.0,0.0,0.11151079136690648,0.1,0.05,0.1,4.0,8.9,0.0,0.0,0.12949640287769784,0.1,0.05,0.14,0.0,7.8,1.0,1.0,0.09352517985611511,0.1,0.05,0.02,1.0,11.0,0.0,1.0,0.09712230215827339,0.0,0.15,0.14,12.0,9.884615384615385,0.0,0.0,0.07913669064748201,0.2,0.15,0.08,3.0,12.047619047619047,0.0,0.0,0.10071942446043165,0.0,0.05,0.1,14.0,9.74074074074074,0.0,0.0,0.11151079136690648,0.1,0.05,0.16,1.0,9.2,0.0,1.0,0.09352517985611511,0.0,0.05,0.08,13.0,10.44,0.0,0.0,0.1366906474820144,0.3,0.3,0.2,1.0,7.378378378378378,0.0,1.0,0.10431654676258993,0.0,0.05,0.08,16.0,9.142857142857142,0.0,0.0,0.07553956834532374,0.1,0.15,0.12,9.0,12.7,0.0,0.0,0.08273381294964029,0.1,0.1,0.1,8.0,12.181818181818182,0.0,0.0,0.11151079136690648,0.0,0.05,0.16,17.0,8.6,0.0,0.0,0.10431654676258993,0.1,0.1,0.12,4.0,9.464285714285714,0.0,0.0,0.08633093525179857,0.0,0.05,0.12,10.0,11.08695652173913,0.0,0.0,0.11510791366906475,0.2,0.15,0.08,2.0,8.870967741935484,0.0,0.0,0.10071942446043165,0.3,0.15,0.08,1.0,10.185185185185185,0.0,1.0,0.11870503597122302,0.1,0.25,0.18,2.0,8.59375,0.0,0.0,0.09712230215827339,0.1,0.05,0.1,3.0,9.692307692307692,0.0,0.0,0.1223021582733813,0.0,0.05,0.04,15.0,7.787878787878788,0.0,0.0,0.09352517985611511,0.2,0.15,0.12,2.0,9.72,0.0,0.0,0.08992805755395683,0.3,0.15,0.12,0.0,11.208333333333334,1.0,1.0,0.09352517985611511,0.1,0.1,0.08,8.0,10.72,0.0,0.0,0.11510791366906475,0.0,0.0,0.08,23.0,7.935483870967742,0.0,0.0,0.10071942446043165,0.3,0.3,0.14,0.0,9.851851851851851,1.0,1.0,0.07553956834532374,0.1,0.05,0.04,5.0,13.55,0.0,0.0,0.1079136690647482,0.1,0.2,0.14,5.0,9.068965517241379,0.0,0.0,0.13309352517985612,0.0,0.0,0.12,22.0,6.75,0.0,0.0,0.11870503597122302,0.2,0.2,0.16,7.0,8.4375,0.0,0.0,0.09352517985611511,0.0,0.0,0.04,32.0,9.52,0.0,0.0,122.0,3.0,38.0,1.0,2.0,0.0,2.0,278.0,1.0,18.0,6.0,1,0,1,1,0,0,0,0,0,0,0,0,0,0,0,0,0,0,0,0,0,0,0,0,1,0,0,0,0,0,0,1,0,0,0,0,0,0,0,0,0,0,0,0,0,0,0,0
2026-01-28,0.16487455197132617,0.4,0.3,0.2,0.0,6.133333333333334,1.0,1.0,0.1003584229390681,0.0,0.0,0.06,23.0,9.333333333333334,0.0,0.0,0.0967741935483871,0.1,0.1,0.1,0.0,10.461538461538462,1.0,1.0,0.11469534050179211,0.1,0.15,0.14,0.0,8.0,1.0,1.0,0.11469534050179211,0.2,0.15,0.1,1.0,8.838709677419354,0.0,1.0,0.08602150537634409,0.2,0.2,0.14,3.0,11.782608695652174,0.0,0.0,0.11469534050179211,0.0,0.0,0.04,37.0,7.0,0.0,0.0,0.0931899641577061,0.2,0.1,0.08,3.0,10.72,0.0,0.0,0.12544802867383512,0.0,0.05,0.1,10.0,7.676470588235294,0.0,0.0,0.13978494623655913,0.0,0.1,0.12,11.0,6.7631578947368425,0.0,0.0,0.11827956989247312,0.0,0.15,0.16,13.0,8.15625,0.0,0.0,0.08960573476702509,0.1,0.05,0.06,5.0,11.041666666666666,0.0,0.0,0.08243727598566308,0.1,0.05,0.02,8.0,11.636363636363637,0.0,0.0,0.0967741935483871,0.2,0.15,0.14,1.0,9.692307692307692,0.0,1.0,0.0931899641577061,0.0,0.1,0.06,12.0,9.8,0.0,0.0,0.08960573476702509,0.0,0.05,0.12,11.0,10.916666666666666,0.0,0.0,0.08602150537634409,0.1,0.05,0.06,7.0,11.695652173913043,0.0,0.0,0.1039426523297491,0.0,0.05,0.08,16.0,9.214285714285714,0.0,0.0,0.1111111111111111,0.1,0.05,0.1,5.0,8.9,0.0,0.0,0.12903225806451613,0.1,0.05,0.14,1.0,7.8,0.0,1.0,0.0931899641577061,0.1,0.05,0.02,2.0,11.0,0.0,0.0,0.0967741935483871,0.0,0.15,0.14,13.0,9.884615384615385,0.0,0.0,0.07885304659498207,0.2,0.15,0.08,4.0,12.047619047619047,0.0,0.0,0.1003584229390681,0.0,0.05,0.1,15.0,9.74074074074074,0.0,0.0,0.11469534050179211,0.2,0.1,0.18,0.0,8.96774193548387,1.0,1.0,0.0931899641577061,0.0,0.05,0.08,14.0,10.44,0.0,0.0,0.13620071684587814,0.3,0.3,0.18,2.0,7.378378378378378,0.0,0.0,0.1039426523297491,0.0,0.05,0.08,17.0,9.142857142857142,0.0,0.0,0.07526881720430108,0.0,0.15,0.12,10.0,12.7,0.0,0.0,0.08243727598566308,0.1,0.1,0.1,9.0,12.181818181818182,0.0,0.0,0.1111111111111111,0.0,0.05,0.16,18.0,8.6,0.0,0.0,0.10752688172043011,0.2,0.15,0.14,0.0,9.310344827586206,1.0,1.0,0.08602150537634409,0.0,0.05,0.12,11.0,11.08695652173913,0.0,0.0,0.11469534050179211,0.2,0.15,0.08,3.0,8.870967741935484,0.0,0.0,0.1003584229390681,0.3,0.15,0.08,2.0,10.185185185185185,0.0,0.0,0.11827956989247312,0.1,0.25,0.18,3.0,8.59375,0.0,0.0,0.0967741935483871,0.1,0.05,0.1,4.0,9.692307692307692,0.0,0.0,0.12186379928315412,0.0,0.05,0.04,16.0,7.787878787878788,0.0,0.0,0.0931899641577061,0.2,0.15,0.12,3.0,9.72,0.0,0.0,0.08960573476702509,0.3,0.15,0.1,1.0,11.208333333333334,0.0,1.0,0.0931899641577061,0.1,0.1,0.08,9.0,10.72,0.0,0.0,0.11469534050179211,0.0,0.0,0.08,24.0,7.935483870967742,0.0,0.0,0.1003584229390681,0.3,0.3,0.14,1.0,9.851851851851851,0.0,1.0,0.07526881720430108,0.1,0.05,0.04,6.0,13.55,0.0,0.0,0.10752688172043011,0.1,0.15,0.14,6.0,9.068965517241379,0.0,0.0,0.13261648745519714,0.0,0.0,0.1,23.0,6.75,0.0,0.0,0.11827956989247312,0.2,0.15,0.16,8.0,8.4375,0.0,0.0,0.0931899641577061,0.0,0.0,0.04,33.0,9.52,0.0,0.0,65.0,2.0,31.0,3.0,0.0,2.0,0.0,279.0,1.0,25.0,6.0,0,0,0,0,0,0,0,0,0,0,0,0,0,0,0,0,0,0,0,0,0,0,0,1,0,0,0,0,0,0,0,0,0,0,1,0,0,0,1,0,0,0,0,0,1,0,1,0
2026-02-01,0.16428571428571428,0.3,0.3,0.2,1.0,6.133333333333334,0.0,1.0,0.1,0.0,0.0,0.06,24.0,9.333333333333334,0.0,0.0,0.09642857142857143,0.1,0.1,0.1,1.0,10.461538461538462,0.0,1.0,0.11428571428571428,0.1,0.15,0.14,1.0,8.0,0.0,1.0,0.11428571428571428,0.2,0.15,0.1,2.0,8.838709677419354,0.0,0.0,0.08571428571428572,0.2,0.2,0.14,4.0,11.782608695652174,0.0,0.0,0.11428571428571428,0.0,0.0,0.02,38.0,7.0,0.0,0.0,0.09285714285714286,0.2,0.1,0.08,4.0,10.72,0.0,0.0,0.125,0.0,0.05,0.1,11.0,7.676470588235294,0.0,0.0,0.1392857142857143,0.0,0.1,0.12,12.0,6.7631578947368425,0.0,0.0,0.11785714285714285,0.0,0.15,0.16,14.0,8.15625,0.0,0.0,0.08928571428571429,0.1,0.05,0.06,6.0,11.041666666666666,0.0,0.0,0.08214285714285714,0.1,0.05,0.02,9.0,11.636363636363637,0.0,0.0,0.09642857142857143,0.2,0.1,0.14,2.0,9.692307692307692,0.0,0.0,0.09285714285714286,0.0,0.1,0.06,13.0,9.8,0.0,0.0,0.08928571428571429,0.0,0.05,0.12,12.0,10.916666666666666,0.0,0.0,0.08571428571428572,0.1,0.05,0.06,8.0,11.695652173913043,0.0,0.0,0.10357142857142858,0.0,0.05,0.08,17.0,9.214285714285714,0.0,0.0,0.11071428571428571,0.1,0.05,0.1,6.0,8.9,0.0,0.0,0.12857142857142856,0.1,0.05,0.14,2.0,7.8,0.0,0.0,0.09285714285714286,0.1,0.05,0.02,3.0,11.0,0.0,0.0,0.09642857142857143,0.0,0.15,0.14,14.0,9.884615384615385,0.0,0.0,0.07857142857142857,0.2,0.15,0.08,5.0,12.047619047619047,0.0,0.0,0.10357142857142858,0.1,0.1,0.12,0.0,9.964285714285714,1.0,1.0,0.11428571428571428,0.2,0.1,0.16,1.0,8.96774193548387,0.0,1.0,0.09285714285714286,0.0,0.05,0.08,15.0,10.44,0.0,0.0,0.1357142857142857,0.3,0.25,0.18,3.0,7.378378378378378,0.0,0.0,0.10357142857142858,0.0,0.05,0.08,18.0,9.142857142857142,0.0,0.0,0.075,0.0,0.15,0.12,11.0,12.7,0.0,0.0,0.08214285714285714,0.0,0.1,0.1,10.0,12.181818181818182,0.0,0.0,0.11071428571428571,0.0,0.05,0.16,19.0,8.6,0.0,0.0,0.10714285714285714,0.2,0.15,0.14,1.0,9.310344827586206,0.0,1.0,0.08571428571428572,0.0,0.05,0.12,12.0,11.08695652173913,0.0,0.0,0.11428571428571428,0.2,0.15,0.08,4.0,8.870967741935484,0.0,0.0,0.10357142857142858,0.3,0.2,0.1,0.0,9.928571428571429,1.0,1.0,0.11785714285714285,0.1,0.25,0.18,4.0,8.59375,0.0,0.0,0.09642857142857143,0.1,0.05,0.1,5.0,9.692307692307692,0.0,0.0,0.12142857142857143,0.0,0.05,0.04,17.0,7.787878787878788,0.0,0.0,0.09642857142857143,0.3,0.2,0.12,0.0,9.5,1.0,1.0,0.08928571428571429,0.3,0.15,0.08,2.0,11.208333333333334,0.0,0.0,0.09285714285714286,0.0,0.05,0.08,10.0,10.72,0.0,0.0,0.11428571428571428,0.0,0.0,0.08,25.0,7.935483870967742,0.0,0.0,0.1,0.3,0.3,0.14,2.0,9.851851851851851,0.0,0.0,0.075,0.1,0.05,0.04,7.0,13.55,0.0,0.0,0.11071428571428571,0.2,0.15,0.16,0.0,9.0,1.0,1.0,0.13214285714285715,0.0,0.0,0.08,24.0,6.75,0.0,0.0,0.12142857142857143,0.2,0.15,0.18,0.0,8.454545454545455,1.0,1.0,0.09285714285714286,0.0,0.0,0.04,34.0,9.52,0.0,0.0,190.0,1.0,23.0,0.0,1.0,1.0,3.0,280.0,1.0,28.0,2.0,0,0,0,0,0,1,0,0,0,0,0,1,0,0,0,1,0,0,1,0,0,0,0,0,1,0,0,0,0,0,0,0,0,0,0,0,0,0,0,0,0,0,0,0,0,0,0,0
2026-02-04,0.16370106761565836,0.3,0.25,0.2,2.0,6.133333333333334,0.0,0.0,0.099644128113879,0.0,0.0,0.06,25.0,9.333333333333334,0.0,0.0,0.09608540925266904,0.1,0.1,0.1,2.0,10.461538461538462,0.0,0.0,0.11387900355871886,0.1,0.15,0.14,2.0,8.0,0.0,0.0,0.11387900355871886,0.1,0.15,0.1,3.0,8.838709677419354,0.0,0.0,0.08896797153024912,0.3,0.25,0.16,0.0,11.5,1.0,1.0,0.11387900355871886,0.0,0.0,0.02,39.0,7.0,0.0,0.0,0.09252669039145907,0.2,0.1,0.08,5.0,10.72,0.0,0.0,0.12455516014234876,0.0,0.05,0.1,12.0,7.676470588235294,0.0,0.0,0.1387900355871886,0.0,0.1,0.12,13.0,6.7631578947368425,0.0,0.0,0.11743772241992882,0.0,0.15,0.16,15.0,8.15625,0.0,0.0,0.09252669039145907,0.2,0.1,0.08,0.0,10.88,1.0,1.0,0.08185053380782918,0.0,0.05,0.02,10.0,11.636363636363637,0.0,0.0,0.09608540925266904,0.2,0.1,0.12,3.0,9.692307692307692,0.0,0.0,0.09252669039145907,0.0,0.1,0.06,14.0,9.8,0.0,0.0,0.09252669039145907,0.1,0.1,0.12,0.0,11.0,1.0,1.0,0.08540925266903915,0.1,0.05,0.06,9.0,11.695652173913043,0.0,0.0,0.10320284697508897,0.0,0.05,0.08,18.0,9.214285714285714,0.0,0.0,0.11387900355871886,0.2,0.1,0.12,0.0,8.838709677419354,1.0,1.0,0.12811387900355872,0.1,0.05,0.14,3.0,7.8,0.0,0.0,0.09252669039145907,0.1,0.05,0.02,4.0,11.0,0.0,0.0,0.09608540925266904,0.0,0.1,0.14,15.0,9.884615384615385,0.0,0.0,0.07829181494661921,0.2,0.15,0.08,6.0,12.047619047619047,0.0,0.0,0.10320284697508897,0.1,0.1,0.1,1.0,9.964285714285714,0.0,1.0,0.11743772241992882,0.3,0.15,0.18,0.0,8.75,1.0,1.0,0.09252669039145907,0.0,0.05,0.08,16.0,10.44,0.0,0.0,0.13523131672597866,0.2,0.2,0.18,4.0,7.378378378378378,0.0,0.0,0.10320284697508897,0.0,0.05,0.08,19.0,9.142857142857142,0.0,0.0,0.07473309608540925,0.0,0.15,0.12,12.0,12.7,0.0,0.0,0.08185053380782918,0.0,0.1,0.1,11.0,12.181818181818182,0.0,0.0,0.1103202846975089,0.0,0.0,0.16,20.0,8.6,0.0,0.0,0.10676156583629894,0.2,0.15,0.14,2.0,9.310344827586206,0.0,0.0,0.08540925266903915,0.0,0.05,0.1,13.0,11.08695652173913,0.0,0.0,0.11387900355871886,0.2,0.15,0.08,5.0,8.870967741935484,0.0,0.0,0.10320284697508897,0.3,0.2,0.1,1.0,9.928571428571429,0.0,1.0,0.11743772241992882,0.1,0.2,0.16,5.0,8.59375,0.0,0.0,0.09608540925266904,0.1,0.05,0.1,6.0,9.692307692307692,0.0,0.0,0.12099644128113879,0.0,0.05,0.04,18.0,7.787878787878788,0.0,0.0,0.09608540925266904,0.3,0.2,0.12,1.0,9.5,0.0,1.0,0.08896797153024912,0.3,0.15,0.08,3.0,11.208333333333334,0.0,0.0,0.09252669039145907,0.0,0.05,0.08,11.0,10.72,0.0,0.0,0.11387900355871886,0.0,0.0,0.08,26.0,7.935483870967742,0.0,0.0,0.099644128113879,0.2,0.3,0.14,3.0,9.851851851851851,0.0,0.0,0.07473309608540925,0.1,0.05,0.04,8.0,13.55,0.0,0.0,0.1103202846975089,0.2,0.15,0.16,1.0,9.0,0.0,1.0,0.13167259786476868,0.0,0.0,0.08,25.0,6.75,0.0,0.0,0.12099644128113879,0.1,0.15,0.18,1.0,8.454545454545455,0.0,1.0,0.09252669039145907,0.0,0.0,0.04,35.0,9.52,0.0,0.0,78.0,3.0,19.0,2.0,2.0,1.0,0.0,281.0,2.0,1.0,6.0,0,0,0,0,0,0,1,0,0,0,0,0,0,0,0,0,0,1,0,0,0,0,0,0,0,0,0,0,0,0,0,0,0,0,0,0,0,0,0,0,0,1,0,1,0,0,0,1
2026-02-08,0.16312056737588654,0.3,0.25,0.2,3.0,6.133333333333334,0.0,0.0,0.09929078014184398,0.0,0.0,0.06,26.0,9.333333333333334,0.0,0.0,0.09574468085106383,0.1,0.1,0.1,3.0,10.461538461538462,0.0,0.0,0.11347517730496454,0.1,0.15,0.14,3.0,8.0,0.0,0.0,0.11347517730496454,0.1,0.15,0.1,4.0,8.838709677419354,0.0,0.0,0.08865248226950355,0.3,0.2,0.16,1.0,11.5,0.0,1.0,0.11702127659574468,0.1,0.05,0.04,0.0,8.03125,1.0,1.0,0.09219858156028368,0.2,0.1,0.08,6.0,10.72,0.0,0.0,0.12411347517730496,0.0,0.05,0.1,13.0,7.676470588235294,0.0,0.0,0.13829787234042554,0.0,0.1,0.12,14.0,6.7631578947368425,0.0,0.0,0.11702127659574468,0.0,0.1,0.16,16.0,8.15625,0.0,0.0,0.09219858156028368,0.2,0.1,0.08,1.0,10.88,0.0,1.0,0.08156028368794327,0.0,0.05,0.02,11.0,11.636363636363637,0.0,0.0,0.09574468085106383,0.2,0.1,0.12,4.0,9.692307692307692,0.0,0.0,0.09219858156028368,0.0,0.1,0.06,15.0,9.8,0.0,0.0,0.09219858156028368,0.1,0.1,0.12,1.0,11.0,0.0,1.0,0.0851063829787234,0.0,0.05,0.06,10.0,11.695652173913043,0.0,0.0,0.10638297872340426,0.1,0.1,0.1,0.0,9.551724137931034,1.0,1.0,0.11347517730496454,0.2,0.1,0.12,1.0,8.838709677419354,0.0,1.0,0.1276595744680851,0.1,0.05,0.14,4.0,7.8,0.0,0.0,0.09219858156028368,0.1,0.05,0.02,5.0,11.0,0.0,0.0,0.09574468085106383,0.0,0.05,0.14,16.0,9.884615384615385,0.0,0.0,0.07801418439716312,0.2,0.15,0.08,7.0,12.047619047619047,0.0,0.0,0.10283687943262411,0.1,0.1,0.08,2.0,9.964285714285714,0.0,0.0,0.11702127659574468,0.3,0.15,0.16,1.0,8.75,0.0,1.0,0.09219858156028368,0.0,0.05,0.08,17.0,10.44,0.0,0.0,0.1347517730496454,0.2,0.2,0.16,5.0,7.378378378378378,0.0,0.0,0.10283687943262411,0.0,0.0,0.06,20.0,9.142857142857142,0.0,0.0,0.07446808510638298,0.0,0.15,0.12,13.0,12.7,0.0,0.0,0.08156028368794327,0.0,0.1,0.1,12.0,12.181818181818182,0.0,0.0,0.1099290780141844,0.0,0.0,0.16,21.0,8.6,0.0,0.0,0.10638297872340426,0.2,0.15,0.14,3.0,9.310344827586206,0.0,0.0,0.0851063829787234,0.0,0.05,0.1,14.0,11.08695652173913,0.0,0.0,0.11347517730496454,0.1,0.15,0.08,6.0,8.870967741935484,0.0,0.0,0.10283687943262411,0.2,0.2,0.1,2.0,9.928571428571429,0.0,0.0,0.11702127659574468,0.1,0.15,0.16,6.0,8.59375,0.0,0.0,0.09574468085106383,0.1,0.05,0.1,7.0,9.692307692307692,0.0,0.0,0.12056737588652482,0.0,0.05,0.04,19.0,7.787878787878788,0.0,0.0,0.09574468085106383,0.3,0.2,0.12,2.0,9.5,0.0,0.0,0.08865248226950355,0.2,0.15,0.06,4.0,11.208333333333334,0.0,0.0,0.09219858156028368,0.0,0.05,0.08,12.0,10.72,0.0,0.0,0.11702127659574468,0.1,0.05,0.1,0.0,8.53125,1.0,1.0,0.09929078014184398,0.1,0.3,0.14,4.0,9.851851851851851,0.0,0.0,0.07801418439716312,0.2,0.1,0.06,0.0,13.333333333333334,1.0,1.0,0.1099290780141844,0.2,0.15,0.16,2.0,9.0,0.0,0.0,0.13120567375886524,0.0,0.0,0.08,26.0,6.75,0.0,0.0,0.12056737588652482,0.1,0.15,0.18,2.0,8.454545454545455,0.0,0.0,0.09574468085106383,0.1,0.05,0.06,0.0,10.538461538461538,1.0,1.0,159.0,4.0,41.0,1.0,1.0,0.0,3.0,282.0,2.0,4.0,2.0,0,0,0,0,0,1,0,0,0,0,1,0,0,0,0,1,0,0,0,0,0,0,0,0,0,1,0,0,0,0,0,0,0,1,0,0,0,0,0,0,0,0,0,0,0,0,0,0
2026-02-11,0.1625441696113074,0.3,0.25,0.18,4.0,6.133333333333334,0.0,0.0,0.0989399293286219,0.0,0.0,0.06,27.0,9.333333333333334,0.0,0.0,0.09540636042402827,0.1,0.1,0.1,4.0,10.461538461538462,0.0,0.0,0.11307420494699646,0.1,0.15,0.14,4.0,8.0,0.0,0.0,0.11307420494699646,0.1,0.15,0.1,5.0,8.838709677419354,0.0,0.0,0.09187279151943463,0.4,0.25,0.16,0.0,11.12,1.0,1.0,0.1166077738515901,0.1,0.05,0.04,1.0,8.03125,0.0,1.0,0.09187279151943463,0.1,0.1,0.08,7.0,10.72,0.0,0.0,0.12367491166077739,0.0,0.05,0.1,14.0,7.676470588235294,0.0,0.0,0.13780918727915195,0.0,0.1,0.12,15.0,6.7631578947368425,0.0,0.0,0.12014134275618374,0.1,0.15,0.16,0.0,8.424242424242424,1.0,1.0,0.09187279151943463,0.2,0.1,0.08,2.0,10.88,0.0,0.0,0.0812720848056537,0.0,0.05,0.02,12.0,11.636363636363637,0.0,0.0,0.09540636042402827,0.2,0.1,0.12,5.0,9.692307692307692,0.0,0.0,0.09187279151943463,0.0,0.05,0.06,16.0,9.8,0.0,0.0,0.09540636042402827,0.2,0.15,0.14,0.0,10.653846153846153,1.0,1.0,0.08480565371024736,0.0,0.05,0.06,11.0,11.695652173913043,0.0,0.0,0.10600706713780919,0.1,0.05,0.1,1.0,9.551724137931034,0.0,1.0,0.11307420494699646,0.2,0.1,0.12,2.0,8.838709677419354,0.0,0.0,0.127208480565371,0.1,0.05,0.14,5.0,7.8,0.0,0.0,0.09187279151943463,0.1,0.05,0.02,6.0,11.0,0.0,0.0,0.09540636042402827,0.0,0.05,0.14,17.0,9.884615384615385,0.0,0.0,0.07773851590106007,0.1,0.15,0.08,8.0,12.047619047619047,0.0,0.0,0.10247349823321555,0.1,0.1,0.08,3.0,9.964285714285714,0.0,0.0,0.1166077738515901,0.3,0.15,0.16,2.0,8.75,0.0,0.0,0.09540636042402827,0.1,0.1,0.1,0.0,10.73076923076923,1.0,1.0,0.13427561837455831,0.1,0.15,0.16,6.0,7.378378378378378,0.0,0.0,0.10247349823321555,0.0,0.0,0.06,21.0,9.142857142857142,0.0,0.0,0.07420494699646643,0.0,0.15,0.12,14.0,12.7,0.0,0.0,0.0812720848056537,0.0,0.1,0.1,13.0,12.181818181818182,0.0,0.0,0.10954063604240283,0.0,0.0,0.16,22.0,8.6,0.0,0.0,0.10600706713780919,0.2,0.15,0.14,4.0,9.310344827586206,0.0,0.0,0.08480565371024736,0.0,0.05,0.1,15.0,11.08695652173913,0.0,0.0,0.1166077738515901,0.2,0.2,0.1,0.0,8.8125,1.0,1.0,0.10247349823321555,0.2,0.2,0.1,3.0,9.928571428571429,0.0,0.0,0.1166077738515901,0.1,0.15,0.16,7.0,8.59375,0.0,0.0,0.09540636042402827,0.1,0.05,0.1,8.0,9.692307692307692,0.0,0.0,0.12014134275618374,0.0,0.0,0.04,20.0,7.787878787878788,0.0,0.0,0.09540636042402827,0.3,0.2,0.12,3.0,9.5,0.0,0.0,0.08833922261484099,0.2,0.15,0.06,5.0,11.208333333333334,0.0,0.0,0.09187279151943463,0.0,0.05,0.06,13.0,10.72,0.0,0.0,0.1166077738515901,0.1,0.05,0.08,1.0,8.53125,0.0,1.0,0.0989399293286219,0.1,0.25,0.14,5.0,9.851851851851851,0.0,0.0,0.07773851590106007,0.1,0.1,0.06,1.0,13.333333333333334,0.0,1.0,0.10954063604240283,0.1,0.15,0.16,3.0,9.0,0.0,0.0,0.13074204946996468,0.0,0.0,0.08,27.0,6.75,0.0,0.0,0.12014134275618374,0.1,0.15,0.18,3.0,8.454545454545455,0.0,0.0,0.09540636042402827,0.1,0.05,0.06,1.0,10.538461538461538,0.0,1.0,93.0,4.0,28.0,2.0,1.0,2.0,0.0,283.0,2.0,8.0,6.0,0,1,0,0,0,0,0,0,0,0,0,0,0,0,0,0,0,0,1,1,0,0,0,1,0,0,0,0,0,0,0,0,0,0,0,0,0,0,0,1,0,0,0,0,0,0,0,0
2026-02-15,0.1619718309859155,0.2,0.25,0.18,5.0,6.133333333333334,0.0,0.0,0.10211267605633803,0.1,0.05,0.06,0.0,10.0,1.0,1.0,0.09507042253521127,0.1,0.05,0.1,5.0,10.461538461538462,0.0,0.0,0.11267605633802817,0.1,0.15,0.14,5.0,8.0,0.0,0.0,0.11267605633802817,0.1,0.15,0.1,6.0,8.838709677419354,0.0,0.0,0.09154929577464789,0.3,0.25,0.16,1.0,11.12,0.0,1.0,0.11619718309859155,0.1,0.05,0.04,2.0,8.03125,0.0,0.0,0.09154929577464789,0.1,0.1,0.08,8.0,10.72,0.0,0.0,0.12323943661971831,0.0,0.05,0.1,15.0,7.676470588235294,0.0,0.0,0.13732394366197184,0.0,0.1,0.12,16.0,6.7631578947368425,0.0,0.0,0.11971830985915492,0.1,0.15,0.16,1.0,8.424242424242424,0.0,1.0,0.09154929577464789,0.1,0.1,0.06,3.0,10.88,0.0,0.0,0.08098591549295775,0.0,0.05,0.02,13.0,11.636363636363637,0.0,0.0,0.09507042253521127,0.2,0.1,0.12,6.0,9.692307692307692,0.0,0.0,0.09154929577464789,0.0,0.05,0.06,17.0,9.8,0.0,0.0,0.09507042253521127,0.2,0.15,0.14,1.0,10.653846153846153,0.0,1.0,0.08450704225352113,0.0,0.05,0.06,12.0,11.695652173913043,0.0,0.0,0.1056338028169014,0.1,0.05,0.1,2.0,9.551724137931034,0.0,0.0,0.11619718309859155,0.2,0.15,0.14,0.0,8.65625,1.0,1.0,0.13028169014084506,0.2,0.1,0.14,0.0,7.75,1.0,1.0,0.09154929577464789,0.1,0.05,0.02,7.0,11.0,0.0,0.0,0.09507042253521127,0.0,0.05,0.14,18.0,9.884615384615385,0.0,0.0,0.07746478873239436,0.1,0.1,0.08,9.0,12.047619047619047,0.0,0.0,0.1056338028169014,0.2,0.1,0.1,0.0,9.758620689655173,1.0,1.0,0.11619718309859155,0.3,0.15,0.16,3.0,8.75,0.0,0.0,0.09507042253521127,0.1,0.1,0.1,1.0,10.73076923076923,0.0,1.0,0.13380281690140844,0.1,0.15,0.16,7.0,7.378378378378378,0.0,0.0,0.10211267605633803,0.0,0.0,0.04,22.0,9.142857142857142,0.0,0.0,0.07394366197183098,0.0,0.1,0.12,15.0,12.7,0.0,0.0,0.08098591549295775,0.0,0.1,0.1,14.0,12.181818181818182,0.0,0.0,0.10915492957746478,0.0,0.0,0.16,23.0,8.6,0.0,0.0,0.1056338028169014,0.1,0.15,0.12,5.0,9.310344827586206,0.0,0.0,0.08450704225352113,0.0,0.05,0.1,16.0,11.08695652173913,0.0,0.0,0.11619718309859155,0.2,0.2,0.1,1.0,8.8125,0.0,1.0,0.10211267605633803,0.2,0.2,0.1,4.0,9.928571428571429,0.0,0.0,0.11619718309859155,0.1,0.15,0.16,8.0,8.59375,0.0,0.0,0.09507042253521127,0.1,0.05,0.1,9.0,9.692307692307692,0.0,0.0,0.11971830985915492,0.0,0.0,0.04,21.0,7.787878787878788,0.0,0.0,0.09507042253521127,0.3,0.15,0.12,4.0,9.5,0.0,0.0,0.09154929577464789,0.3,0.2,0.08,0.0,11.0,1.0,1.0,0.09154929577464789,0.0,0.05,0.06,14.0,10.72,0.0,0.0,0.11619718309859155,0.1,0.05,0.08,2.0,8.53125,0.0,0.0,0.09859154929577464,0.1,0.25,0.14,6.0,9.851851851851851,0.0,0.0,0.07746478873239436,0.1,0.1,0.06,2.0,13.333333333333334,0.0,0.0,0.10915492957746478,0.1,0.15,0.16,4.0,9.0,0.0,0.0,0.13028169014084506,0.0,0.0,0.08,28.0,6.75,0.0,0.0,0.11971830985915492,0.1,0.15,0.18,4.0,8.454545454545455,0.0,0.0,0.09507042253521127,0.1,0.05,0.06,2.0,10.538461538461538,0.0,0.0,105.0,4.0,38.0,1.0,3.0,0.0,1.0,284.0,2.0,11.0,2.0,0,0,1,0,0,1,0,0,0,0,0,0,0,0,0,0,0,0,0,0,0,0,0,0,1,0,0,1,0,0,0,0,0,0,0,0,0,0,0,0,1,0,0,0,0,0,0,0
2026-02-19,0.16140350877192983,0.2,0.25,0.18,6.0,6.133333333333334,0.0,0.0,0.10175438596491228,0.1,0.05,0.06,1.0,10.0,0.0,1.0,0.09824561403508772,0.2,0.1,0.12,0.0,10.296296296296296,1.0,1.0,0.11228070175438597,0.1,0.15,0.14,6.0,8.0,0.0,0.0,0.11228070175438597,0.1,0.15,0.1,7.0,8.838709677419354,0.0,0.0,0.09473684210526316,0.4,0.25,0.18,0.0,10.76923076923077,1.0,1.0,0.11578947368421053,0.1,0.05,0.04,3.0,8.03125,0.0,0.0,0.0912280701754386,0.1,0.1,0.08,9.0,10.72,0.0,0.0,0.12280701754385964,0.0,0.05,0.1,16.0,7.676470588235294,0.0,0.0,0.1368421052631579,0.0,0.05,0.1,17.0,6.7631578947368425,0.0,0.0,0.11929824561403508,0.1,0.1,0.16,2.0,8.424242424242424,0.0,0.0,0.0912280701754386,0.1,0.1,0.06,4.0,10.88,0.0,0.0,0.08070175438596491,0.0,0.05,0.02,14.0,11.636363636363637,0.0,0.0,0.09473684210526316,0.1,0.1,0.12,7.0,9.692307692307692,0.0,0.0,0.0912280701754386,0.0,0.05,0.06,18.0,9.8,0.0,0.0,0.09473684210526316,0.2,0.15,0.14,2.0,10.653846153846153,0.0,0.0,0.08421052631578947,0.0,0.05,0.06,13.0,11.695652173913043,0.0,0.0,0.10526315789473684,0.1,0.05,0.1,3.0,9.551724137931034,0.0,0.0,0.11578947368421053,0.2,0.15,0.14,1.0,8.65625,0.0,1.0,0.12982456140350876,0.2,0.1,0.12,1.0,7.75,0.0,1.0,0.0912280701754386,0.1,0.05,0.02,8.0,11.0,0.0,0.0,0.09473684210526316,0.0,0.05,0.14,19.0,9.884615384615385,0.0,0.0,0.07719298245614035,0.0,0.1,0.08,10.0,12.047619047619047,0.0,0.0,0.10526315789473684,0.2,0.1,0.1,1.0,9.758620689655173,0.0,1.0,0.11929824561403508,0.4,0.2,0.18,0.0,8.606060606060606,1.0,1.0,0.09473684210526316,0.1,0.05,0.1,2.0,10.73076923076923,0.0,0.0,0.13333333333333333,0.1,0.15,0.16,8.0,7.378378378378378,0.0,0.0,0.10526315789473684,0.1,0.05,0.06,0.0,9.620689655172415,1.0,1.0,0.07368421052631578,0.0,0.1,0.12,16.0,12.7,0.0,0.0,0.08070175438596491,0.0,0.1,0.1,15.0,12.181818181818182,0.0,0.0,0.10877192982456141,0.0,0.0,0.16,24.0,8.6,0.0,0.0,0.10526315789473684,0.1,0.15,0.12,6.0,9.310344827586206,0.0,0.0,0.08421052631578947,0.0,0.05,0.1,17.0,11.08695652173913,0.0,0.0,0.11578947368421053,0.2,0.2,0.1,2.0,8.8125,0.0,0.0,0.10175438596491228,0.2,0.2,0.08,5.0,9.928571428571429,0.0,0.0,0.11578947368421053,0.1,0.15,0.16,9.0,8.59375,0.0,0.0,0.09473684210526316,0.0,0.05,0.08,10.0,9.692307692307692,0.0,0.0,0.11929824561403508,0.0,0.0,0.04,22.0,7.787878787878788,0.0,0.0,0.09473684210526316,0.2,0.15,0.12,5.0,9.5,0.0,0.0,0.0912280701754386,0.2,0.2,0.08,1.0,11.0,0.0,1.0,0.09473684210526316,0.1,0.1,0.08,0.0,10.884615384615385,1.0,1.0,0.11578947368421053,0.1,0.05,0.08,3.0,8.53125,0.0,0.0,0.09824561403508772,0.1,0.2,0.14,7.0,9.851851851851851,0.0,0.0,0.07719298245614035,0.1,0.1,0.06,3.0,13.333333333333334,0.0,0.0,0.10877192982456141,0.1,0.15,0.16,5.0,9.0,0.0,0.0,0.12982456140350876,0.0,0.0,0.08,29.0,6.75,0.0,0.0,0.11929824561403508,0.1,0.15,0.16,5.0,8.454545454545455,0.0,0.0,0.09473684210526316,0.1,0.05,0.06,3.0,10.538461538461538,0.0,0.0,103.0,2.0,38.0,2.0,0.0,2.0,1.0,285.0,2.0,15.0,6.0,0,0,0,0,0,0,1,1,0,0,1,0,1,0,0,0,0,0,0,0,0,0,0,0,0,0,0,0,0,0,0,0,0,0,0,0,0,0,0,1,0,0,0,0,0,0,0,0
2026-02-22,0.16083916083916083,0.2,0.25,0.18,7.0,6.133333333333334,0.0,0.0,0.10139860139860139,0.1,0.05,0.06,2.0,10.0,0.0,0.0,0.0979020979020979,0.2,0.1,0.12,1.0,10.296296296296296,0.0,1.0,0.11188811188811189,0.1,0.15,0.14,7.0,8.0,0.0,0.0,0.11188811188811189,0.1,0.15,0.1,8.0,8.838709677419354,0.0,0.0,0.0944055944055944,0.3,0.25,0.18,1.0,10.76923076923077,0.0,1.0,0.11888111888111888,0.2,0.1,0.06,0.0,7.909090909090909,1.0,1.0,0.0944055944055944,0.1,0.15,0.1,0.0,10.692307692307692,1.0,1.0,0.12237762237762238,0.0,0.05,0.1,17.0,7.676470588235294,0.0,0.0,0.13636363636363635,0.0,0.05,0.1,18.0,6.7631578947368425,0.0,0.0,0.12237762237762238,0.2,0.1,0.18,0.0,8.264705882352942,1.0,1.0,0.09090909090909091,0.1,0.1,0.06,5.0,10.88,0.0,0.0,0.08391608391608392,0.1,0.1,0.04,0.0,11.782608695652174,1.0,1.0,0.0944055944055944,0.1,0.1,0.12,8.0,9.692307692307692,0.0,0.0,0.09090909090909091,0.0,0.05,0.06,19.0,9.8,0.0,0.0,0.0944055944055944,0.2,0.15,0.14,3.0,10.653846153846153,0.0,0.0,0.08391608391608392,0.0,0.05,0.06,14.0,11.695652173913043,0.0,0.0,0.1048951048951049,0.1,0.05,0.1,4.0,9.551724137931034,0.0,0.0,0.11538461538461539,0.2,0.15,0.14,2.0,8.65625,0.0,0.0,0.12937062937062938,0.2,0.1,0.12,2.0,7.75,0.0,0.0,0.09090909090909091,0.1,0.05,0.02,9.0,11.0,0.0,0.0,0.0944055944055944,0.0,0.0,0.12,20.0,9.884615384615385,0.0,0.0,0.07692307692307693,0.0,0.1,0.08,11.0,12.047619047619047,0.0,0.0,0.1048951048951049,0.2,0.1,0.1,2.0,9.758620689655173,0.0,0.0,0.11888111888111888,0.4,0.2,0.18,1.0,8.606060606060606,0.0,1.0,0.0944055944055944,0.1,0.05,0.1,3.0,10.73076923076923,0.0,0.0,0.13286713286713286,0.1,0.15,0.16,9.0,7.378378378378378,0.0,0.0,0.1048951048951049,0.1,0.05,0.06,1.0,9.620689655172415,0.0,1.0,0.07342657342657342,0.0,0.1,0.12,17.0,12.7,0.0,0.0,0.08041958041958042,0.0,0.1,0.1,16.0,12.181818181818182,0.0,0.0,0.10839160839160839,0.0,0.0,0.14,25.0,8.6,0.0,0.0,0.1048951048951049,0.1,0.15,0.12,7.0,9.310344827586206,0.0,0.0,0.08391608391608392,0.0,0.05,0.08,18.0,11.08695652173913,0.0,0.0,0.11538461538461539,0.1,0.15,0.1,3.0,8.8125,0.0,0.0,0.10139860139860139,0.2,0.2,0.08,6.0,9.928571428571429,0.0,0.0,0.11538461538461539,0.0,0.1,0.16,10.0,8.59375,0.0,0.0,0.0944055944055944,0.0,0.05,0.08,11.0,9.692307692307692,0.0,0.0,0.11888111888111888,0.0,0.0,0.04,23.0,7.787878787878788,0.0,0.0,0.0944055944055944,0.1,0.15,0.1,6.0,9.5,0.0,0.0,0.0944055944055944,0.3,0.25,0.1,0.0,10.653846153846153,1.0,1.0,0.0944055944055944,0.1,0.1,0.08,1.0,10.884615384615385,0.0,1.0,0.11538461538461539,0.1,0.05,0.06,4.0,8.53125,0.0,0.0,0.0979020979020979,0.1,0.15,0.14,8.0,9.851851851851851,0.0,0.0,0.07692307692307693,0.1,0.1,0.06,4.0,13.333333333333334,0.0,0.0,0.10839160839160839,0.1,0.15,0.16,6.0,9.0,0.0,0.0,0.12937062937062938,0.0,0.0,0.08,30.0,6.75,0.0,0.0,0.11888111888111888,0.1,0.15,0.16,6.0,8.454545454545455,0.0,0.0,0.0944055944055944,0.1,0.05,0.06,4.0,10.538461538461538,0.0,0.0,79.0,2.0,33.0,3.0,1.0,0.0,1.0,286.0,2.0,19.0,3.0,0,0,0,1,1,1,0,0,0,0,0,0,0,0,0,0,0,0,0,1,0,0,0,0,0,0,0,0,0,0,0,0,0,0,0,0,0,0,0,0,1,0,0,0,0,0,0,0
2026-02-25,0.1602787456445993,0.1,0.25,0.16,8.0,6.133333333333334,0.0,0.0,0.10104529616724739,0.1,0.05,0.06,3.0,10.0,0.0,0.0,0.0975609756097561,0.2,0.1,0.12,2.0,10.296296296296296,0.0,0.0,0.11498257839721254,0.2,0.2,0.14,0.0,8.0,1.0,1.0,0.11498257839721254,0.2,0.2,0.12,0.0,8.84375,1.0,1.0,0.0975609756097561,0.4,0.3,0.2,0.0,10.444444444444445,1.0,1.0,0.11846689895470383,0.2,0.1,0.06,1.0,7.909090909090909,0.0,1.0,0.09407665505226481,0.1,0.15,0.1,1.0,10.692307692307692,0.0,1.0,0.12195121951219512,0.0,0.05,0.1,18.0,7.676470588235294,0.0,0.0,0.13588850174216027,0.0,0.05,0.1,19.0,6.7631578947368425,0.0,0.0,0.12195121951219512,0.2,0.1,0.18,1.0,8.264705882352942,0.0,1.0,0.09059233449477352,0.1,0.1,0.06,6.0,10.88,0.0,0.0,0.08362369337979095,0.1,0.1,0.04,1.0,11.782608695652174,0.0,1.0,0.09407665505226481,0.1,0.1,0.12,9.0,9.692307692307692,0.0,0.0,0.09059233449477352,0.0,0.0,0.06,20.0,9.8,0.0,0.0,0.09407665505226481,0.2,0.15,0.14,4.0,10.653846153846153,0.0,0.0,0.08362369337979095,0.0,0.05,0.06,15.0,11.695652173913043,0.0,0.0,0.10452961672473868,0.1,0.05,0.1,5.0,9.551724137931034,0.0,0.0,0.11498257839721254,0.2,0.15,0.12,3.0,8.65625,0.0,0.0,0.13240418118466898,0.3,0.15,0.12,0.0,7.621621621621622,1.0,1.0,0.09059233449477352,0.0,0.05,0.02,10.0,11.0,0.0,0.0,0.09407665505226481,0.0,0.0,0.12,21.0,9.884615384615385,0.0,0.0,0.07665505226480836,0.0,0.1,0.08,12.0,12.047619047619047,0.0,0.0,0.10452961672473868,0.2,0.1,0.1,3.0,9.758620689655173,0.0,0.0,0.11846689895470383,0.3,0.2,0.18,2.0,8.606060606060606,0.0,0.0,0.09407665505226481,0.1,0.05,0.1,4.0,10.73076923076923,0.0,0.0,0.13240418118466898,0.0,0.15,0.16,10.0,7.378378378378378,0.0,0.0,0.10452961672473868,0.1,0.05,0.06,2.0,9.620689655172415,0.0,0.0,0.07317073170731707,0.0,0.05,0.12,18.0,12.7,0.0,0.0,0.08013937282229965,0.0,0.05,0.1,17.0,12.181818181818182,0.0,0.0,0.10801393728222997,0.0,0.0,0.14,26.0,8.6,0.0,0.0,0.10452961672473868,0.1,0.15,0.12,8.0,9.310344827586206,0.0,0.0,0.08362369337979095,0.0,0.05,0.08,19.0,11.08695652173913,0.0,0.0,0.11498257839721254,0.1,0.15,0.1,4.0,8.8125,0.0,0.0,0.10104529616724739,0.1,0.2,0.08,7.0,9.928571428571429,0.0,0.0,0.11498257839721254,0.0,0.05,0.16,11.0,8.59375,0.0,0.0,0.09407665505226481,0.0,0.05,0.08,12.0,9.692307692307692,0.0,0.0,0.11846689895470383,0.0,0.0,0.02,24.0,7.787878787878788,0.0,0.0,0.09407665505226481,0.1,0.15,0.1,7.0,9.5,0.0,0.0,0.09407665505226481,0.3,0.25,0.1,1.0,10.653846153846153,0.0,1.0,0.0975609756097561,0.2,0.15,0.1,0.0,10.555555555555555,1.0,1.0,0.11498257839721254,0.1,0.05,0.06,5.0,8.53125,0.0,0.0,0.0975609756097561,0.1,0.15,0.14,9.0,9.851851851851851,0.0,0.0,0.07665505226480836,0.1,0.1,0.06,5.0,13.333333333333334,0.0,0.0,0.10801393728222997,0.1,0.1,0.16,7.0,9.0,0.0,0.0,0.1289198606271777,0.0,0.0,0.08,31.0,6.75,0.0,0.0,0.11846689895470383,0.1,0.15,0.16,7.0,8.454545454545455,0.0,0.0,0.09407665505226481,0.1,0.05,0.06,5.0,10.538461538461538,0.0,0.0,76.0,3.0,37.0,3.0,1.0,0.0,1.0,287.0,2.0,22.0,6.0,1,0,0,0,0,1,0,0,0,0,0,0,0,0,0,0,0,0,0,0,0,0,0,1,0,0,0,0,0,0,0,0,0,1,0,0,0,0,0,0,0,0,0,1,0,0,0,0
2026-03-01,0.16319444444444445,0.2,0.3,0.18,0.0,6.195652173913044,1.0,1.0,0.10069444444444445,0.1,0.05,0.06,4.0,10.0,0.0,0.0,0.09722222222222222,0.2,0.1,0.12,3.0,10.296296296296296,0.0,0.0,0.11458333333333333,0.2,0.15,0.14,1.0,8.0,0.0,1.0,0.11458333333333333,0.1,0.2,0.12,1.0,8.84375,0.0,1.0,0.10069444444444445,0.5,0.35,0.22,0.0,10.107142857142858,1.0,1.0,0.11805555555555555,0.2,0.1,0.06,2.0,7.909090909090909,0.0,0.0,0.09375,0.1,0.15,0.1,2.0,10.692307692307692,0.0,0.0,0.12152777777777778,0.0,0.05,0.1,19.0,7.676470588235294,0.0,0.0,0.13541666666666666,0.0,0.0,0.08,20.0,6.7631578947368425,0.0,0.0,0.12152777777777778,0.2,0.1,0.18,2.0,8.264705882352942,0.0,0.0,0.09027777777777778,0.1,0.1,0.06,7.0,10.88,0.0,0.0,0.08333333333333333,0.1,0.1,0.04,2.0,11.782608695652174,0.0,0.0,0.09375,0.0,0.1,0.12,10.0,9.692307692307692,0.0,0.0,0.09027777777777778,0.0,0.0,0.06,21.0,9.8,0.0,0.0,0.09375,0.2,0.1,0.12,5.0,10.653846153846153,0.0,0.0,0.08333333333333333,0.0,0.05,0.06,16.0,11.695652173913043,0.0,0.0,0.10416666666666667,0.1,0.05,0.1,6.0,9.551724137931034,0.0,0.0,0.11458333333333333,0.2,0.15,0.12,4.0,8.65625,0.0,0.0,0.13194444444444445,0.2,0.15,0.12,1.0,7.621621621621622,0.0,1.0,0.09027777777777778,0.0,0.05,0.02,11.0,11.0,0.0,0.0,0.09375,0.0,0.0,0.12,22.0,9.884615384615385,0.0,0.0,0.0763888888888889,0.0,0.1,0.08,13.0,12.047619047619047,0.0,0.0,0.1076388888888889,0.3,0.15,0.12,0.0,9.566666666666666,1.0,1.0,0.11805555555555555,0.3,0.2,0.16,3.0,8.606060606060606,0.0,0.0,0.09375,0.1,0.05,0.1,5.0,10.73076923076923,0.0,0.0,0.13194444444444445,0.0,0.15,0.16,11.0,7.378378378378378,0.0,0.0,0.10416666666666667,0.1,0.05,0.06,3.0,9.620689655172415,0.0,0.0,0.07291666666666667,0.0,0.05,0.12,19.0,12.7,0.0,0.0,0.0798611111111111,0.0,0.05,0.1,18.0,12.181818181818182,0.0,0.0,0.1076388888888889,0.0,0.0,0.14,27.0,8.6,0.0,0.0,0.10416666666666667,0.1,0.1,0.12,9.0,9.310344827586206,0.0,0.0,0.08333333333333333,0.0,0.0,0.08,20.0,11.08695652173913,0.0,0.0,0.11805555555555555,0.2,0.2,0.12,0.0,8.696969696969697,1.0,1.0,0.10069444444444445,0.1,0.2,0.08,8.0,9.928571428571429,0.0,0.0,0.11458333333333333,0.0,0.05,0.16,12.0,8.59375,0.0,0.0,0.09375,0.0,0.05,0.08,13.0,9.692307692307692,0.0,0.0,0.11805555555555555,0.0,0.0,0.02,25.0,7.787878787878788,0.0,0.0,0.09375,0.1,0.15,0.1,8.0,9.5,0.0,0.0,0.09375,0.2,0.25,0.1,2.0,10.653846153846153,0.0,0.0,0.09722222222222222,0.2,0.15,0.1,1.0,10.555555555555555,0.0,1.0,0.11458333333333333,0.1,0.05,0.06,6.0,8.53125,0.0,0.0,0.09722222222222222,0.0,0.15,0.14,10.0,9.851851851851851,0.0,0.0,0.0798611111111111,0.2,0.15,0.06,0.0,13.0,1.0,1.0,0.1076388888888889,0.1,0.1,0.16,8.0,9.0,0.0,0.0,0.1284722222222222,0.0,0.0,0.06,32.0,6.75,0.0,0.0,0.11805555555555555,0.1,0.15,0.16,8.0,8.454545454545455,0.0,0.0,0.09375,0.1,0.05,0.06,6.0,10.538461538461538,0.0,0.0,109.0,4.0,43.0,2.0,1.0,1.0,1.0,288.0,2.0,25.0,2.0,0,0,0,1,0,0,1,0,0,0,0,0,0,1,0,0,0,0,0,0,0,0,0,1,0,0,0,0,0,0,0,0,0,0,0,0,0,0,0,0,0,0,0,0,0,0,1,0
2026-03-04,0.16262975778546712,0.1,0.25,0.18,1.0,6.195652173913044,0.0,1.0,0.10034602076124567,0.1,0.05,0.06,5.0,10.0,0.0,0.0,0.09688581314878893,0.1,0.1,0.12,4.0,10.296296296296296,0.0,0.0,0.11764705882352941,0.2,0.15,0.16,0.0,7.818181818181818,1.0,1.0,0.11418685121107267,0.1,0.15,0.12,2.0,8.84375,0.0,0.0,0.10034602076124567,0.5,0.35,0.2,1.0,10.107142857142858,0.0,1.0,0.12110726643598616,0.3,0.15,0.08,0.0,7.764705882352941,1.0,1.0,0.09342560553633218,0.1,0.15,0.1,3.0,10.692307692307692,0.0,0.0,0.12110726643598616,0.0,0.0,0.1,20.0,7.676470588235294,0.0,0.0,0.13494809688581316,0.0,0.0,0.08,21.0,6.7631578947368425,0.0,0.0,0.12110726643598616,0.2,0.1,0.18,3.0,8.264705882352942,0.0,0.0,0.08996539792387544,0.1,0.1,0.06,8.0,10.88,0.0,0.0,0.08304498269896193,0.1,0.1,0.04,3.0,11.782608695652174,0.0,0.0,0.09688581314878893,0.1,0.15,0.14,0.0,9.74074074074074,1.0,1.0,0.08996539792387544,0.0,0.0,0.06,22.0,9.8,0.0,0.0,0.09342560553633218,0.2,0.1,0.12,6.0,10.653846153846153,0.0,0.0,0.08304498269896193,0.0,0.05,0.06,17.0,11.695652173913043,0.0,0.0,0.10380622837370242,0.1,0.05,0.1,7.0,9.551724137931034,0.0,0.0,0.11418685121107267,0.2,0.15,0.12,5.0,8.65625,0.0,0.0,0.1314878892733564,0.2,0.15,0.12,2.0,7.621621621621622,0.0,0.0,0.08996539792387544,0.0,0.05,0.02,12.0,11.0,0.0,0.0,0.09342560553633218,0.0,0.0,0.1,23.0,9.884615384615385,0.0,0.0,0.07612456747404844,0.0,0.1,0.08,14.0,12.047619047619047,0.0,0.0,0.11072664359861592,0.4,0.2,0.14,0.0,9.290322580645162,1.0,1.0,0.11764705882352941,0.2,0.2,0.16,4.0,8.606060606060606,0.0,0.0,0.09342560553633218,0.1,0.05,0.1,6.0,10.73076923076923,0.0,0.0,0.1314878892733564,0.0,0.15,0.14,12.0,7.378378378378378,0.0,0.0,0.10380622837370242,0.1,0.05,0.06,4.0,9.620689655172415,0.0,0.0,0.0726643598615917,0.0,0.0,0.12,20.0,12.7,0.0,0.0,0.07958477508650519,0.0,0.05,0.1,19.0,12.181818181818182,0.0,0.0,0.10726643598615918,0.0,0.0,0.14,28.0,8.6,0.0,0.0,0.10380622837370242,0.0,0.1,0.12,10.0,9.310344827586206,0.0,0.0,0.08304498269896193,0.0,0.0,0.06,21.0,11.08695652173913,0.0,0.0,0.11764705882352941,0.2,0.2,0.12,1.0,8.696969696969697,0.0,1.0,0.10034602076124567,0.1,0.2,0.08,9.0,9.928571428571429,0.0,0.0,0.11418685121107267,0.0,0.05,0.16,13.0,8.59375,0.0,0.0,0.09342560553633218,0.0,0.05,0.08,14.0,9.692307692307692,0.0,0.0,0.11764705882352941,0.0,0.0,0.02,26.0,7.787878787878788,0.0,0.0,0.09342560553633218,0.1,0.15,0.1,9.0,9.5,0.0,0.0,0.09342560553633218,0.2,0.25,0.1,3.0,10.653846153846153,0.0,0.0,0.09688581314878893,0.2,0.15,0.1,2.0,10.555555555555555,0.0,0.0,0.11418685121107267,0.1,0.05,0.06,7.0,8.53125,0.0,0.0,0.09688581314878893,0.0,0.15,0.14,11.0,9.851851851851851,0.0,0.0,0.07958477508650519,0.2,0.15,0.06,1.0,13.0,0.0,1.0,0.10726643598615918,0.1,0.1,0.16,9.0,9.0,0.0,0.0,0.12802768166089964,0.0,0.0,0.06,33.0,6.75,0.0,0.0,0.12110726643598616,0.2,0.2,0.16,0.0,8.470588235294118,1.0,1.0,0.09342560553633218,0.1,0.05,0.06,7.0,10.538461538461538,0.0,0.0,96.0,3.0,43.0,2.0,2.0,0.0,1.0,289.0,3.0,1.0,6.0,1,0,0,1,0,0,1,0,0,0,0,0,0,0,0,0,0,0,0,0,0,0,0,0,0,0,0,1,0,0,0,1,0,0,0,0,0,0,0,0,0,0,0,0,0,0,0,0
2026-03-08,0.16551724137931034,0.2,0.25,0.18,0.0,6.1063829787234045,1.0,1.0,0.1,0.1,0.05,0.06,6.0,10.0,0.0,0.0,0.09655172413793103,0.1,0.1,0.12,5.0,10.296296296296296,0.0,0.0,0.1206896551724138,0.3,0.2,0.18,0.0,7.617647058823529,1.0,1.0,0.11379310344827587,0.1,0.15,0.12,3.0,8.84375,0.0,0.0,0.1,0.5,0.35,0.2,2.0,10.107142857142858,0.0,0.0,0.12413793103448276,0.4,0.2,0.1,0.0,7.571428571428571,1.0,1.0,0.09310344827586207,0.1,0.15,0.1,4.0,10.692307692307692,0.0,0.0,0.1206896551724138,0.0,0.0,0.1,21.0,7.676470588235294,0.0,0.0,0.13448275862068965,0.0,0.0,0.08,22.0,6.7631578947368425,0.0,0.0,0.1206896551724138,0.2,0.1,0.18,4.0,8.264705882352942,0.0,0.0,0.0896551724137931,0.1,0.1,0.06,9.0,10.88,0.0,0.0,0.08275862068965517,0.1,0.1,0.04,4.0,11.782608695652174,0.0,0.0,0.09655172413793103,0.1,0.15,0.14,1.0,9.74074074074074,0.0,1.0,0.0896551724137931,0.0,0.0,0.06,23.0,9.8,0.0,0.0,0.09310344827586207,0.2,0.1,0.12,7.0,10.653846153846153,0.0,0.0,0.08275862068965517,0.0,0.05,0.06,18.0,11.695652173913043,0.0,0.0,0.10344827586206896,0.1,0.05,0.1,8.0,9.551724137931034,0.0,0.0,0.11379310344827587,0.2,0.15,0.12,6.0,8.65625,0.0,0.0,0.1310344827586207,0.2,0.15,0.1,3.0,7.621621621621622,0.0,0.0,0.0896551724137931,0.0,0.05,0.02,13.0,11.0,0.0,0.0,0.09310344827586207,0.0,0.0,0.08,24.0,9.884615384615385,0.0,0.0,0.07586206896551724,0.0,0.1,0.08,15.0,12.047619047619047,0.0,0.0,0.1103448275862069,0.3,0.2,0.14,1.0,9.290322580645162,0.0,1.0,0.11724137931034483,0.2,0.2,0.16,5.0,8.606060606060606,0.0,0.0,0.09310344827586207,0.1,0.05,0.1,7.0,10.73076923076923,0.0,0.0,0.1310344827586207,0.0,0.15,0.14,13.0,7.378378378378378,0.0,0.0,0.10689655172413794,0.2,0.1,0.08,0.0,9.466666666666667,1.0,1.0,0.07241379310344828,0.0,0.0,0.12,21.0,12.7,0.0,0.0,0.07931034482758621,0.0,0.0,0.1,20.0,12.181818181818182,0.0,0.0,0.10689655172413794,0.0,0.0,0.14,29.0,8.6,0.0,0.0,0.10689655172413794,0.1,0.15,0.14,0.0,9.366666666666667,1.0,1.0,0.08275862068965517,0.0,0.0,0.04,22.0,11.08695652173913,0.0,0.0,0.11724137931034483,0.2,0.2,0.12,2.0,8.696969696969697,0.0,0.0,0.1,0.0,0.15,0.08,10.0,9.928571428571429,0.0,0.0,0.11379310344827587,0.0,0.05,0.14,14.0,8.59375,0.0,0.0,0.09310344827586207,0.0,0.05,0.08,15.0,9.692307692307692,0.0,0.0,0.11724137931034483,0.0,0.0,0.02,27.0,7.787878787878788,0.0,0.0,0.09310344827586207,0.0,0.15,0.1,10.0,9.5,0.0,0.0,0.09310344827586207,0.2,0.25,0.1,4.0,10.653846153846153,0.0,0.0,0.09655172413793103,0.2,0.1,0.1,3.0,10.555555555555555,0.0,0.0,0.11379310344827587,0.1,0.05,0.06,8.0,8.53125,0.0,0.0,0.09655172413793103,0.0,0.15,0.14,12.0,9.851851851851851,0.0,0.0,0.07931034482758621,0.2,0.15,0.06,2.0,13.0,0.0,0.0,0.10689655172413794,0.0,0.1,0.16,10.0,9.0,0.0,0.0,0.12758620689655173,0.0,0.0,0.06,34.0,6.75,0.0,0.0,0.1206896551724138,0.1,0.15,0.16,1.0,8.470588235294118,0.0,1.0,0.09310344827586207,0.1,0.05,0.06,8.0,10.538461538461538,0.0,0.0,72.0,3.0,31.0,3.0,0.0,2.0,0.0,290.0,3.0,4.0,2.0,1,0,0,0,0,1,0,0,0,1,0,0,1,0,0,0,0,0,0,0,0,0,0,0,0,0,0,0,0,0,0,0,0,1,0,0,0,0,0,0,0,0,0,0,0,0,0,0
2026-03-11,0.16838487972508592,0.3,0.3,0.2,0.0,6.0,1.0,1.0,0.09965635738831616,0.1,0.05,0.06,7.0,10.0,0.0,0.0,0.09621993127147767,0.1,0.1,0.1,6.0,10.296296296296296,0.0,0.0,0.12027491408934708,0.3,0.2,0.18,1.0,7.617647058823529,0.0,1.0,0.1134020618556701,0.1,0.1,0.12,4.0,8.84375,0.0,0.0,0.10309278350515463,0.5,0.4,0.22,0.0,9.862068965517242,1.0,1.0,0.12371134020618557,0.4,0.2,0.1,1.0,7.571428571428571,0.0,1.0,0.09278350515463918,0.1,0.15,0.1,5.0,10.692307692307692,0.0,0.0,0.12027491408934708,0.0,0.0,0.1,22.0,7.676470588235294,0.0,0.0,0.13745704467353953,0.1,0.05,0.1,0.0,7.17948717948718,1.0,1.0,0.12027491408934708,0.2,0.1,0.18,5.0,8.264705882352942,0.0,0.0,0.08934707903780069,0.0,0.1,0.06,10.0,10.88,0.0,0.0,0.0859106529209622,0.2,0.1,0.06,0.0,11.5,1.0,1.0,0.09621993127147767,0.1,0.15,0.12,2.0,9.74074074074074,0.0,0.0,0.08934707903780069,0.0,0.0,0.06,24.0,9.8,0.0,0.0,0.09278350515463918,0.1,0.1,0.12,8.0,10.653846153846153,0.0,0.0,0.08247422680412371,0.0,0.05,0.06,19.0,11.695652173913043,0.0,0.0,0.10309278350515463,0.1,0.05,0.1,9.0,9.551724137931034,0.0,0.0,0.1134020618556701,0.1,0.15,0.12,7.0,8.65625,0.0,0.0,0.13058419243986255,0.2,0.15,0.1,4.0,7.621621621621622,0.0,0.0,0.08934707903780069,0.0,0.05,0.02,14.0,11.0,0.0,0.0,0.09278350515463918,0.0,0.0,0.08,25.0,9.884615384615385,0.0,0.0,0.07560137457044673,0.0,0.1,0.08,16.0,12.047619047619047,0.0,0.0,0.10996563573883161,0.3,0.2,0.14,2.0,9.290322580645162,0.0,0.0,0.11683848797250859,0.1,0.2,0.16,6.0,8.606060606060606,0.0,0.0,0.09278350515463918,0.1,0.05,0.1,8.0,10.73076923076923,0.0,0.0,0.13058419243986255,0.0,0.1,0.14,14.0,7.378378378378378,0.0,0.0,0.10652920962199312,0.2,0.1,0.08,1.0,9.466666666666667,0.0,1.0,0.07216494845360824,0.0,0.0,0.1,22.0,12.7,0.0,0.0,0.07903780068728522,0.0,0.0,0.1,21.0,12.181818181818182,0.0,0.0,0.10652920962199312,0.0,0.0,0.12,30.0,8.6,0.0,0.0,0.10652920962199312,0.1,0.15,0.14,1.0,9.366666666666667,0.0,1.0,0.08247422680412371,0.0,0.0,0.04,23.0,11.08695652173913,0.0,0.0,0.12027491408934708,0.3,0.25,0.14,0.0,8.529411764705882,1.0,1.0,0.09965635738831616,0.0,0.15,0.08,11.0,9.928571428571429,0.0,0.0,0.1134020618556701,0.0,0.05,0.14,15.0,8.59375,0.0,0.0,0.09278350515463918,0.0,0.05,0.08,16.0,9.692307692307692,0.0,0.0,0.11683848797250859,0.0,0.0,0.02,28.0,7.787878787878788,0.0,0.0,0.09278350515463918,0.0,0.15,0.1,11.0,9.5,0.0,0.0,0.09278350515463918,0.2,0.25,0.1,5.0,10.653846153846153,0.0,0.0,0.09621993127147767,0.2,0.1,0.1,4.0,10.555555555555555,0.0,0.0,0.1134020618556701,0.1,0.05,0.06,9.0,8.53125,0.0,0.0,0.09621993127147767,0.0,0.1,0.14,13.0,9.851851851851851,0.0,0.0,0.07903780068728522,0.2,0.15,0.06,3.0,13.0,0.0,0.0,0.10652920962199312,0.0,0.1,0.16,11.0,9.0,0.0,0.0,0.12714776632302405,0.0,0.0,0.06,35.0,6.75,0.0,0.0,0.12027491408934708,0.1,0.1,0.14,2.0,8.470588235294118,0.0,0.0,0.09278350515463918,0.1,0.05,0.06,9.0,10.538461538461538,0.0,0.0,64.0,3.0,33.0,3.0,1.0,1.0,0.0,291.0,3.0,8.0,6.0,0,0,0,0,1,0,0,0,0,0,0,0,0,0,0,0,0,0,0,0,0,0,0,0,0,1,0,0,0,0,1,0,0,0,0,0,1,0,0,0,0,0,0,0,0,1,0,0
2026-03-15,0.1678082191780822,0.3,0.3,0.2,1.0,6.0,0.0,1.0,0.09931506849315068,0.1,0.05,0.04,8.0,10.0,0.0,0.0,0.0958904109589041,0.1,0.1,0.1,7.0,10.296296296296296,0.0,0.0,0.11986301369863013,0.3,0.2,0.18,2.0,7.617647058823529,0.0,0.0,0.11643835616438356,0.2,0.15,0.14,0.0,8.727272727272727,1.0,1.0,0.10273972602739725,0.5,0.4,0.22,1.0,9.862068965517242,0.0,1.0,0.1232876712328767,0.3,0.2,0.08,2.0,7.571428571428571,0.0,0.0,0.09246575342465753,0.1,0.15,0.1,6.0,10.692307692307692,0.0,0.0,0.11986301369863013,0.0,0.0,0.1,23.0,7.676470588235294,0.0,0.0,0.136986301369863,0.1,0.05,0.1,1.0,7.17948717948718,0.0,1.0,0.11986301369863013,0.2,0.1,0.18,6.0,8.264705882352942,0.0,0.0,0.08904109589041095,0.0,0.1,0.06,11.0,10.88,0.0,0.0,0.08561643835616438,0.2,0.1,0.06,1.0,11.5,0.0,1.0,0.0958904109589041,0.1,0.15,0.12,3.0,9.74074074074074,0.0,0.0,0.08904109589041095,0.0,0.0,0.06,25.0,9.8,0.0,0.0,0.09246575342465753,0.1,0.1,0.12,9.0,10.653846153846153,0.0,0.0,0.0821917808219178,0.0,0.0,0.06,20.0,11.695652173913043,0.0,0.0,0.10273972602739725,0.0,0.05,0.1,10.0,9.551724137931034,0.0,0.0,0.11301369863013698,0.1,0.15,0.12,8.0,8.65625,0.0,0.0,0.13013698630136986,0.2,0.15,0.1,5.0,7.621621621621622,0.0,0.0,0.08904109589041095,0.0,0.05,0.02,15.0,11.0,0.0,0.0,0.09246575342465753,0.0,0.0,0.08,26.0,9.884615384615385,0.0,0.0,0.07534246575342465,0.0,0.1,0.06,17.0,12.047619047619047,0.0,0.0,0.1095890410958904,0.3,0.2,0.14,3.0,9.290322580645162,0.0,0.0,0.11643835616438356,0.1,0.2,0.16,7.0,8.606060606060606,0.0,0.0,0.0958904109589041,0.2,0.1,0.12,0.0,10.666666666666666,1.0,1.0,0.13013698630136986,0.0,0.1,0.14,15.0,7.378378378378378,0.0,0.0,0.10616438356164383,0.2,0.1,0.08,2.0,9.466666666666667,0.0,0.0,0.07191780821917808,0.0,0.0,0.1,23.0,12.7,0.0,0.0,0.07876712328767123,0.0,0.0,0.1,22.0,12.181818181818182,0.0,0.0,0.1095890410958904,0.1,0.05,0.14,0.0,9.32258064516129,1.0,1.0,0.10616438356164383,0.1,0.15,0.14,2.0,9.366666666666667,0.0,0.0,0.0821917808219178,0.0,0.0,0.04,24.0,11.08695652173913,0.0,0.0,0.11986301369863013,0.3,0.2,0.14,1.0,8.529411764705882,0.0,1.0,0.09931506849315068,0.0,0.1,0.08,12.0,9.928571428571429,0.0,0.0,0.11301369863013698,0.0,0.05,0.12,16.0,8.59375,0.0,0.0,0.0958904109589041,0.1,0.1,0.1,0.0,9.962962962962964,1.0,1.0,0.11643835616438356,0.0,0.0,0.02,29.0,7.787878787878788,0.0,0.0,0.09246575342465753,0.0,0.15,0.1,12.0,9.5,0.0,0.0,0.09246575342465753,0.2,0.2,0.1,6.0,10.653846153846153,0.0,0.0,0.0958904109589041,0.2,0.1,0.1,5.0,10.555555555555555,0.0,0.0,0.11301369863013698,0.0,0.05,0.06,10.0,8.53125,0.0,0.0,0.0958904109589041,0.0,0.05,0.14,14.0,9.851851851851851,0.0,0.0,0.07876712328767123,0.1,0.15,0.06,4.0,13.0,0.0,0.0,0.10616438356164383,0.0,0.1,0.16,12.0,9.0,0.0,0.0,0.13013698630136986,0.1,0.05,0.08,0.0,7.54054054054054,1.0,1.0,0.11986301369863013,0.1,0.1,0.14,3.0,8.470588235294118,0.0,0.0,0.09246575342465753,0.0,0.05,0.04,10.0,10.538461538461538,0.0,0.0,145.0,2.0,41.0,1.0,0.0,2.0,2.0,292.0,3.0,11.0,2.0,0,1,0,1,0,0,0,0,0,0,0,0,0,0,0,0,0,0,0,0,0,0,0,0,0,0,0,0,1,0,0,0,1,0,0,0,0,0,0,0,0,1,0,0,0,0,0,0
2026-03-18,0.16723549488054607,0.3,0.3,0.2,2.0,6.0,0.0,0.0,0.10238907849829351,0.2,0.1,0.06,0.0,9.96551724137931,1.0,1.0,0.09556313993174062,0.1,0.1,0.1,8.0,10.296296296296296,0.0,0.0,0.12286689419795221,0.4,0.25,0.2,0.0,7.485714285714286,1.0,1.0,0.11604095563139932,0.2,0.15,0.14,1.0,8.727272727272727,0.0,1.0,0.10238907849829351,0.4,0.4,0.22,2.0,9.862068965517242,0.0,0.0,0.12286689419795221,0.3,0.2,0.08,3.0,7.571428571428571,0.0,0.0,0.09215017064846416,0.1,0.1,0.08,7.0,10.692307692307692,0.0,0.0,0.11945392491467577,0.0,0.0,0.1,24.0,7.676470588235294,0.0,0.0,0.13651877133105803,0.1,0.05,0.1,2.0,7.17948717948718,0.0,0.0,0.11945392491467577,0.1,0.1,0.18,7.0,8.264705882352942,0.0,0.0,0.08873720136518772,0.0,0.1,0.06,12.0,10.88,0.0,0.0,0.08532423208191127,0.2,0.1,0.06,2.0,11.5,0.0,0.0,0.09556313993174062,0.1,0.15,0.12,4.0,9.74074074074074,0.0,0.0,0.08873720136518772,0.0,0.0,0.06,26.0,9.8,0.0,0.0,0.09215017064846416,0.0,0.1,0.12,10.0,10.653846153846153,0.0,0.0,0.08191126279863481,0.0,0.0,0.06,21.0,11.695652173913043,0.0,0.0,0.10238907849829351,0.0,0.05,0.08,11.0,9.551724137931034,0.0,0.0,0.11262798634812286,0.1,0.15,0.12,9.0,8.65625,0.0,0.0,0.1296928327645051,0.2,0.15,0.1,6.0,7.621621621621622,0.0,0.0,0.08873720136518772,0.0,0.05,0.02,16.0,11.0,0.0,0.0,0.09215017064846416,0.0,0.0,0.08,27.0,9.884615384615385,0.0,0.0,0.07508532423208192,0.0,0.05,0.06,18.0,12.047619047619047,0.0,0.0,0.10921501706484642,0.3,0.2,0.12,4.0,9.290322580645162,0.0,0.0,0.11604095563139932,0.1,0.2,0.16,8.0,8.606060606060606,0.0,0.0,0.09556313993174062,0.1,0.1,0.1,1.0,10.666666666666666,0.0,1.0,0.1296928327645051,0.0,0.05,0.14,16.0,7.378378378378378,0.0,0.0,0.10580204778156997,0.2,0.1,0.08,3.0,9.466666666666667,0.0,0.0,0.07508532423208192,0.1,0.05,0.12,0.0,13.238095238095237,1.0,1.0,0.07849829351535836,0.0,0.0,0.1,23.0,12.181818181818182,0.0,0.0,0.10921501706484642,0.1,0.05,0.14,1.0,9.32258064516129,0.0,1.0,0.10580204778156997,0.1,0.15,0.14,3.0,9.366666666666667,0.0,0.0,0.08532423208191127,0.1,0.05,0.06,0.0,11.666666666666666,1.0,1.0,0.11945392491467577,0.2,0.2,0.14,2.0,8.529411764705882,0.0,0.0,0.09897610921501707,0.0,0.1,0.08,13.0,9.928571428571429,0.0,0.0,0.11262798634812286,0.0,0.05,0.12,17.0,8.59375,0.0,0.0,0.09556313993174062,0.1,0.1,0.1,1.0,9.962962962962964,0.0,1.0,0.11604095563139932,0.0,0.0,0.02,30.0,7.787878787878788,0.0,0.0,0.09215017064846416,0.0,0.15,0.1,13.0,9.5,0.0,0.0,0.09215017064846416,0.2,0.2,0.1,7.0,10.653846153846153,0.0,0.0,0.09556313993174062,0.2,0.1,0.1,6.0,10.555555555555555,0.0,0.0,0.11604095563139932,0.1,0.1,0.06,0.0,8.606060606060606,1.0,1.0,0.09556313993174062,0.0,0.05,0.14,15.0,9.851851851851851,0.0,0.0,0.07849829351535836,0.1,0.1,0.06,5.0,13.0,0.0,0.0,0.10580204778156997,0.0,0.05,0.16,13.0,9.0,0.0,0.0,0.1296928327645051,0.1,0.05,0.08,1.0,7.54054054054054,0.0,1.0,0.11945392491467577,0.1,0.1,0.14,4.0,8.470588235294118,0.0,0.0,0.09215017064846416,0.0,0.05,0.04,11.0,10.538461538461538,0.0,0.0,110.0,3.0,40.0,2.0,0.0,2.0,1.0,293.0,3.0,15.0,6.0,0,0,1,0,0,0,0,1,1,0,0,0,0,0,0,0,0,0,0,0,0,0,0,0,0,1,0,0,0,0,0,0,0,0,0,0,0,1,0,0,0,0,0,0,0,0,0,0
2026-03-22,0.16666666666666666,0.3,0.25,0.2,3.0,6.0,0.0,0.0,0.10204081632653061,0.1,0.1,0.06,1.0,9.96551724137931,0.0,1.0,0.09863945578231292,0.2,0.15,0.1,0.0,10.25,1.0,1.0,0.12244897959183673,0.4,0.25,0.2,1.0,7.485714285714286,0.0,1.0,0.11564625850340136,0.2,0.15,0.12,2.0,8.727272727272727,0.0,0.0,0.10204081632653061,0.4,0.35,0.22,3.0,9.862068965517242,0.0,0.0,0.12244897959183673,0.3,0.2,0.08,4.0,7.571428571428571,0.0,0.0,0.09523809523809523,0.2,0.15,0.1,0.0,10.592592592592593,1.0,1.0,0.12244897959183673,0.1,0.05,0.12,0.0,8.17142857142857,1.0,1.0,0.1360544217687075,0.1,0.05,0.1,3.0,7.17948717948718,0.0,0.0,0.11904761904761904,0.1,0.1,0.18,8.0,8.264705882352942,0.0,0.0,0.08843537414965986,0.0,0.05,0.06,13.0,10.88,0.0,0.0,0.08503401360544217,0.2,0.1,0.06,3.0,11.5,0.0,0.0,0.09523809523809523,0.1,0.15,0.12,5.0,9.74074074074074,0.0,0.0,0.08843537414965986,0.0,0.0,0.06,27.0,9.8,0.0,0.0,0.09183673469387756,0.0,0.1,0.12,11.0,10.653846153846153,0.0,0.0,0.08163265306122448,0.0,0.0,0.06,22.0,11.695652173913043,0.0,0.0,0.10204081632653061,0.0,0.05,0.08,12.0,9.551724137931034,0.0,0.0,0.11224489795918367,0.0,0.1,0.12,10.0,8.65625,0.0,0.0,0.1292517006802721,0.1,0.15,0.08,7.0,7.621621621621622,0.0,0.0,0.08843537414965986,0.0,0.05,0.02,17.0,11.0,0.0,0.0,0.09183673469387756,0.0,0.0,0.08,28.0,9.884615384615385,0.0,0.0,0.07482993197278912,0.0,0.05,0.06,19.0,12.047619047619047,0.0,0.0,0.10884353741496598,0.2,0.2,0.12,5.0,9.290322580645162,0.0,0.0,0.11564625850340136,0.1,0.2,0.16,9.0,8.606060606060606,0.0,0.0,0.09863945578231292,0.2,0.15,0.12,0.0,10.357142857142858,1.0,1.0,0.1292517006802721,0.0,0.05,0.14,17.0,7.378378378378378,0.0,0.0,0.1054421768707483,0.2,0.1,0.08,4.0,9.466666666666667,0.0,0.0,0.07482993197278912,0.1,0.05,0.12,1.0,13.238095238095237,0.0,1.0,0.0782312925170068,0.0,0.0,0.1,24.0,12.181818181818182,0.0,0.0,0.10884353741496598,0.1,0.05,0.14,2.0,9.32258064516129,0.0,0.0,0.1054421768707483,0.1,0.1,0.14,4.0,9.366666666666667,0.0,0.0,0.08503401360544217,0.1,0.05,0.04,1.0,11.666666666666666,0.0,1.0,0.11904761904761904,0.2,0.2,0.14,3.0,8.529411764705882,0.0,0.0,0.09863945578231292,0.0,0.1,0.08,14.0,9.928571428571429,0.0,0.0,0.11224489795918367,0.0,0.05,0.12,18.0,8.59375,0.0,0.0,0.09523809523809523,0.1,0.1,0.08,2.0,9.962962962962964,0.0,0.0,0.11904761904761904,0.1,0.05,0.04,0.0,8.470588235294118,1.0,1.0,0.09183673469387756,0.0,0.15,0.1,14.0,9.5,0.0,0.0,0.09183673469387756,0.1,0.2,0.1,8.0,10.653846153846153,0.0,0.0,0.09523809523809523,0.2,0.1,0.1,7.0,10.555555555555555,0.0,0.0,0.11564625850340136,0.1,0.1,0.06,1.0,8.606060606060606,0.0,1.0,0.09523809523809523,0.0,0.05,0.14,16.0,9.851851851851851,0.0,0.0,0.0782312925170068,0.1,0.1,0.06,6.0,13.0,0.0,0.0,0.1054421768707483,0.0,0.05,0.16,14.0,9.0,0.0,0.0,0.1292517006802721,0.1,0.05,0.08,2.0,7.54054054054054,0.0,0.0,0.11904761904761904,0.1,0.1,0.14,5.0,8.470588235294118,0.0,0.0,0.09183673469387756,0.0,0.05,0.04,12.0,10.538461538461538,0.0,0.0,84.0,3.0,35.0,3.0,0.0,1.0,1.0,294.0,3.0,18.0,2.0,0,0,0,0,0,0,0,0,0,1,0,0,0,0,0,0,0,0,0,0,0,0,0,0,0,1,0,1,1,0,0,0,0,1,0,0,0,0,0,0,0,0,0,0,0,0,0,0
2026-03-25,0.16610169491525423,0.3,0.25,0.2,4.0,6.0,0.0,0.0,0.1016949152542373,0.1,0.1,0.06,2.0,9.96551724137931,0.0,0.0,0.09830508474576272,0.1,0.15,0.1,1.0,10.25,0.0,1.0,0.12203389830508475,0.4,0.25,0.2,2.0,7.485714285714286,0.0,0.0,0.1152542372881356,0.2,0.15,0.12,3.0,8.727272727272727,0.0,0.0,0.1016949152542373,0.3,0.35,0.2,4.0,9.862068965517242,0.0,0.0,0.12203389830508475,0.3,0.2,0.08,5.0,7.571428571428571,0.0,0.0,0.09491525423728814,0.2,0.15,0.1,1.0,10.592592592592593,0.0,1.0,0.12203389830508475,0.1,0.05,0.12,1.0,8.17142857142857,0.0,1.0,0.13898305084745763,0.2,0.1,0.1,0.0,7.1,1.0,1.0,0.11864406779661017,0.1,0.1,0.18,9.0,8.264705882352942,0.0,0.0,0.08813559322033898,0.0,0.05,0.06,14.0,10.88,0.0,0.0,0.0847457627118644,0.2,0.1,0.06,4.0,11.5,0.0,0.0,0.09491525423728814,0.1,0.1,0.12,6.0,9.74074074074074,0.0,0.0,0.08813559322033898,0.0,0.0,0.06,28.0,9.8,0.0,0.0,0.09152542372881356,0.0,0.1,0.1,12.0,10.653846153846153,0.0,0.0,0.08135593220338982,0.0,0.0,0.06,23.0,11.695652173913043,0.0,0.0,0.1016949152542373,0.0,0.05,0.08,13.0,9.551724137931034,0.0,0.0,0.11186440677966102,0.0,0.1,0.12,11.0,8.65625,0.0,0.0,0.1288135593220339,0.1,0.15,0.08,8.0,7.621621621621622,0.0,0.0,0.08813559322033898,0.0,0.05,0.02,18.0,11.0,0.0,0.0,0.09152542372881356,0.0,0.0,0.08,29.0,9.884615384615385,0.0,0.0,0.07457627118644068,0.0,0.0,0.06,20.0,12.047619047619047,0.0,0.0,0.10847457627118644,0.2,0.2,0.12,6.0,9.290322580645162,0.0,0.0,0.1152542372881356,0.0,0.2,0.16,10.0,8.606060606060606,0.0,0.0,0.1016949152542373,0.3,0.2,0.14,0.0,10.03448275862069,1.0,1.0,0.1288135593220339,0.0,0.05,0.14,18.0,7.378378378378378,0.0,0.0,0.10847457627118644,0.2,0.15,0.1,0.0,9.32258064516129,1.0,1.0,0.07796610169491526,0.2,0.1,0.14,0.0,12.727272727272727,1.0,1.0,0.07796610169491526,0.0,0.0,0.08,25.0,12.181818181818182,0.0,0.0,0.10847457627118644,0.1,0.05,0.14,3.0,9.32258064516129,0.0,0.0,0.10508474576271186,0.1,0.1,0.14,5.0,9.366666666666667,0.0,0.0,0.0847457627118644,0.1,0.05,0.04,2.0,11.666666666666666,0.0,0.0,0.12203389830508475,0.3,0.25,0.16,0.0,8.4,1.0,1.0,0.09830508474576272,0.0,0.1,0.08,15.0,9.928571428571429,0.0,0.0,0.11186440677966102,0.0,0.05,0.12,19.0,8.59375,0.0,0.0,0.09491525423728814,0.1,0.05,0.08,3.0,9.962962962962964,0.0,0.0,0.11864406779661017,0.1,0.05,0.04,1.0,8.470588235294118,0.0,1.0,0.09152542372881356,0.0,0.1,0.1,15.0,9.5,0.0,0.0,0.09152542372881356,0.1,0.15,0.1,9.0,10.653846153846153,0.0,0.0,0.09491525423728814,0.1,0.1,0.1,8.0,10.555555555555555,0.0,0.0,0.1152542372881356,0.1,0.1,0.06,2.0,8.606060606060606,0.0,0.0,0.09491525423728814,0.0,0.05,0.14,17.0,9.851851851851851,0.0,0.0,0.07796610169491526,0.1,0.1,0.06,7.0,13.0,0.0,0.0,0.10508474576271186,0.0,0.05,0.14,15.0,9.0,0.0,0.0,0.1288135593220339,0.1,0.05,0.08,3.0,7.54054054054054,0.0,0.0,0.11864406779661017,0.1,0.1,0.14,6.0,8.470588235294118,0.0,0.0,0.09152542372881356,0.0,0.05,0.04,13.0,10.538461538461538,0.0,0.0,127.0,4.0,24.0,1.0,0.0,4.0,0.0,295.0,3.0,22.0,6.0,0,0,0,1,1,0,0,0,0,0,0,0,0,0,0,0,0,0,0,0,0,0,1,0,0,0,0,0,0,0,0,0,1,0,0,0,0,1,0,0,0,0,0,0,0,0,0,0
2026-03-29,0.16554054054054054,0.3,0.25,0.2,5.0,6.0,0.0,0.0,0.10135135135135136,0.1,0.1,0.06,3.0,9.96551724137931,0.0,0.0,0.09797297297297297,0.1,0.15,0.1,2.0,10.25,0.0,0.0,0.125,0.5,0.3,0.22,0.0,7.361111111111111,1.0,1.0,0.11824324324324324,0.3,0.2,0.14,0.0,8.588235294117647,1.0,1.0,0.10135135135135136,0.3,0.3,0.2,5.0,9.862068965517242,0.0,0.0,0.12162162162162163,0.2,0.2,0.08,6.0,7.571428571428571,0.0,0.0,0.0945945945945946,0.1,0.1,0.08,2.0,10.592592592592593,0.0,0.0,0.12162162162162163,0.1,0.05,0.12,2.0,8.17142857142857,0.0,0.0,0.13851351351351351,0.2,0.1,0.1,1.0,7.1,0.0,1.0,0.11824324324324324,0.0,0.1,0.18,10.0,8.264705882352942,0.0,0.0,0.08783783783783784,0.0,0.05,0.06,15.0,10.88,0.0,0.0,0.08445945945945946,0.1,0.1,0.06,5.0,11.5,0.0,0.0,0.0945945945945946,0.1,0.1,0.12,7.0,9.74074074074074,0.0,0.0,0.08783783783783784,0.0,0.0,0.06,29.0,9.8,0.0,0.0,0.09121621621621621,0.0,0.1,0.1,13.0,10.653846153846153,0.0,0.0,0.08108108108108109,0.0,0.0,0.06,24.0,11.695652173913043,0.0,0.0,0.10135135135135136,0.0,0.05,0.08,14.0,9.551724137931034,0.0,0.0,0.11148648648648649,0.0,0.1,0.12,12.0,8.65625,0.0,0.0,0.12837837837837837,0.1,0.15,0.08,9.0,7.621621621621622,0.0,0.0,0.08783783783783784,0.0,0.05,0.02,19.0,11.0,0.0,0.0,0.09121621621621621,0.0,0.0,0.08,30.0,9.884615384615385,0.0,0.0,0.0777027027027027,0.1,0.05,0.08,0.0,12.454545454545455,1.0,1.0,0.10810810810810811,0.2,0.2,0.12,7.0,9.290322580645162,0.0,0.0,0.11486486486486487,0.0,0.2,0.16,11.0,8.606060606060606,0.0,0.0,0.10135135135135136,0.3,0.2,0.14,1.0,10.03448275862069,0.0,1.0,0.12837837837837837,0.0,0.05,0.14,19.0,7.378378378378378,0.0,0.0,0.10810810810810811,0.2,0.15,0.1,1.0,9.32258064516129,0.0,1.0,0.0777027027027027,0.2,0.1,0.14,1.0,12.727272727272727,0.0,1.0,0.0777027027027027,0.0,0.0,0.08,26.0,12.181818181818182,0.0,0.0,0.10810810810810811,0.1,0.05,0.14,4.0,9.32258064516129,0.0,0.0,0.10472972972972973,0.1,0.1,0.12,6.0,9.366666666666667,0.0,0.0,0.08783783783783784,0.2,0.1,0.06,0.0,11.32,1.0,1.0,0.12162162162162163,0.3,0.2,0.16,1.0,8.4,0.0,1.0,0.09797297297297297,0.0,0.1,0.08,16.0,9.928571428571429,0.0,0.0,0.11148648648648649,0.0,0.0,0.12,20.0,8.59375,0.0,0.0,0.0945945945945946,0.1,0.05,0.08,4.0,9.962962962962964,0.0,0.0,0.12162162162162163,0.2,0.1,0.06,0.0,8.285714285714286,1.0,1.0,0.09121621621621621,0.0,0.05,0.1,16.0,9.5,0.0,0.0,0.09121621621621621,0.0,0.15,0.1,10.0,10.653846153846153,0.0,0.0,0.0945945945945946,0.1,0.1,0.1,9.0,10.555555555555555,0.0,0.0,0.11486486486486487,0.1,0.1,0.06,3.0,8.606060606060606,0.0,0.0,0.0945945945945946,0.0,0.05,0.14,18.0,9.851851851851851,0.0,0.0,0.0777027027027027,0.1,0.1,0.06,8.0,13.0,0.0,0.0,0.10472972972972973,0.0,0.05,0.12,16.0,9.0,0.0,0.0,0.12837837837837837,0.1,0.05,0.08,4.0,7.54054054054054,0.0,0.0,0.11824324324324324,0.1,0.1,0.12,7.0,8.470588235294118,0.0,0.0,0.09121621621621621,0.0,0.05,0.02,14.0,10.538461538461538,0.0,0.0,103.0,2.0,34.0,2.0,1.0,1.0,1.0,296.0,3.0,25.0,2.0,0,0,0,0,0,0,0,0,0,0,0,0,1,0,0,1,0,0,0,0,0,0,0,0,0,0,0,0,0,0,1,0,0,0,0,0,0,0,0,0,1,0,1,0,0,0,0,0
2026-04-01,0.16498316498316498,0.3,0.2,0.2,6.0,6.0,0.0,0.0,0.10101010101010101,0.1,0.1,0.06,4.0,9.96551724137931,0.0,0.0,0.09764309764309764,0.1,0.15,0.1,3.0,10.25,0.0,0.0,0.12457912457912458,0.4,0.3,0.2,1.0,7.361111111111111,0.0,1.0,0.11784511784511785,0.2,0.2,0.14,1.0,8.588235294117647,0.0,1.0,0.10101010101010101,0.2,0.3,0.2,6.0,9.862068965517242,0.0,0.0,0.12121212121212122,0.2,0.2,0.08,7.0,7.571428571428571,0.0,0.0,0.09427609427609428,0.1,0.1,0.08,3.0,10.592592592592593,0.0,0.0,0.12121212121212122,0.1,0.05,0.12,3.0,8.17142857142857,0.0,0.0,0.13804713804713806,0.2,0.1,0.1,2.0,7.1,0.0,0.0,0.11784511784511785,0.0,0.1,0.18,11.0,8.264705882352942,0.0,0.0,0.08754208754208755,0.0,0.05,0.06,16.0,10.88,0.0,0.0,0.08754208754208755,0.2,0.15,0.08,0.0,11.28,1.0,1.0,0.09427609427609428,0.1,0.1,0.12,8.0,9.74074074074074,0.0,0.0,0.08754208754208755,0.0,0.0,0.06,30.0,9.8,0.0,0.0,0.09427609427609428,0.1,0.15,0.12,0.0,10.777777777777779,1.0,1.0,0.08080808080808081,0.0,0.0,0.06,25.0,11.695652173913043,0.0,0.0,0.10101010101010101,0.0,0.05,0.08,15.0,9.551724137931034,0.0,0.0,0.1111111111111111,0.0,0.1,0.1,13.0,8.65625,0.0,0.0,0.12794612794612795,0.0,0.15,0.08,10.0,7.621621621621622,0.0,0.0,0.08754208754208755,0.0,0.0,0.02,20.0,11.0,0.0,0.0,0.09090909090909091,0.0,0.0,0.06,31.0,9.884615384615385,0.0,0.0,0.07744107744107744,0.1,0.05,0.08,1.0,12.454545454545455,0.0,1.0,0.10774410774410774,0.2,0.2,0.12,8.0,9.290322580645162,0.0,0.0,0.11447811447811448,0.0,0.15,0.16,12.0,8.606060606060606,0.0,0.0,0.10101010101010101,0.3,0.2,0.12,2.0,10.03448275862069,0.0,0.0,0.12794612794612795,0.0,0.0,0.14,20.0,7.378378378378378,0.0,0.0,0.10774410774410774,0.2,0.15,0.1,2.0,9.32258064516129,0.0,0.0,0.07744107744107744,0.2,0.1,0.14,2.0,12.727272727272727,0.0,0.0,0.07744107744107744,0.0,0.0,0.08,27.0,12.181818181818182,0.0,0.0,0.1111111111111111,0.2,0.1,0.16,0.0,9.1875,1.0,1.0,0.10437710437710437,0.1,0.1,0.12,7.0,9.366666666666667,0.0,0.0,0.08754208754208755,0.2,0.1,0.06,1.0,11.32,0.0,1.0,0.12121212121212122,0.3,0.2,0.16,2.0,8.4,0.0,0.0,0.09764309764309764,0.0,0.05,0.08,17.0,9.928571428571429,0.0,0.0,0.1111111111111111,0.0,0.0,0.12,21.0,8.59375,0.0,0.0,0.09427609427609428,0.1,0.05,0.06,5.0,9.962962962962964,0.0,0.0,0.12121212121212122,0.2,0.1,0.06,1.0,8.285714285714286,0.0,1.0,0.09090909090909091,0.0,0.05,0.1,17.0,9.5,0.0,0.0,0.09090909090909091,0.0,0.15,0.1,11.0,10.653846153846153,0.0,0.0,0.09764309764309764,0.1,0.15,0.12,0.0,10.535714285714286,1.0,1.0,0.11447811447811448,0.1,0.1,0.06,4.0,8.606060606060606,0.0,0.0,0.09764309764309764,0.1,0.1,0.16,0.0,10.178571428571429,1.0,1.0,0.07744107744107744,0.1,0.1,0.06,9.0,13.0,0.0,0.0,0.10437710437710437,0.0,0.05,0.12,17.0,9.0,0.0,0.0,0.12794612794612795,0.1,0.05,0.08,5.0,7.54054054054054,0.0,0.0,0.11784511784511785,0.1,0.1,0.12,8.0,8.470588235294118,0.0,0.0,0.09090909090909091,0.0,0.05,0.02,15.0,10.538461538461538,0.0,0.0,144.0,1.0,30.0,0.0,2.0,1.0,2.0,297.0,3.0,29.0,6.0,0,0,0,0,0,0,0,1,0,0,0,0,0,0,0,1,0,0,0,0,0,1,0,0,0,1,0,0,0,0,1,0,0,0,0,0,0,0,0,0,0,0,0,0,0,0,0,0
2026-04-06,0.1644295302013423,0.2,0.2,0.2,7.0,6.0,0.0,0.0,0.10067114093959731,0.1,0.1,0.06,5.0,9.96551724137931,0.0,0.0,0.09731543624161074,0.1,0.15,0.1,4.0,10.25,0.0,0.0,0.12416107382550336,0.4,0.3,0.2,2.0,7.361111111111111,0.0,0.0,0.1174496644295302,0.2,0.15,0.14,2.0,8.588235294117647,0.0,0.0,0.10067114093959731,0.1,0.3,0.2,7.0,9.862068965517242,0.0,0.0,0.12080536912751678,0.2,0.2,0.08,8.0,7.571428571428571,0.0,0.0,0.09731543624161074,0.2,0.15,0.1,0.0,10.357142857142858,1.0,1.0,0.12080536912751678,0.1,0.05,0.12,4.0,8.17142857142857,0.0,0.0,0.13758389261744966,0.2,0.1,0.1,3.0,7.1,0.0,0.0,0.1174496644295302,0.0,0.1,0.16,12.0,8.264705882352942,0.0,0.0,0.087248322147651,0.0,0.05,0.06,17.0,10.88,0.0,0.0,0.087248322147651,0.2,0.15,0.08,1.0,11.28,0.0,1.0,0.09395973154362416,0.1,0.05,0.12,9.0,9.74074074074074,0.0,0.0,0.087248322147651,0.0,0.0,0.06,31.0,9.8,0.0,0.0,0.09731543624161074,0.2,0.2,0.14,0.0,10.428571428571429,1.0,1.0,0.08053691275167785,0.0,0.0,0.06,26.0,11.695652173913043,0.0,0.0,0.10067114093959731,0.0,0.05,0.08,16.0,9.551724137931034,0.0,0.0,0.11073825503355705,0.0,0.1,0.1,14.0,8.65625,0.0,0.0,0.12751677852348994,0.0,0.1,0.08,11.0,7.621621621621622,0.0,0.0,0.087248322147651,0.0,0.0,0.02,21.0,11.0,0.0,0.0,0.09395973154362416,0.1,0.05,0.08,0.0,10.703703703703704,1.0,1.0,0.07718120805369127,0.1,0.05,0.08,2.0,12.454545454545455,0.0,0.0,0.10738255033557047,0.1,0.2,0.12,9.0,9.290322580645162,0.0,0.0,0.11409395973154363,0.0,0.15,0.14,13.0,8.606060606060606,0.0,0.0,0.1040268456375839,0.4,0.25,0.14,0.0,9.8,1.0,1.0,0.12751677852348994,0.0,0.0,0.14,21.0,7.378378378378378,0.0,0.0,0.10738255033557047,0.2,0.15,0.1,3.0,9.32258064516129,0.0,0.0,0.07718120805369127,0.2,0.1,0.12,3.0,12.727272727272727,0.0,0.0,0.07718120805369127,0.0,0.0,0.08,28.0,12.181818181818182,0.0,0.0,0.11409395973154363,0.3,0.15,0.18,0.0,8.93939393939394,1.0,1.0,0.1040268456375839,0.1,0.1,0.1,8.0,9.366666666666667,0.0,0.0,0.087248322147651,0.2,0.1,0.06,2.0,11.32,0.0,0.0,0.12080536912751678,0.2,0.2,0.16,3.0,8.4,0.0,0.0,0.09731543624161074,0.0,0.05,0.08,18.0,9.928571428571429,0.0,0.0,0.11073825503355705,0.0,0.0,0.1,22.0,8.59375,0.0,0.0,0.09395973154362416,0.1,0.05,0.06,6.0,9.962962962962964,0.0,0.0,0.12080536912751678,0.2,0.1,0.06,2.0,8.285714285714286,0.0,0.0,0.09060402684563758,0.0,0.05,0.1,18.0,9.5,0.0,0.0,0.09060402684563758,0.0,0.1,0.1,12.0,10.653846153846153,0.0,0.0,0.09731543624161074,0.1,0.15,0.12,1.0,10.535714285714286,0.0,1.0,0.11409395973154363,0.1,0.1,0.06,5.0,8.606060606060606,0.0,0.0,0.09731543624161074,0.1,0.05,0.16,1.0,10.178571428571429,0.0,1.0,0.07718120805369127,0.0,0.1,0.06,10.0,13.0,0.0,0.0,0.1040268456375839,0.0,0.05,0.12,18.0,9.0,0.0,0.0,0.12751677852348994,0.1,0.05,0.08,6.0,7.54054054054054,0.0,0.0,0.1174496644295302,0.1,0.1,0.12,9.0,8.470588235294118,0.0,0.0,0.09060402684563758,0.0,0.05,0.02,16.0,10.538461538461538,0.0,0.0,103.0,4.0,23.0,1.0,2.0,2.0,0.0,298.0,4.0,1.0,2.0,0,0,0,0,0,0,0,1,0,0,0,0,0,0,0,0,0,0,0,0,0,1,0,0,0,0,0,0,0,0,0,0,0,0,0,1,0,0,0,0,0,0,0,0,1,0,0,1
2026-04-09,0.16387959866220736,0.2,0.15,0.2,8.0,6.0,0.0,0.0,0.10033444816053512,0.1,0.1,0.06,6.0,9.96551724137931,0.0,0.0,0.09698996655518395,0.1,0.1,0.1,5.0,10.25,0.0,0.0,0.12374581939799331,0.3,0.25,0.2,3.0,7.361111111111111,0.0,0.0,0.11705685618729098,0.2,0.15,0.14,3.0,8.588235294117647,0.0,0.0,0.10033444816053512,0.1,0.3,0.2,8.0,9.862068965517242,0.0,0.0,0.12040133779264214,0.1,0.2,0.08,9.0,7.571428571428571,0.0,0.0,0.10033444816053512,0.3,0.2,0.12,0.0,10.03448275862069,1.0,1.0,0.12040133779264214,0.1,0.05,0.12,5.0,8.17142857142857,0.0,0.0,0.13712374581939799,0.2,0.1,0.08,4.0,7.1,0.0,0.0,0.11705685618729098,0.0,0.1,0.14,13.0,8.264705882352942,0.0,0.0,0.08695652173913043,0.0,0.05,0.06,18.0,10.88,0.0,0.0,0.08695652173913043,0.2,0.15,0.08,2.0,11.28,0.0,0.0,0.09364548494983277,0.0,0.05,0.12,10.0,9.74074074074074,0.0,0.0,0.08695652173913043,0.0,0.0,0.06,32.0,9.8,0.0,0.0,0.09698996655518395,0.2,0.2,0.14,1.0,10.428571428571429,0.0,1.0,0.0802675585284281,0.0,0.0,0.04,27.0,11.695652173913043,0.0,0.0,0.10033444816053512,0.0,0.05,0.06,17.0,9.551724137931034,0.0,0.0,0.11036789297658862,0.0,0.1,0.1,15.0,8.65625,0.0,0.0,0.12709030100334448,0.0,0.1,0.08,12.0,7.621621621621622,0.0,0.0,0.08695652173913043,0.0,0.0,0.02,22.0,11.0,0.0,0.0,0.09698996655518395,0.2,0.1,0.1,0.0,10.357142857142858,1.0,1.0,0.07692307692307693,0.1,0.05,0.08,3.0,12.454545454545455,0.0,0.0,0.10702341137123746,0.0,0.2,0.12,10.0,9.290322580645162,0.0,0.0,0.11371237458193979,0.0,0.1,0.12,14.0,8.606060606060606,0.0,0.0,0.10367892976588629,0.4,0.25,0.14,1.0,9.8,0.0,1.0,0.12709030100334448,0.0,0.0,0.14,22.0,7.378378378378378,0.0,0.0,0.10702341137123746,0.2,0.15,0.1,4.0,9.32258064516129,0.0,0.0,0.07692307692307693,0.2,0.1,0.12,4.0,12.727272727272727,0.0,0.0,0.07692307692307693,0.0,0.0,0.08,29.0,12.181818181818182,0.0,0.0,0.11371237458193979,0.3,0.15,0.18,1.0,8.93939393939394,0.0,1.0,0.10367892976588629,0.1,0.05,0.1,9.0,9.366666666666667,0.0,0.0,0.08695652173913043,0.2,0.1,0.06,3.0,11.32,0.0,0.0,0.12040133779264214,0.2,0.2,0.16,4.0,8.4,0.0,0.0,0.09698996655518395,0.0,0.05,0.08,19.0,9.928571428571429,0.0,0.0,0.11371237458193979,0.1,0.05,0.12,0.0,9.030303030303031,1.0,1.0,0.09364548494983277,0.1,0.05,0.06,7.0,9.962962962962964,0.0,0.0,0.12040133779264214,0.2,0.1,0.06,3.0,8.285714285714286,0.0,0.0,0.0903010033444816,0.0,0.05,0.1,19.0,9.5,0.0,0.0,0.0903010033444816,0.0,0.1,0.1,13.0,10.653846153846153,0.0,0.0,0.09698996655518395,0.1,0.15,0.12,2.0,10.535714285714286,0.0,0.0,0.11371237458193979,0.1,0.1,0.06,6.0,8.606060606060606,0.0,0.0,0.09698996655518395,0.1,0.05,0.16,2.0,10.178571428571429,0.0,0.0,0.07692307692307693,0.0,0.1,0.06,11.0,13.0,0.0,0.0,0.10702341137123746,0.1,0.1,0.14,0.0,9.32258064516129,1.0,1.0,0.12709030100334448,0.1,0.05,0.08,7.0,7.54054054054054,0.0,0.0,0.11705685618729098,0.0,0.1,0.12,10.0,8.470588235294118,0.0,0.0,0.09364548494983277,0.1,0.1,0.04,0.0,10.777777777777779,1.0,1.0,159.0,4.0,40.0,1.0,1.0,1.0,2.0,299.0,4.0,6.0,0.0,0,0,0,0,0,0,0,0,0,1,0,0,0,0,0,0,0,0,0,1,0,0,0,0,0,0,0,0,0,1,1,0,0,0,0,0,0,0,0,0,0,0,0,0,0,0,0,1
2026-04-12,0.16333333333333333,0.1,0.15,0.2,9.0,6.0,0.0,0.0,0.1,0.1,0.1,0.06,7.0,9.96551724137931,0.0,0.0,0.09666666666666666,0.1,0.1,0.08,6.0,10.25,0.0,0.0,0.12333333333333334,0.2,0.25,0.2,4.0,7.361111111111111,0.0,0.0,0.11666666666666667,0.2,0.15,0.14,4.0,8.588235294117647,0.0,0.0,0.1,0.1,0.3,0.2,9.0,9.862068965517242,0.0,0.0,0.12,0.0,0.2,0.08,10.0,7.571428571428571,0.0,0.0,0.1,0.3,0.2,0.12,1.0,10.03448275862069,0.0,1.0,0.12,0.1,0.05,0.12,6.0,8.17142857142857,0.0,0.0,0.14,0.3,0.15,0.1,0.0,7.048780487804878,1.0,1.0,0.11666666666666667,0.0,0.1,0.12,14.0,8.264705882352942,0.0,0.0,0.08666666666666667,0.0,0.05,0.04,19.0,10.88,0.0,0.0,0.08666666666666667,0.2,0.15,0.08,3.0,11.28,0.0,0.0,0.09333333333333334,0.0,0.05,0.1,11.0,9.74074074074074,0.0,0.0,0.08666666666666667,0.0,0.0,0.04,33.0,9.8,0.0,0.0,0.09666666666666666,0.2,0.2,0.14,2.0,10.428571428571429,0.0,0.0,0.08,0.0,0.0,0.04,28.0,11.695652173913043,0.0,0.0,0.1,0.0,0.05,0.06,18.0,9.551724137931034,0.0,0.0,0.11,0.0,0.1,0.1,16.0,8.65625,0.0,0.0,0.13,0.1,0.15,0.1,0.0,7.7631578947368425,1.0,1.0,0.08666666666666667,0.0,0.0,0.02,23.0,11.0,0.0,0.0,0.09666666666666666,0.2,0.1,0.1,1.0,10.357142857142858,0.0,1.0,0.07666666666666666,0.1,0.05,0.08,4.0,12.454545454545455,0.0,0.0,0.10666666666666667,0.0,0.15,0.12,11.0,9.290322580645162,0.0,0.0,0.11333333333333333,0.0,0.1,0.12,15.0,8.606060606060606,0.0,0.0,0.10333333333333333,0.4,0.25,0.14,2.0,9.8,0.0,0.0,0.12666666666666668,0.0,0.0,0.14,23.0,7.378378378378378,0.0,0.0,0.10666666666666667,0.1,0.15,0.1,5.0,9.32258064516129,0.0,0.0,0.07666666666666666,0.2,0.1,0.12,5.0,12.727272727272727,0.0,0.0,0.08,0.1,0.05,0.1,0.0,12.956521739130435,1.0,1.0,0.11666666666666667,0.4,0.2,0.2,0.0,8.735294117647058,1.0,1.0,0.10333333333333333,0.0,0.05,0.1,10.0,9.366666666666667,0.0,0.0,0.08666666666666667,0.2,0.1,0.06,4.0,11.32,0.0,0.0,0.12,0.2,0.2,0.16,5.0,8.4,0.0,0.0,0.09666666666666666,0.0,0.0,0.08,20.0,9.928571428571429,0.0,0.0,0.11333333333333333,0.1,0.05,0.12,1.0,9.030303030303031,0.0,1.0,0.09333333333333334,0.1,0.05,0.06,8.0,9.962962962962964,0.0,0.0,0.12,0.2,0.1,0.06,4.0,8.285714285714286,0.0,0.0,0.09,0.0,0.0,0.1,20.0,9.5,0.0,0.0,0.09,0.0,0.1,0.1,14.0,10.653846153846153,0.0,0.0,0.09666666666666666,0.1,0.15,0.12,3.0,10.535714285714286,0.0,0.0,0.11333333333333333,0.1,0.1,0.06,7.0,8.606060606060606,0.0,0.0,0.09666666666666666,0.1,0.05,0.16,3.0,10.178571428571429,0.0,0.0,0.07666666666666666,0.0,0.1,0.06,12.0,13.0,0.0,0.0,0.10666666666666667,0.1,0.05,0.14,1.0,9.32258064516129,0.0,1.0,0.12666666666666668,0.1,0.05,0.08,8.0,7.54054054054054,0.0,0.0,0.11666666666666667,0.0,0.05,0.12,11.0,8.470588235294118,0.0,0.0,0.09666666666666666,0.2,0.15,0.06,0.0,10.428571428571429,1.0,1.0,139.0,4.0,38.0,1.0,1.0,2.0,1.0,300.0,4.0,9.0,3.0,0,0,0,0,0,1,0,0,0,0,1,0,0,1,0,0,0,0,0,0,0,0,1,0,0,0,0,0,0,0,0,0,0,0,0,1,0,0,0,0,0,0,0,0,0,0,0,0
2026-04-15,0.16279069767441862,0.0,0.15,0.2,10.0,6.0,0.0,0.0,0.09966777408637874,0.1,0.1,0.06,8.0,9.96551724137931,0.0,0.0,0.09634551495016612,0.1,0.1,0.08,7.0,10.25,0.0,0.0,0.12292358803986711,0.2,0.25,0.2,5.0,7.361111111111111,0.0,0.0,0.11627906976744186,0.2,0.15,0.14,5.0,8.588235294117647,0.0,0.0,0.10299003322259136,0.1,0.3,0.22,0.0,9.866666666666667,1.0,1.0,0.11960132890365449,0.0,0.2,0.08,11.0,7.571428571428571,0.0,0.0,0.09966777408637874,0.3,0.2,0.12,2.0,10.03448275862069,0.0,0.0,0.11960132890365449,0.1,0.05,0.12,7.0,8.17142857142857,0.0,0.0,0.13953488372093023,0.2,0.15,0.1,1.0,7.048780487804878,0.0,1.0,0.11960132890365449,0.1,0.15,0.12,0.0,8.457142857142857,1.0,1.0,0.08637873754152824,0.0,0.0,0.04,20.0,10.88,0.0,0.0,0.08637873754152824,0.1,0.15,0.08,4.0,11.28,0.0,0.0,0.09634551495016612,0.1,0.1,0.12,0.0,9.821428571428571,1.0,1.0,0.08637873754152824,0.0,0.0,0.04,34.0,9.8,0.0,0.0,0.09634551495016612,0.2,0.15,0.14,3.0,10.428571428571429,0.0,0.0,0.07973421926910298,0.0,0.0,0.04,29.0,11.695652173913043,0.0,0.0,0.09966777408637874,0.0,0.05,0.06,19.0,9.551724137931034,0.0,0.0,0.10963455149501661,0.0,0.05,0.1,17.0,8.65625,0.0,0.0,0.12956810631229235,0.1,0.15,0.1,1.0,7.7631578947368425,0.0,1.0,0.08637873754152824,0.0,0.0,0.02,24.0,11.0,0.0,0.0,0.09634551495016612,0.2,0.1,0.1,2.0,10.357142857142858,0.0,0.0,0.07973421926910298,0.2,0.1,0.1,0.0,12.130434782608695,1.0,1.0,0.10631229235880399,0.0,0.15,0.12,12.0,9.290322580645162,0.0,0.0,0.11295681063122924,0.0,0.05,0.12,16.0,8.606060606060606,0.0,0.0,0.10299003322259136,0.4,0.25,0.14,3.0,9.8,0.0,0.0,0.12624584717607973,0.0,0.0,0.14,24.0,7.378378378378378,0.0,0.0,0.10631229235880399,0.1,0.15,0.1,6.0,9.32258064516129,0.0,0.0,0.07641196013289037,0.2,0.1,0.12,6.0,12.727272727272727,0.0,0.0,0.07973421926910298,0.1,0.05,0.08,1.0,12.956521739130435,0.0,1.0,0.11627906976744186,0.4,0.2,0.18,1.0,8.735294117647058,0.0,1.0,0.10299003322259136,0.0,0.05,0.1,11.0,9.366666666666667,0.0,0.0,0.08637873754152824,0.2,0.1,0.06,5.0,11.32,0.0,0.0,0.11960132890365449,0.1,0.2,0.16,6.0,8.4,0.0,0.0,0.09634551495016612,0.0,0.0,0.08,21.0,9.928571428571429,0.0,0.0,0.11627906976744186,0.2,0.1,0.14,0.0,8.823529411764707,1.0,1.0,0.09302325581395349,0.1,0.05,0.04,9.0,9.962962962962964,0.0,0.0,0.11960132890365449,0.2,0.1,0.06,5.0,8.285714285714286,0.0,0.0,0.08970099667774087,0.0,0.0,0.1,21.0,9.5,0.0,0.0,0.08970099667774087,0.0,0.1,0.1,15.0,10.653846153846153,0.0,0.0,0.09634551495016612,0.1,0.15,0.12,4.0,10.535714285714286,0.0,0.0,0.11295681063122924,0.1,0.1,0.06,8.0,8.606060606060606,0.0,0.0,0.09634551495016612,0.1,0.05,0.16,4.0,10.178571428571429,0.0,0.0,0.07641196013289037,0.0,0.1,0.06,13.0,13.0,0.0,0.0,0.10631229235880399,0.1,0.05,0.14,2.0,9.32258064516129,0.0,0.0,0.12624584717607973,0.1,0.05,0.06,9.0,7.54054054054054,0.0,0.0,0.11627906976744186,0.0,0.05,0.12,12.0,8.470588235294118,0.0,0.0,0.09634551495016612,0.2,0.15,0.06,1.0,10.428571428571429,0.0,1.0,90.0,3.0,30.0,2.0,2.0,1.0,0.0,301.0,4.0,12.0,6.0,0,0,0,1,0,0,1,0,0,0,0,0,0,0,1,0,0,1,0,0,0,0,0,0,0,0,0,0,0,0,0,0,0,0,0,0,0,0,0,0,0,0,0,0,0,0,1,0
2026-04-20,0.16225165562913907,0.0,0.15,0.2,11.0,6.0,0.0,0.0,0.09933774834437085,0.1,0.1,0.06,9.0,9.96551724137931,0.0,0.0,0.09602649006622517,0.1,0.1,0.08,8.0,10.25,0.0,0.0,0.12582781456953643,0.3,0.3,0.22,0.0,7.324324324324325,1.0,1.0,0.11589403973509933,0.1,0.15,0.14,6.0,8.588235294117647,0.0,0.0,0.10264900662251655,0.1,0.3,0.22,1.0,9.866666666666667,0.0,1.0,0.12251655629139073,0.1,0.2,0.1,0.0,7.694444444444445,1.0,1.0,0.09933774834437085,0.3,0.2,0.12,3.0,10.03448275862069,0.0,0.0,0.11920529801324503,0.1,0.05,0.1,8.0,8.17142857142857,0.0,0.0,0.1390728476821192,0.2,0.15,0.1,2.0,7.048780487804878,0.0,0.0,0.11920529801324503,0.1,0.15,0.12,1.0,8.457142857142857,0.0,1.0,0.08609271523178808,0.0,0.0,0.04,21.0,10.88,0.0,0.0,0.08609271523178808,0.1,0.15,0.08,5.0,11.28,0.0,0.0,0.09602649006622517,0.1,0.1,0.12,1.0,9.821428571428571,0.0,1.0,0.08940397350993377,0.1,0.05,0.06,0.0,10.76923076923077,1.0,1.0,0.09602649006622517,0.2,0.15,0.14,4.0,10.428571428571429,0.0,0.0,0.07947019867549669,0.0,0.0,0.04,30.0,11.695652173913043,0.0,0.0,0.10264900662251655,0.1,0.05,0.08,0.0,9.9,1.0,1.0,0.10927152317880795,0.0,0.05,0.08,18.0,8.65625,0.0,0.0,0.1291390728476821,0.1,0.15,0.1,2.0,7.7631578947368425,0.0,0.0,0.08609271523178808,0.0,0.0,0.02,25.0,11.0,0.0,0.0,0.09602649006622517,0.2,0.1,0.1,3.0,10.357142857142858,0.0,0.0,0.07947019867549669,0.2,0.1,0.1,1.0,12.130434782608695,0.0,1.0,0.10596026490066225,0.0,0.15,0.12,13.0,9.290322580645162,0.0,0.0,0.11258278145695365,0.0,0.05,0.1,17.0,8.606060606060606,0.0,0.0,0.10264900662251655,0.3,0.25,0.14,4.0,9.8,0.0,0.0,0.12582781456953643,0.0,0.0,0.14,25.0,7.378378378378378,0.0,0.0,0.10596026490066225,0.1,0.15,0.1,7.0,9.32258064516129,0.0,0.0,0.076158940397351,0.2,0.1,0.12,7.0,12.727272727272727,0.0,0.0,0.07947019867549669,0.1,0.05,0.08,2.0,12.956521739130435,0.0,0.0,0.11589403973509933,0.3,0.2,0.16,2.0,8.735294117647058,0.0,0.0,0.10264900662251655,0.0,0.05,0.1,12.0,9.366666666666667,0.0,0.0,0.08609271523178808,0.2,0.1,0.06,6.0,11.32,0.0,0.0,0.11920529801324503,0.1,0.2,0.16,7.0,8.4,0.0,0.0,0.09602649006622517,0.0,0.0,0.08,22.0,9.928571428571429,0.0,0.0,0.11589403973509933,0.2,0.1,0.14,1.0,8.823529411764707,0.0,1.0,0.09271523178807947,0.0,0.05,0.04,10.0,9.962962962962964,0.0,0.0,0.11920529801324503,0.2,0.1,0.06,6.0,8.285714285714286,0.0,0.0,0.08940397350993377,0.0,0.0,0.1,22.0,9.5,0.0,0.0,0.08940397350993377,0.0,0.1,0.1,16.0,10.653846153846153,0.0,0.0,0.09602649006622517,0.1,0.15,0.12,5.0,10.535714285714286,0.0,0.0,0.11258278145695365,0.1,0.05,0.06,9.0,8.606060606060606,0.0,0.0,0.09602649006622517,0.1,0.05,0.14,5.0,10.178571428571429,0.0,0.0,0.076158940397351,0.0,0.05,0.06,14.0,13.0,0.0,0.0,0.10596026490066225,0.1,0.05,0.14,3.0,9.32258064516129,0.0,0.0,0.12582781456953643,0.0,0.05,0.06,10.0,7.54054054054054,0.0,0.0,0.11920529801324503,0.1,0.1,0.14,0.0,8.6,1.0,1.0,0.09602649006622517,0.2,0.1,0.06,2.0,10.428571428571429,0.0,0.0,91.0,2.0,43.0,2.0,2.0,0.0,1.0,302.0,4.0,15.0,2.0,0,0,0,0,0,0,0,0,0,0,0,0,0,0,0,0,0,1,0,0,0,0,0,0,1,0,0,0,0,0,0,0,0,0,0,0,0,0,0,1,0,1,0,1,0,0,0,0
2026-04-23,0.1617161716171617,0.0,0.15,0.2,12.0,6.0,0.0,0.0,0.09900990099009901,0.0,0.1,0.06,10.0,9.96551724137931,0.0,0.0,0.09570957095709572,0.1,0.1,0.08,9.0,10.25,0.0,0.0,0.1254125412541254,0.2,0.3,0.22,1.0,7.324324324324325,0.0,1.0,0.11551155115511551,0.1,0.15,0.14,7.0,8.588235294117647,0.0,0.0,0.10231023102310231,0.1,0.25,0.22,2.0,9.866666666666667,0.0,0.0,0.12211221122112212,0.1,0.2,0.1,1.0,7.694444444444445,0.0,1.0,0.09900990099009901,0.3,0.2,0.12,4.0,10.03448275862069,0.0,0.0,0.1188118811881188,0.1,0.05,0.08,9.0,8.17142857142857,0.0,0.0,0.13861386138613863,0.2,0.15,0.1,3.0,7.048780487804878,0.0,0.0,0.1188118811881188,0.1,0.1,0.12,2.0,8.457142857142857,0.0,0.0,0.0858085808580858,0.0,0.0,0.04,22.0,10.88,0.0,0.0,0.0858085808580858,0.1,0.15,0.08,6.0,11.28,0.0,0.0,0.09570957095709572,0.1,0.1,0.1,2.0,9.821428571428571,0.0,0.0,0.0891089108910891,0.1,0.05,0.06,1.0,10.76923076923077,0.0,1.0,0.09570957095709572,0.2,0.1,0.14,5.0,10.428571428571429,0.0,0.0,0.07920792079207921,0.0,0.0,0.04,31.0,11.695652173913043,0.0,0.0,0.10561056105610561,0.2,0.1,0.08,0.0,9.612903225806452,1.0,1.0,0.10891089108910891,0.0,0.05,0.08,19.0,8.65625,0.0,0.0,0.12871287128712872,0.1,0.15,0.1,3.0,7.7631578947368425,0.0,0.0,0.0858085808580858,0.0,0.0,0.02,26.0,11.0,0.0,0.0,0.09570957095709572,0.2,0.1,0.1,4.0,10.357142857142858,0.0,0.0,0.07920792079207921,0.2,0.1,0.1,2.0,12.130434782608695,0.0,0.0,0.10561056105610561,0.0,0.15,0.12,14.0,9.290322580645162,0.0,0.0,0.11551155115511551,0.1,0.1,0.12,0.0,8.882352941176471,1.0,1.0,0.10231023102310231,0.3,0.2,0.14,5.0,9.8,0.0,0.0,0.1254125412541254,0.0,0.0,0.14,26.0,7.378378378378378,0.0,0.0,0.10561056105610561,0.1,0.15,0.1,8.0,9.32258064516129,0.0,0.0,0.07590759075907591,0.1,0.1,0.12,8.0,12.727272727272727,0.0,0.0,0.07920792079207921,0.1,0.05,0.08,3.0,12.956521739130435,0.0,0.0,0.11551155115511551,0.3,0.2,0.16,3.0,8.735294117647058,0.0,0.0,0.10231023102310231,0.0,0.05,0.1,13.0,9.366666666666667,0.0,0.0,0.0858085808580858,0.1,0.1,0.06,7.0,11.32,0.0,0.0,0.1188118811881188,0.1,0.15,0.16,8.0,8.4,0.0,0.0,0.09570957095709572,0.0,0.0,0.08,23.0,9.928571428571429,0.0,0.0,0.11551155115511551,0.2,0.1,0.14,2.0,8.823529411764707,0.0,0.0,0.0924092409240924,0.0,0.05,0.04,11.0,9.962962962962964,0.0,0.0,0.1188118811881188,0.2,0.1,0.06,7.0,8.285714285714286,0.0,0.0,0.0891089108910891,0.0,0.0,0.08,23.0,9.5,0.0,0.0,0.0924092409240924,0.1,0.15,0.12,0.0,10.88888888888889,1.0,1.0,0.09570957095709572,0.1,0.15,0.1,6.0,10.535714285714286,0.0,0.0,0.11551155115511551,0.1,0.1,0.08,0.0,8.647058823529411,1.0,1.0,0.09570957095709572,0.1,0.05,0.14,6.0,10.178571428571429,0.0,0.0,0.07920792079207921,0.1,0.1,0.08,0.0,13.08695652173913,1.0,1.0,0.10561056105610561,0.1,0.05,0.14,4.0,9.32258064516129,0.0,0.0,0.1254125412541254,0.0,0.05,0.06,11.0,7.54054054054054,0.0,0.0,0.1188118811881188,0.1,0.1,0.14,1.0,8.6,0.0,1.0,0.09570957095709572,0.2,0.1,0.06,3.0,10.428571428571429,0.0,0.0,169.0,4.0,26.0,0.0,1.0,1.0,3.0,303.0,4.0,20.0,0.0,0,1,0,0,0,0,1,1,0,0,0,0,0,0,0,0,0,0,0,0,0,0,0,0,0,0,0,0,1,0,0,0,1,0,0,0,0,0,0,0,0,0,0,0,0,0,0,0
2026-04-26,0.1611842105263158,0.0,0.15,0.2,13.0,6.0,0.0,0.0,0.10197368421052631,0.1,0.1,0.08,0.0,10.0,1.0,1.0,0.09539473684210527,0.0,0.1,0.08,10.0,10.25,0.0,0.0,0.125,0.2,0.3,0.22,2.0,7.324324324324325,0.0,0.0,0.11513157894736842,0.1,0.15,0.14,8.0,8.588235294117647,0.0,0.0,0.10197368421052631,0.1,0.25,0.22,3.0,9.866666666666667,0.0,0.0,0.125,0.2,0.25,0.12,0.0,7.54054054054054,1.0,1.0,0.10197368421052631,0.3,0.25,0.14,0.0,9.866666666666667,1.0,1.0,0.11842105263157894,0.0,0.05,0.06,10.0,8.17142857142857,0.0,0.0,0.13815789473684212,0.2,0.15,0.1,4.0,7.048780487804878,0.0,0.0,0.11842105263157894,0.1,0.1,0.12,3.0,8.457142857142857,0.0,0.0,0.08552631578947369,0.0,0.0,0.04,23.0,10.88,0.0,0.0,0.08552631578947369,0.1,0.15,0.08,7.0,11.28,0.0,0.0,0.09539473684210527,0.1,0.1,0.1,3.0,9.821428571428571,0.0,0.0,0.08881578947368421,0.1,0.05,0.06,2.0,10.76923076923077,0.0,0.0,0.09539473684210527,0.2,0.1,0.12,6.0,10.428571428571429,0.0,0.0,0.07894736842105263,0.0,0.0,0.04,32.0,11.695652173913043,0.0,0.0,0.10526315789473684,0.2,0.1,0.08,1.0,9.612903225806452,0.0,1.0,0.10855263157894737,0.0,0.0,0.08,20.0,8.65625,0.0,0.0,0.12828947368421054,0.1,0.1,0.1,4.0,7.7631578947368425,0.0,0.0,0.08552631578947369,0.0,0.0,0.02,27.0,11.0,0.0,0.0,0.09539473684210527,0.2,0.1,0.1,5.0,10.357142857142858,0.0,0.0,0.07894736842105263,0.2,0.1,0.1,3.0,12.130434782608695,0.0,0.0,0.10526315789473684,0.0,0.1,0.12,15.0,9.290322580645162,0.0,0.0,0.11513157894736842,0.1,0.1,0.12,1.0,8.882352941176471,0.0,1.0,0.10197368421052631,0.2,0.2,0.12,6.0,9.8,0.0,0.0,0.125,0.0,0.0,0.14,27.0,7.378378378378378,0.0,0.0,0.10526315789473684,0.1,0.15,0.1,9.0,9.32258064516129,0.0,0.0,0.07894736842105263,0.2,0.15,0.14,0.0,12.565217391304348,1.0,1.0,0.07894736842105263,0.1,0.05,0.08,4.0,12.956521739130435,0.0,0.0,0.11513157894736842,0.3,0.2,0.16,4.0,8.735294117647058,0.0,0.0,0.10197368421052631,0.0,0.05,0.1,14.0,9.366666666666667,0.0,0.0,0.08881578947368421,0.2,0.15,0.08,0.0,11.192307692307692,1.0,1.0,0.11842105263157894,0.1,0.15,0.14,9.0,8.4,0.0,0.0,0.09539473684210527,0.0,0.0,0.08,24.0,9.928571428571429,0.0,0.0,0.11513157894736842,0.2,0.1,0.14,3.0,8.823529411764707,0.0,0.0,0.09210526315789473,0.0,0.05,0.04,12.0,9.962962962962964,0.0,0.0,0.11842105263157894,0.1,0.1,0.06,8.0,8.285714285714286,0.0,0.0,0.08881578947368421,0.0,0.0,0.08,24.0,9.5,0.0,0.0,0.09210526315789473,0.1,0.1,0.12,1.0,10.88888888888889,0.0,1.0,0.09539473684210527,0.1,0.15,0.1,7.0,10.535714285714286,0.0,0.0,0.11513157894736842,0.1,0.1,0.08,1.0,8.647058823529411,0.0,1.0,0.09539473684210527,0.1,0.05,0.14,7.0,10.178571428571429,0.0,0.0,0.07894736842105263,0.1,0.1,0.08,1.0,13.08695652173913,0.0,1.0,0.10526315789473684,0.1,0.05,0.14,5.0,9.32258064516129,0.0,0.0,0.125,0.0,0.05,0.04,12.0,7.54054054054054,0.0,0.0,0.11842105263157894,0.1,0.1,0.14,2.0,8.6,0.0,0.0,0.09539473684210527,0.2,0.1,0.06,4.0,10.428571428571429,0.0,0.0,79.0,2.0,31.0,3.0,0.0,2.0,0.0,304.0,4.0,23.0,3.0,0,0,0,0,0,0,0,0,0,0,1,1,0,0,0,0,0,0,0,0,0,0,0,0,1,0,1,0,0,0,0,0,1,0,0,0,0,0,0,0,0,0,0,0,0,0,0,0
2026-04-29,0.16065573770491803,0.0,0.15,0.2,14.0,6.0,0.0,0.0,0.10163934426229508,0.1,0.1,0.08,1.0,10.0,0.0,1.0,0.09508196721311475,0.0,0.05,0.08,11.0,10.25,0.0,0.0,0.12459016393442623,0.2,0.3,0.2,3.0,7.324324324324325,0.0,0.0,0.11475409836065574,0.1,0.15,0.14,9.0,8.588235294117647,0.0,0.0,0.10163934426229508,0.1,0.2,0.22,4.0,9.866666666666667,0.0,0.0,0.12459016393442623,0.2,0.25,0.12,1.0,7.54054054054054,0.0,1.0,0.10163934426229508,0.3,0.25,0.14,1.0,9.866666666666667,0.0,1.0,0.1180327868852459,0.0,0.05,0.06,11.0,8.17142857142857,0.0,0.0,0.1377049180327869,0.1,0.15,0.1,5.0,7.048780487804878,0.0,0.0,0.12131147540983607,0.2,0.15,0.14,0.0,8.333333333333334,1.0,1.0,0.08852459016393442,0.1,0.05,0.06,0.0,11.384615384615385,1.0,1.0,0.08524590163934426,0.1,0.15,0.08,8.0,11.28,0.0,0.0,0.09508196721311475,0.1,0.1,0.1,4.0,9.821428571428571,0.0,0.0,0.08852459016393442,0.1,0.05,0.06,3.0,10.76923076923077,0.0,0.0,0.09508196721311475,0.2,0.1,0.12,7.0,10.428571428571429,0.0,0.0,0.07868852459016394,0.0,0.0,0.04,33.0,11.695652173913043,0.0,0.0,0.10491803278688525,0.2,0.1,0.08,2.0,9.612903225806452,0.0,0.0,0.10819672131147541,0.0,0.0,0.08,21.0,8.65625,0.0,0.0,0.12786885245901639,0.1,0.1,0.1,5.0,7.7631578947368425,0.0,0.0,0.08524590163934426,0.0,0.0,0.02,28.0,11.0,0.0,0.0,0.09508196721311475,0.2,0.1,0.1,6.0,10.357142857142858,0.0,0.0,0.07868852459016394,0.2,0.1,0.1,4.0,12.130434782608695,0.0,0.0,0.10491803278688525,0.0,0.1,0.12,16.0,9.290322580645162,0.0,0.0,0.1180327868852459,0.2,0.1,0.14,0.0,8.685714285714285,1.0,1.0,0.10163934426229508,0.1,0.2,0.12,7.0,9.8,0.0,0.0,0.12786885245901639,0.1,0.05,0.14,0.0,7.921052631578948,1.0,1.0,0.10491803278688525,0.0,0.1,0.1,10.0,9.32258064516129,0.0,0.0,0.07868852459016394,0.1,0.15,0.14,1.0,12.565217391304348,0.0,1.0,0.07868852459016394,0.1,0.05,0.08,5.0,12.956521739130435,0.0,0.0,0.11475409836065574,0.3,0.2,0.14,5.0,8.735294117647058,0.0,0.0,0.10163934426229508,0.0,0.05,0.08,15.0,9.366666666666667,0.0,0.0,0.09180327868852459,0.3,0.2,0.1,0.0,10.814814814814815,1.0,1.0,0.1180327868852459,0.0,0.15,0.14,10.0,8.4,0.0,0.0,0.09508196721311475,0.0,0.0,0.08,25.0,9.928571428571429,0.0,0.0,0.11475409836065574,0.2,0.1,0.14,4.0,8.823529411764707,0.0,0.0,0.09180327868852459,0.0,0.05,0.04,13.0,9.962962962962964,0.0,0.0,0.1180327868852459,0.1,0.1,0.06,9.0,8.285714285714286,0.0,0.0,0.08852459016393442,0.0,0.0,0.08,25.0,9.5,0.0,0.0,0.09180327868852459,0.1,0.1,0.12,2.0,10.88888888888889,0.0,0.0,0.09508196721311475,0.1,0.1,0.1,8.0,10.535714285714286,0.0,0.0,0.11475409836065574,0.1,0.1,0.06,2.0,8.647058823529411,0.0,0.0,0.09508196721311475,0.1,0.05,0.14,8.0,10.178571428571429,0.0,0.0,0.07868852459016394,0.1,0.1,0.08,2.0,13.08695652173913,0.0,0.0,0.10491803278688525,0.1,0.05,0.14,6.0,9.32258064516129,0.0,0.0,0.12459016393442623,0.0,0.05,0.04,13.0,7.54054054054054,0.0,0.0,0.1180327868852459,0.1,0.1,0.14,3.0,8.6,0.0,0.0,0.09508196721311475,0.2,0.1,0.06,5.0,10.428571428571429,0.0,0.0,108.0,1.0,22.0,2.0,0.0,3.0,0.0,305.0,4.0,26.0,6.0,1,0,0,0,0,0,0,1,0,0,0,0,0,0,0,0,0,1,1,0,0,0,0,0,0,1,0,0,0,0,0,0,0,0,0,0,0,0,0,0,0,0,0,0,0,0,0,0
2026-05-04,0.16339869281045752,0.1,0.2,0.22,0.0,6.183673469387755,1.0,1.0,0.10130718954248366,0.1,0.1,0.06,2.0,10.0,0.0,0.0,0.09477124183006536,0.0,0.05,0.08,12.0,10.25,0.0,0.0,0.12418300653594772,0.1,0.3,0.2,4.0,7.324324324324325,0.0,0.0,0.11437908496732026,0.0,0.15,0.14,10.0,8.588235294117647,0.0,0.0,0.10130718954248366,0.1,0.2,0.22,5.0,9.866666666666667,0.0,0.0,0.12418300653594772,0.2,0.2,0.12,2.0,7.54054054054054,0.0,0.0,0.10457516339869281,0.4,0.25,0.16,0.0,9.612903225806452,1.0,1.0,0.11764705882352941,0.0,0.05,0.06,12.0,8.17142857142857,0.0,0.0,0.13725490196078433,0.1,0.15,0.1,6.0,7.048780487804878,0.0,0.0,0.12091503267973856,0.2,0.1,0.14,1.0,8.333333333333334,0.0,1.0,0.08823529411764706,0.1,0.05,0.06,1.0,11.384615384615385,0.0,1.0,0.08496732026143791,0.1,0.1,0.08,9.0,11.28,0.0,0.0,0.09477124183006536,0.1,0.1,0.1,5.0,9.821428571428571,0.0,0.0,0.08823529411764706,0.1,0.05,0.06,4.0,10.76923076923077,0.0,0.0,0.09477124183006536,0.2,0.1,0.1,8.0,10.428571428571429,0.0,0.0,0.0784313725490196,0.0,0.0,0.04,34.0,11.695652173913043,0.0,0.0,0.10784313725490197,0.3,0.15,0.1,0.0,9.40625,1.0,1.0,0.1111111111111111,0.1,0.05,0.1,0.0,9.06060606060606,1.0,1.0,0.12745098039215685,0.1,0.1,0.1,6.0,7.7631578947368425,0.0,0.0,0.08496732026143791,0.0,0.0,0.02,29.0,11.0,0.0,0.0,0.09477124183006536,0.2,0.1,0.1,7.0,10.357142857142858,0.0,0.0,0.0784313725490196,0.1,0.1,0.1,5.0,12.130434782608695,0.0,0.0,0.10457516339869281,0.0,0.1,0.12,17.0,9.290322580645162,0.0,0.0,0.11764705882352941,0.2,0.1,0.12,1.0,8.685714285714285,0.0,1.0,0.10457516339869281,0.2,0.25,0.14,0.0,9.741935483870968,1.0,1.0,0.12745098039215685,0.1,0.05,0.14,1.0,7.921052631578948,0.0,1.0,0.10457516339869281,0.0,0.1,0.1,11.0,9.32258064516129,0.0,0.0,0.0784313725490196,0.1,0.15,0.12,2.0,12.565217391304348,0.0,0.0,0.0784313725490196,0.1,0.05,0.08,6.0,12.956521739130435,0.0,0.0,0.11437908496732026,0.3,0.2,0.14,6.0,8.735294117647058,0.0,0.0,0.10130718954248366,0.0,0.05,0.08,16.0,9.366666666666667,0.0,0.0,0.0915032679738562,0.2,0.2,0.1,1.0,10.814814814814815,0.0,1.0,0.11764705882352941,0.0,0.15,0.14,11.0,8.4,0.0,0.0,0.09477124183006536,0.0,0.0,0.08,26.0,9.928571428571429,0.0,0.0,0.11437908496732026,0.2,0.1,0.14,5.0,8.823529411764707,0.0,0.0,0.0915032679738562,0.0,0.05,0.04,14.0,9.962962962962964,0.0,0.0,0.11764705882352941,0.0,0.1,0.06,10.0,8.285714285714286,0.0,0.0,0.08823529411764706,0.0,0.0,0.08,26.0,9.5,0.0,0.0,0.0915032679738562,0.1,0.05,0.12,3.0,10.88888888888889,0.0,0.0,0.09477124183006536,0.1,0.1,0.1,9.0,10.535714285714286,0.0,0.0,0.11437908496732026,0.1,0.1,0.06,3.0,8.647058823529411,0.0,0.0,0.09477124183006536,0.1,0.05,0.14,9.0,10.178571428571429,0.0,0.0,0.0784313725490196,0.1,0.1,0.08,3.0,13.08695652173913,0.0,0.0,0.10457516339869281,0.1,0.05,0.14,7.0,9.32258064516129,0.0,0.0,0.12418300653594772,0.0,0.05,0.02,14.0,7.54054054054054,0.0,0.0,0.11764705882352941,0.1,0.1,0.14,4.0,8.6,0.0,0.0,0.09477124183006536,0.2,0.1,0.06,6.0,10.428571428571429,0.0,0.0,72.0,3.0,25.0,2.0,2.0,1.0,0.0,306.0,4.0,29.0,2.0,0,0,0,1,0,1,0,0,1,0,0,0,0,0,0,0,0,0,0,0,0,0,1,0,0,0,0,0,0,0,0,0,1,0,0,0,0,0,0,0,0,0,0,0,0,0,0,0
2026-05-07,0.16286644951140064,0.1,0.2,0.2,1.0,6.183673469387755,0.0,1.0,0.10097719869706841,0.1,0.1,0.06,3.0,10.0,0.0,0.0,0.09446254071661238,0.0,0.05,0.08,13.0,10.25,0.0,0.0,0.1270358306188925,0.2,0.3,0.22,0.0,7.2631578947368425,1.0,1.0,0.11400651465798045,0.0,0.1,0.14,11.0,8.588235294117647,0.0,0.0,0.10423452768729642,0.2,0.2,0.24,0.0,9.741935483870968,1.0,1.0,0.1237785016286645,0.2,0.2,0.12,3.0,7.54054054054054,0.0,0.0,0.10423452768729642,0.4,0.25,0.16,1.0,9.612903225806452,0.0,1.0,0.12052117263843648,0.1,0.1,0.08,0.0,8.305555555555555,1.0,1.0,0.13680781758957655,0.1,0.15,0.1,7.0,7.048780487804878,0.0,0.0,0.12052117263843648,0.2,0.1,0.14,2.0,8.333333333333334,0.0,0.0,0.08794788273615635,0.1,0.05,0.06,2.0,11.384615384615385,0.0,0.0,0.08469055374592833,0.0,0.1,0.08,10.0,11.28,0.0,0.0,0.09446254071661238,0.1,0.1,0.1,6.0,9.821428571428571,0.0,0.0,0.08794788273615635,0.1,0.05,0.06,5.0,10.76923076923077,0.0,0.0,0.09446254071661238,0.1,0.1,0.1,9.0,10.428571428571429,0.0,0.0,0.0781758957654723,0.0,0.0,0.04,35.0,11.695652173913043,0.0,0.0,0.10749185667752444,0.3,0.15,0.1,1.0,9.40625,0.0,1.0,0.11074918566775244,0.1,0.05,0.08,1.0,9.06060606060606,0.0,1.0,0.1270358306188925,0.1,0.05,0.1,7.0,7.7631578947368425,0.0,0.0,0.08469055374592833,0.0,0.0,0.02,30.0,11.0,0.0,0.0,0.09446254071661238,0.2,0.1,0.1,8.0,10.357142857142858,0.0,0.0,0.08143322475570032,0.2,0.15,0.12,0.0,11.875,1.0,1.0,0.10423452768729642,0.0,0.1,0.1,18.0,9.290322580645162,0.0,0.0,0.11726384364820847,0.2,0.1,0.12,2.0,8.685714285714285,0.0,0.0,0.10423452768729642,0.2,0.25,0.14,1.0,9.741935483870968,0.0,1.0,0.1270358306188925,0.1,0.05,0.14,2.0,7.921052631578948,0.0,0.0,0.10423452768729642,0.0,0.1,0.08,12.0,9.32258064516129,0.0,0.0,0.0781758957654723,0.1,0.15,0.12,3.0,12.565217391304348,0.0,0.0,0.0781758957654723,0.1,0.05,0.08,7.0,12.956521739130435,0.0,0.0,0.11400651465798045,0.2,0.2,0.12,7.0,8.735294117647058,0.0,0.0,0.10097719869706841,0.0,0.05,0.08,17.0,9.366666666666667,0.0,0.0,0.09446254071661238,0.3,0.25,0.12,0.0,10.5,1.0,1.0,0.11726384364820847,0.0,0.15,0.14,12.0,8.4,0.0,0.0,0.09446254071661238,0.0,0.0,0.08,27.0,9.928571428571429,0.0,0.0,0.11400651465798045,0.2,0.1,0.14,6.0,8.823529411764707,0.0,0.0,0.09120521172638436,0.0,0.05,0.04,15.0,9.962962962962964,0.0,0.0,0.11726384364820847,0.0,0.1,0.06,11.0,8.285714285714286,0.0,0.0,0.08794788273615635,0.0,0.0,0.08,27.0,9.5,0.0,0.0,0.09120521172638436,0.1,0.05,0.12,4.0,10.88888888888889,0.0,0.0,0.09446254071661238,0.0,0.05,0.1,10.0,10.535714285714286,0.0,0.0,0.11400651465798045,0.1,0.1,0.06,4.0,8.647058823529411,0.0,0.0,0.09446254071661238,0.0,0.05,0.14,10.0,10.178571428571429,0.0,0.0,0.0781758957654723,0.1,0.1,0.08,4.0,13.08695652173913,0.0,0.0,0.10423452768729642,0.1,0.05,0.14,8.0,9.32258064516129,0.0,0.0,0.1237785016286645,0.0,0.05,0.02,15.0,7.54054054054054,0.0,0.0,0.11726384364820847,0.1,0.1,0.14,5.0,8.6,0.0,0.0,0.09446254071661238,0.2,0.1,0.06,7.0,10.428571428571429,0.0,0.0,75.0,2.0,29.0,3.0,1.0,1.0,0.0,307.0,5.0,4.0,0.0,0,0,0,0,0,0,0,0,0,0,0,0,0,0,0,0,0,0,0,0,0,0,1,0,0,0,0,0,1,0,0,1,0,1,0,0,0,0,0,0,0,0,0,1,0,0,0,0
